# This file was generated by Animated Java via MC-Build. It is not recommended to edit this file directly.
$data merge entity $(bone_slide) {transformation: [-0.9985f,0.0109f,-0.0542f,-0.0294f,0.0183f,0.9904f,-0.1371f,-0.2485f,0.0522f,-0.1378f,-0.9891f,0.5292f,0f,0f,0f,1f],start_interpolation: 0,interpolation_duration: 1}
$data merge entity $(bone_barrel) {transformation: [-0.9985f,0.0109f,-0.0542f,0.079f,0.0183f,0.9904f,-0.1371f,-0.3307f,0.0522f,-0.1378f,-0.9891f,0.5346f,0f,0f,0f,1f],start_interpolation: 0,interpolation_duration: 1}
$data merge entity $(bone_magazine) {transformation: [-0.9985f,0.0109f,-0.0542f,-0.0415f,0.0183f,0.9904f,-0.1371f,-0.4077f,0.0522f,-0.1378f,-0.9891f,0.3528f,0f,0f,0f,1f],start_interpolation: 0,interpolation_duration: 1}
$data merge entity $(bone_grip) {transformation: [-0.9985f,0.0109f,-0.0542f,-0.0415f,0.0183f,0.9904f,-0.1371f,-0.4077f,0.0522f,-0.1378f,-0.9891f,0.3528f,0f,0f,0f,1f],start_interpolation: 0,interpolation_duration: 1}
$data merge entity $(bone_trigger) {transformation: [-0.9985f,0.0109f,-0.0542f,-0.0398f,0.0183f,0.9904f,-0.1371f,-0.3992f,0.0522f,-0.1378f,-0.9891f,0.3824f,0f,0f,0f,1f],start_interpolation: 0,interpolation_duration: 1}
$data merge entity $(bone_trigger_gaurd) {transformation: [-0.9985f,0.0109f,-0.0542f,-0.0377f,0.0183f,0.9904f,-0.1371f,-0.3662f,0.0522f,-0.1378f,-0.9891f,0.4106f,0f,0f,0f,1f],start_interpolation: 0,interpolation_duration: 1}
$data merge entity $(bone_right_arm) {transformation: [-0.9985f,-0.0542f,-0.0109f,-0.0937f,0.0183f,-0.1371f,-0.9904f,-0.4669f,0.0522f,-0.9891f,0.1378f,0.0322f,0f,0f,0f,1f],start_interpolation: 0,interpolation_duration: 1}
$data merge entity $(bone_magazine1) {transformation: [0f,0f,0f,-0.0673f,0f,0f,0f,-0.3963f,0f,0f,0f,0.409f,0f,0f,0f,1f],start_interpolation: -1,interpolation_duration: 0}
$data merge entity $(bone_left_arm) {transformation: [-0.8657f,0.3038f,0.398f,0.0957f,-0.3787f,0.1225f,-0.9174f,-0.4551f,-0.3274f,-0.9448f,0.009f,0.0463f,0f,0f,0f,1f],start_interpolation: 0,interpolation_duration: 1}
data modify entity @s data merge value {"cameras":{},"locators":{"barrel1":{"px":-0.0429806365228632,"py":-0.28003372815597116,"pz":0.6985744880472373,"ry":356.8631858170062,"rx":-7.877720313664625}}}