# This file was generated by Animated Java via MC-Build. It is not recommended to edit this file directly.
$data merge entity $(bone_slide) {transformation: [-0.9878f,0.1328f,-0.0812f,0.0026f,0.1474f,0.6302f,-0.7623f,-0.1661f,-0.0501f,-0.765f,-0.6421f,0.2197f,0f,0f,0f,1f],start_interpolation: 0,interpolation_duration: 1}
$data merge entity $(bone_barrel) {transformation: [-0.9878f,0.1328f,-0.0812f,0.0999f,0.1474f,0.6302f,-0.7623f,-0.2333f,-0.0501f,-0.765f,-0.6421f,0.2871f,0f,0f,0f,1f],start_interpolation: 0,interpolation_duration: 1}
$data merge entity $(bone_magazine) {transformation: [0f,0f,0f,-0.0768f,0f,0f,0f,-0.617f,0f,0f,0f,0.4584f,0f,0f,0f,1f],start_interpolation: 0,interpolation_duration: 1}
$data merge entity $(bone_grip) {transformation: [-0.9878f,0.1328f,-0.0812f,-0.0312f,0.1474f,0.6302f,-0.7623f,-0.4004f,-0.0501f,-0.765f,-0.6421f,0.1954f,0f,0f,0f,1f],start_interpolation: 0,interpolation_duration: 1}
$data merge entity $(bone_trigger) {transformation: [-0.9878f,0.1328f,-0.0812f,-0.0281f,0.1474f,0.6302f,-0.7623f,-0.3743f,-0.0501f,-0.765f,-0.6421f,0.2117f,0f,0f,0f,1f],start_interpolation: 0,interpolation_duration: 1}
$data merge entity $(bone_trigger_gaurd) {transformation: [-0.9878f,0.1328f,-0.0812f,-0.0216f,0.1474f,0.6302f,-0.7623f,-0.3314f,-0.0501f,-0.765f,-0.6421f,0.2105f,0f,0f,0f,1f],start_interpolation: 0,interpolation_duration: 1}
$data merge entity $(bone_right_arm) {transformation: [-0.9878f,-0.0812f,-0.1328f,-0.0937f,0.1474f,-0.7623f,-0.6302f,-0.6548f,-0.0501f,-0.6421f,0.765f,-0.0055f,0f,0f,0f,1f],start_interpolation: 0,interpolation_duration: 1}
$data merge entity $(bone_magazine1) {transformation: [0f,0f,0f,0.3261f,0f,0f,0f,-0.7763f,0f,0f,0f,0.3528f,0f,0f,0f,1f],start_interpolation: 0,interpolation_duration: 1}
$data merge entity $(bone_left_arm) {transformation: [-0.9795f,-0.1931f,-0.058f,0.245f,-0.076f,0.6198f,-0.7811f,-0.6279f,0.1868f,-0.7606f,-0.6218f,-0.0119f,0f,0f,0f,1f],start_interpolation: 0,interpolation_duration: 1}
data modify entity @s data merge value {"cameras":{},"locators":{"barrel1":{"px":-0.013106080353577812,"py":-0.07348524439620141,"pz":0.3648225606106209,"ry":352.78965136733825,"rx":-49.67050376032735}}}