# This file was generated by Animated Java via MC-Build. It is not recommended to edit this file directly.
$data merge entity $(bone_slide) {transformation: [-0.9812f,-0.1628f,-0.1034f,-0.0299f,-0.0299f,0.6584f,-0.752f,-0.1528f,0.1905f,-0.7348f,-0.6509f,0.2106f,0f,0f,0f,1f],start_interpolation: 0,interpolation_duration: 1}
$data merge entity $(bone_barrel) {transformation: [-0.9812f,-0.1628f,-0.1034f,0.0906f,-0.0299f,0.6584f,-0.752f,-0.2028f,0.1905f,-0.7348f,-0.6509f,0.2492f,0f,0f,0f,1f],start_interpolation: 0,interpolation_duration: 1}
$data merge entity $(bone_magazine) {transformation: [0f,0f,0f,0.0274f,0f,0f,0f,-0.6151f,0f,0f,0f,0.4331f,0f,0f,0f,1f],start_interpolation: 0,interpolation_duration: 1}
$data merge entity $(bone_grip) {transformation: [-0.9812f,-0.1628f,-0.1034f,-0.0285f,-0.0299f,0.6584f,-0.752f,-0.3888f,0.1905f,-0.7348f,-0.6509f,0.1805f,0f,0f,0f,1f],start_interpolation: 0,interpolation_duration: 1}
$data merge entity $(bone_trigger) {transformation: [-0.9812f,-0.1628f,-0.1034f,-0.0261f,-0.0299f,0.6584f,-0.752f,-0.3629f,0.1905f,-0.7348f,-0.6509f,0.1972f,0f,0f,0f,1f],start_interpolation: 0,interpolation_duration: 1}
$data merge entity $(bone_trigger_gaurd) {transformation: [-0.9812f,-0.1628f,-0.1034f,-0.0274f,-0.0299f,0.6584f,-0.752f,-0.3194f,0.1905f,-0.7348f,-0.6509f,0.1971f,0f,0f,0f,1f],start_interpolation: 0,interpolation_duration: 1}
$data merge entity $(bone_right_arm) {transformation: [-0.9812f,-0.1034f,0.1628f,-0.0937f,-0.0299f,-0.752f,-0.6584f,-0.6463f,0.1905f,-0.6509f,0.7348f,-0.0155f,0f,0f,0f,1f],start_interpolation: 0,interpolation_duration: 1}
$data merge entity $(bone_magazine1) {transformation: [0f,0f,0f,0.3714f,0f,0f,0f,-0.7117f,0f,0f,0f,0.3833f,0f,0f,0f,1f],start_interpolation: 0,interpolation_duration: 1}
$data merge entity $(bone_left_arm) {transformation: [-0.9557f,-0.2943f,-0.0006f,0.258f,-0.1371f,0.4472f,-0.8839f,-0.6416f,0.2605f,-0.8446f,-0.4677f,0.004f,0f,0f,0f,1f],start_interpolation: 0,interpolation_duration: 1}
data modify entity @s data merge value {"cameras":{},"locators":{"barrel1":{"px":-0.02563723983477302,"py":-0.06721184685610332,"pz":0.3607352831626098,"ry":350.9719133475863,"rx":-48.76820922791208}}}