# This file was generated by Animated Java via MC-Build. It is not recommended to edit this file directly.
$data merge entity $(bone_slide) {transformation: [-0.9566f,-0.2694f,-0.1115f,-0.0423f,-0.1002f,0.663f,-0.7419f,-0.1441f,0.2738f,-0.6985f,-0.6612f,0.2076f,0f,0f,0f,1f],start_interpolation: 0,interpolation_duration: 1}
$data merge entity $(bone_barrel) {transformation: [-0.9566f,-0.2694f,-0.1115f,0.0841f,-0.1002f,0.663f,-0.7419f,-0.1868f,0.2738f,-0.6985f,-0.6612f,0.2342f,0f,0f,0f,1f],start_interpolation: 0,interpolation_duration: 1}
$data merge entity $(bone_magazine) {transformation: [0f,0f,0f,0.0643f,0f,0f,0f,-0.6066f,0f,0f,0f,0.4108f,0f,0f,0f,1f],start_interpolation: 0,interpolation_duration: 1}
$data merge entity $(bone_grip) {transformation: [-0.9566f,-0.2694f,-0.1115f,-0.0283f,-0.1002f,0.663f,-0.7419f,-0.3787f,0.2738f,-0.6985f,-0.6612f,0.1707f,0f,0f,0f,1f],start_interpolation: 0,interpolation_duration: 1}
$data merge entity $(bone_trigger) {transformation: [-0.9566f,-0.2694f,-0.1115f,-0.0261f,-0.1002f,0.663f,-0.7419f,-0.3531f,0.2738f,-0.6985f,-0.6612f,0.1878f,0f,0f,0f,1f],start_interpolation: 0,interpolation_duration: 1}
$data merge entity $(bone_trigger_gaurd) {transformation: [-0.9566f,-0.2694f,-0.1115f,-0.0302f,-0.1002f,0.663f,-0.7419f,-0.3099f,0.2738f,-0.6985f,-0.6612f,0.1891f,0f,0f,0f,1f],start_interpolation: 0,interpolation_duration: 1}
$data merge entity $(bone_right_arm) {transformation: [-0.9566f,-0.1115f,0.2694f,-0.0937f,-0.1002f,-0.7419f,-0.663f,-0.6355f,0.2738f,-0.6612f,0.6985f,-0.0264f,0f,0f,0f,1f],start_interpolation: 0,interpolation_duration: 1}
$data merge entity $(bone_magazine1) {transformation: [-0.92f,0.0982f,-0.3793f,0.4013f,-0.2125f,0.6883f,0.6936f,-0.6337f,0.3292f,0.7188f,-0.6124f,0.3988f,0f,0f,0f,1f],start_interpolation: 0,interpolation_duration: 1}
$data merge entity $(bone_left_arm) {transformation: [-0.92f,-0.3738f,0.1175f,0.271f,-0.2125f,0.2239f,-0.9512f,-0.6573f,0.3292f,-0.9001f,-0.2855f,0.0192f,0f,0f,0f,1f],start_interpolation: 0,interpolation_duration: 1}
data modify entity @s data merge value {"cameras":{},"locators":{"barrel1":{"px":-0.030367370084473426,"py":-0.0619972243109454,"pz":0.35927630695256385,"ry":350.42512588637396,"rx":-47.89235392600298}}}