# This file was generated by Animated Java via MC-Build. It is not recommended to edit this file directly.
$data merge entity $(bone_slide) {transformation: [-0.9498f,-0.2895f,-0.1186f,-0.0418f,-0.1166f,0.6794f,-0.7244f,-0.1373f,0.2903f,-0.6742f,-0.6791f,0.2091f,0f,0f,0f,1f],start_interpolation: 0,interpolation_duration: 1}
$data merge entity $(bone_barrel) {transformation: [-0.9498f,-0.2895f,-0.1186f,0.0855f,-0.1166f,0.6794f,-0.7244f,-0.1795f,0.2903f,-0.6742f,-0.6791f,0.2319f,0f,0f,0f,1f],start_interpolation: 0,interpolation_duration: 1}
$data merge entity $(bone_magazine) {transformation: [0f,0f,0f,0.073f,0f,0f,0f,-0.6042f,0f,0f,0f,0.3971f,0f,0f,0f,1f],start_interpolation: 0,interpolation_duration: 1}
$data merge entity $(bone_grip) {transformation: [-0.9498f,-0.2895f,-0.1186f,-0.0265f,-0.1166f,0.6794f,-0.7244f,-0.3707f,0.2903f,-0.6742f,-0.6791f,0.1653f,0f,0f,0f,1f],start_interpolation: 0,interpolation_duration: 1}
$data merge entity $(bone_trigger) {transformation: [-0.9498f,-0.2895f,-0.1186f,-0.0242f,-0.1166f,0.6794f,-0.7244f,-0.3455f,0.2903f,-0.6742f,-0.6791f,0.1832f,0f,0f,0f,1f],start_interpolation: 0,interpolation_duration: 1}
$data merge entity $(bone_trigger_gaurd) {transformation: [-0.9498f,-0.2895f,-0.1186f,-0.0287f,-0.1166f,0.6794f,-0.7244f,-0.3024f,0.2903f,-0.6742f,-0.6791f,0.1857f,0f,0f,0f,1f],start_interpolation: 0,interpolation_duration: 1}
$data merge entity $(bone_right_arm) {transformation: [-0.9498f,-0.1186f,0.2895f,-0.0937f,-0.1166f,-0.7244f,-0.6794f,-0.6225f,0.2903f,-0.6791f,0.6742f,-0.0374f,0f,0f,0f,1f],start_interpolation: 0,interpolation_duration: 1}
$data merge entity $(bone_magazine1) {transformation: [-0.8725f,-0.0246f,-0.4879f,0.4036f,-0.2974f,0.8191f,0.4906f,-0.5529f,0.3876f,0.5732f,-0.722f,0.3962f,0f,0f,0f,1f],start_interpolation: -1,interpolation_duration: 0}
$data merge entity $(bone_left_arm) {transformation: [-0.8725f,-0.397f,0.2847f,0.2836f,-0.2974f,-0.0307f,-0.9543f,-0.675f,0.3876f,-0.9173f,-0.0913f,0.0324f,0f,0f,0f,1f],start_interpolation: 0,interpolation_duration: 1}
data modify entity @s data merge value {"cameras":{},"locators":{"barrel1":{"px":-0.02748103348963183,"py":-0.05930416016518869,"pz":0.3626370979913699,"ry":350.0933657556633,"rx":-46.42060454238632}}}