# This file was generated by Animated Java via MC-Build. It is not recommended to edit this file directly.
$data merge entity $(bone_slide) {transformation: [-0.7602f,-0.6394f,-0.1153f,-0.102f,-0.4916f,0.6821f,-0.5414f,-0.1585f,0.4248f,-0.3549f,-0.8328f,0.2979f,0f,0f,0f,1f],start_interpolation: 0,interpolation_duration: 1}
$data merge entity $(bone_barrel) {transformation: [-0.7602f,-0.6394f,-0.1153f,0.0329f,-0.4916f,0.6821f,-0.5414f,-0.1599f,0.4248f,-0.3549f,-0.8328f,0.2801f,0f,0f,0f,1f],start_interpolation: 0,interpolation_duration: 1}
$data merge entity $(bone_magazine) {transformation: [0f,0f,0f,0.1804f,0f,0f,0f,-0.5906f,0f,0f,0f,0.3032f,0f,0f,0f,1f],start_interpolation: 0,interpolation_duration: 1}
$data merge entity $(bone_grip) {transformation: [-0.7602f,-0.6394f,-0.1153f,-0.0394f,-0.4916f,0.6821f,-0.5414f,-0.3562f,0.4248f,-0.3549f,-0.8328f,0.1812f,0f,0f,0f,1f],start_interpolation: 0,interpolation_duration: 1}
$data merge entity $(bone_trigger) {transformation: [-0.7602f,-0.6394f,-0.1153f,-0.0386f,-0.4916f,0.6821f,-0.5414f,-0.3366f,0.4248f,-0.3549f,-0.8328f,0.2052f,0f,0f,0f,1f],start_interpolation: 0,interpolation_duration: 1}
$data merge entity $(bone_trigger_gaurd) {transformation: [-0.7602f,-0.6394f,-0.1153f,-0.0534f,-0.4916f,0.6821f,-0.5414f,-0.2993f,0.4248f,-0.3549f,-0.8328f,0.2219f,0f,0f,0f,1f],start_interpolation: 0,interpolation_duration: 1}
$data merge entity $(bone_right_arm) {transformation: [-0.7602f,-0.1153f,0.6394f,-0.0937f,-0.4916f,-0.5414f,-0.6821f,-0.5609f,0.4248f,-0.8328f,0.3549f,-0.0721f,0f,0f,0f,1f],start_interpolation: 0,interpolation_duration: 1}
$data merge entity $(bone_magazine1) {transformation: [-0.6221f,-0.7221f,-0.3027f,0.1676f,-0.6202f,0.6904f,-0.3724f,-0.4387f,0.4779f,-0.0439f,-0.8773f,0.2486f,0f,0f,0f,1f],start_interpolation: 0,interpolation_duration: 1}
$data merge entity $(bone_left_arm) {transformation: [-0.6221f,0.1785f,0.7624f,0.3244f,-0.6202f,-0.7066f,-0.3406f,-0.7501f,0.4779f,-0.6847f,0.5503f,0.0486f,0f,0f,0f,1f],start_interpolation: 0,interpolation_duration: 1}
data modify entity @s data merge value {"cameras":{},"locators":{"barrel1":{"px":-0.0649410938255128,"py":-0.11855056874317793,"pz":0.4618924895691572,"ry":352.12000932647015,"rx":-32.77984729015576}}}