# This file was generated by Animated Java via MC-Build. It is not recommended to edit this file directly.
$data merge entity $(bone_slide) {transformation: [-0.6282f,-0.7686f,-0.1209f,-0.1228f,-0.6309f,0.5941f,-0.499f,-0.1746f,0.4554f,-0.2372f,-0.8581f,0.3226f,0f,0f,0f,1f],start_interpolation: 0,interpolation_duration: 1}
$data merge entity $(bone_barrel) {transformation: [-0.6282f,-0.7686f,-0.1209f,0.0081f,-0.6309f,0.5941f,-0.499f,-0.1536f,0.4554f,-0.2372f,-0.8581f,0.292f,0f,0f,0f,1f],start_interpolation: 0,interpolation_duration: 1}
$data merge entity $(bone_magazine) {transformation: [0f,0f,0f,0.2202f,0f,0f,0f,-0.5564f,0f,0f,0f,0.2668f,0f,0f,0f,1f],start_interpolation: 0,interpolation_duration: 1}
$data merge entity $(bone_grip) {transformation: [-0.6282f,-0.7686f,-0.1209f,-0.044f,-0.6309f,0.5941f,-0.499f,-0.3521f,0.4554f,-0.2372f,-0.8581f,0.1853f,0f,0f,0f,1f],start_interpolation: 0,interpolation_duration: 1}
$data merge entity $(bone_trigger) {transformation: [-0.6282f,-0.7686f,-0.1209f,-0.0437f,-0.6309f,0.5941f,-0.499f,-0.3343f,0.4554f,-0.2372f,-0.8581f,0.2105f,0f,0f,0f,1f],start_interpolation: 0,interpolation_duration: 1}
$data merge entity $(bone_trigger_gaurd) {transformation: [-0.6282f,-0.7686f,-0.1209f,-0.0619f,-0.6309f,0.5941f,-0.499f,-0.3009f,0.4554f,-0.2372f,-0.8581f,0.2315f,0f,0f,0f,1f],start_interpolation: 0,interpolation_duration: 1}
$data merge entity $(bone_right_arm) {transformation: [-0.6282f,-0.1209f,0.7686f,-0.0937f,-0.6309f,-0.499f,-0.5941f,-0.5464f,0.4554f,-0.8581f,0.2372f,-0.077f,0f,0f,0f,1f],start_interpolation: 0,interpolation_duration: 1}
$data merge entity $(bone_magazine1) {transformation: [-0.5676f,-0.8071f,-0.1624f,0.1089f,-0.6746f,0.569f,-0.4703f,-0.4671f,0.472f,-0.1574f,-0.8674f,0.2004f,0f,0f,0f,1f],start_interpolation: 0,interpolation_duration: 1}
$data merge entity $(bone_left_arm) {transformation: [-0.5676f,0.3523f,0.7441f,0.3305f,-0.6746f,-0.7172f,-0.175f,-0.7635f,0.472f,-0.6013f,0.6447f,0.0434f,0f,0f,0f,1f],start_interpolation: 0,interpolation_duration: 1}
data modify entity @s data merge value {"cameras":{},"locators":{"barrel1":{"px":-0.0748403015672308,"py":-0.13976180492392656,"pz":0.48501822213218826,"ry":351.9807372775,"rx":-29.934772956581007}}}