# This file was generated by Animated Java via MC-Build. It is not recommended to edit this file directly.
$data merge entity $(bone_slide) {transformation: [-0.5263f,-0.8411f,-0.1246f,-0.1351f,-0.7142f,0.5168f,-0.472f,-0.1848f,0.4614f,-0.1595f,-0.8727f,0.3383f,0f,0f,0f,1f],start_interpolation: 0,interpolation_duration: 1}
$data merge entity $(bone_barrel) {transformation: [-0.5263f,-0.8411f,-0.1246f,-0.0095f,-0.7142f,0.5168f,-0.472f,-0.1485f,0.4614f,-0.1595f,-0.8727f,0.3007f,0f,0f,0f,1f],start_interpolation: 0,interpolation_duration: 1}
$data merge entity $(bone_magazine) {transformation: [0f,0f,0f,0.2418f,0f,0f,0f,-0.5244f,0f,0f,0f,0.2425f,0f,0f,0f,1f],start_interpolation: 0,interpolation_duration: 1}
$data merge entity $(bone_grip) {transformation: [-0.5263f,-0.8411f,-0.1246f,-0.0474f,-0.7142f,0.5168f,-0.472f,-0.3467f,0.4614f,-0.1595f,-0.8727f,0.1876f,0f,0f,0f,1f],start_interpolation: 0,interpolation_duration: 1}
$data merge entity $(bone_trigger) {transformation: [-0.5263f,-0.8411f,-0.1246f,-0.0472f,-0.7142f,0.5168f,-0.472f,-0.33f,0.4614f,-0.1595f,-0.8727f,0.2137f,0f,0f,0f,1f],start_interpolation: 0,interpolation_duration: 1}
$data merge entity $(bone_trigger_gaurd) {transformation: [-0.5263f,-0.8411f,-0.1246f,-0.0675f,-0.7142f,0.5168f,-0.472f,-0.2998f,0.4614f,-0.1595f,-0.8727f,0.2374f,0f,0f,0f,1f],start_interpolation: 0,interpolation_duration: 1}
$data merge entity $(bone_right_arm) {transformation: [-0.5263f,-0.1246f,0.8411f,-0.0937f,-0.7142f,-0.472f,-0.5168f,-0.5338f,0.4614f,-0.8727f,0.1595f,-0.0804f,0f,0f,0f,1f],start_interpolation: 0,interpolation_duration: 1}
$data merge entity $(bone_magazine1) {transformation: [-0.5263f,-0.8488f,-0.0508f,0.0696f,-0.7142f,0.4737f,-0.5153f,-0.4962f,0.4614f,-0.2349f,-0.8555f,0.1605f,0f,0f,0f,1f],start_interpolation: 0,interpolation_duration: 1}
$data merge entity $(bone_left_arm) {transformation: [-0.5263f,0.4764f,0.7043f,0.3344f,-0.7142f,-0.6972f,-0.0622f,-0.7718f,0.4614f,-0.5357f,0.7072f,0.0359f,0f,0f,0f,1f],start_interpolation: 0,interpolation_duration: 1}
data modify entity @s data merge value {"cameras":{},"locators":{"barrel1":{"px":-0.08036891298814106,"py":-0.15194943870192368,"pz":0.49888627125095686,"ry":351.8755816965378,"rx":-28.165955613595848}}}