# This file was generated by Animated Java via MC-Build. It is not recommended to edit this file directly.
$data merge entity $(bone_slide) {transformation: [-0.9855f,-0.1252f,-0.1149f,-0.0181f,-0.0791f,0.9364f,-0.3419f,-0.1841f,0.1504f,-0.3279f,-0.9327f,0.4464f,0f,0f,0f,1f],start_interpolation: 0,interpolation_duration: 1}
$data merge entity $(bone_barrel) {transformation: [-0.9855f,-0.1252f,-0.1149f,0.0998f,-0.0791f,0.9364f,-0.3419f,-0.2513f,0.1504f,-0.3279f,-0.9327f,0.4565f,0f,0f,0f,1f],start_interpolation: 0,interpolation_duration: 1}
$data merge entity $(bone_magazine) {transformation: [-0.9855f,-0.1252f,-0.1149f,-0.0241f,-0.0791f,0.9364f,-0.3419f,-0.3764f,0.1504f,-0.3279f,-0.9327f,0.3065f,0f,0f,0f,1f],start_interpolation: 0,interpolation_duration: 1}
$data merge entity $(bone_grip) {transformation: [-0.9855f,-0.1252f,-0.1149f,-0.0241f,-0.0791f,0.9364f,-0.3419f,-0.3764f,0.1504f,-0.3279f,-0.9327f,0.3065f,0f,0f,0f,1f],start_interpolation: 0,interpolation_duration: 1}
$data merge entity $(bone_trigger) {transformation: [-0.9855f,-0.1252f,-0.1149f,-0.0211f,-0.0791f,0.9364f,-0.3419f,-0.3619f,0.1504f,-0.3279f,-0.9327f,0.3336f,0f,0f,0f,1f],start_interpolation: 0,interpolation_duration: 1}
$data merge entity $(bone_trigger_gaurd) {transformation: [-0.9855f,-0.1252f,-0.1149f,-0.021f,-0.0791f,0.9364f,-0.3419f,-0.3237f,0.1504f,-0.3279f,-0.9327f,0.3544f,0f,0f,0f,1f],start_interpolation: 0,interpolation_duration: 1}
$data merge entity $(bone_right_arm) {transformation: [-0.9855f,-0.1149f,0.1252f,-0.0937f,-0.0791f,-0.3419f,-0.9364f,-0.5053f,0.1504f,-0.9327f,0.3279f,0.0106f,0f,0f,0f,1f],start_interpolation: 0,interpolation_duration: 1}
$data merge entity $(bone_magazine1) {transformation: [0f,0f,0f,0.0004f,0f,0f,0f,-0.4631f,0f,0f,0f,0.4086f,0f,0f,0f,1f],start_interpolation: 0,interpolation_duration: 1}
$data merge entity $(bone_left_arm) {transformation: [-0.9065f,0.1714f,0.3858f,0.111f,-0.3341f,0.2673f,-0.9038f,-0.4646f,-0.2581f,-0.9482f,-0.1851f,0.0221f,0f,0f,0f,1f],start_interpolation: 0,interpolation_duration: 1}
data modify entity @s data merge value {"cameras":{},"locators":{"barrel1":{"px":-0.01417308582696409,"py":-0.18149011189547784,"pz":0.6191802459462927,"ry":352.9769390414535,"rx":-19.993646970776012}}}