# This file was generated by Animated Java via MC-Build. It is not recommended to edit this file directly.
$data merge entity $(bone_slide) {transformation: [-0.4919f,-0.8617f,-0.1247f,-0.1393f,-0.7474f,0.4914f,-0.4472f,-0.1905f,0.4467f,-0.1268f,-0.8857f,0.3484f,0f,0f,0f,1f],start_interpolation: 0,interpolation_duration: 1}
$data merge entity $(bone_barrel) {transformation: [-0.4919f,-0.8617f,-0.1247f,-0.0157f,-0.7474f,0.4914f,-0.4472f,-0.1485f,0.4467f,-0.1268f,-0.8857f,0.3098f,0f,0f,0f,1f],start_interpolation: 0,interpolation_duration: 1}
$data merge entity $(bone_magazine) {transformation: [0f,0f,0f,0.2474f,0f,0f,0f,-0.513f,0f,0f,0f,0.2344f,0f,0f,0f,1f],start_interpolation: 0,interpolation_duration: 1}
$data merge entity $(bone_grip) {transformation: [-0.4919f,-0.8617f,-0.1247f,-0.0488f,-0.7474f,0.4914f,-0.4472f,-0.3441f,0.4467f,-0.1268f,-0.8857f,0.1908f,0f,0f,0f,1f],start_interpolation: 0,interpolation_duration: 1}
$data merge entity $(bone_trigger) {transformation: [-0.4919f,-0.8617f,-0.1247f,-0.0488f,-0.7474f,0.4914f,-0.4472f,-0.3283f,0.4467f,-0.1268f,-0.8857f,0.2174f,0f,0f,0f,1f],start_interpolation: 0,interpolation_duration: 1}
$data merge entity $(bone_trigger_gaurd) {transformation: [-0.4919f,-0.8617f,-0.1247f,-0.0696f,-0.7474f,0.4914f,-0.4472f,-0.2996f,0.4467f,-0.1268f,-0.8857f,0.2425f,0f,0f,0f,1f],start_interpolation: 0,interpolation_duration: 1}
$data merge entity $(bone_right_arm) {transformation: [-0.4919f,-0.1247f,0.8617f,-0.0937f,-0.7474f,-0.4472f,-0.4914f,-0.5239f,0.4467f,-0.8857f,0.1268f,-0.0824f,0f,0f,0f,1f],start_interpolation: 0,interpolation_duration: 1}
$data merge entity $(bone_magazine1) {transformation: [-0.4669f,-0.8742f,0.1332f,0.0087f,-0.7514f,0.3128f,-0.581f,-0.5341f,0.4662f,-0.3714f,-0.8029f,0.1017f,0f,0f,0f,1f],start_interpolation: 0,interpolation_duration: 1}
$data merge entity $(bone_left_arm) {transformation: [-0.4669f,0.6379f,0.6125f,0.3251f,-0.7514f,-0.6513f,0.1055f,-0.7727f,0.4662f,-0.4109f,0.7834f,0.034f,0f,0f,0f,1f],start_interpolation: 0,interpolation_duration: 1}
data modify entity @s data merge value {"cameras":{},"locators":{"barrel1":{"px":-0.08261962838129752,"py":-0.16100134635772576,"pz":0.5089919147297961,"ry":351.98251021487516,"rx":-26.566703424494385}}}