# This file was generated by Animated Java via MC-Build. It is not recommended to edit this file directly.
$data merge entity $(bone_slide) {transformation: [-0.4875f,-0.8642f,-0.1247f,-0.1398f,-0.7597f,0.4903f,-0.4272f,-0.1941f,0.4303f,-0.1135f,-0.8955f,0.3552f,0f,0f,0f,1f],start_interpolation: 0,interpolation_duration: 1}
$data merge entity $(bone_barrel) {transformation: [-0.4875f,-0.8642f,-0.1247f,-0.0165f,-0.7597f,0.4903f,-0.4272f,-0.1506f,0.4303f,-0.1135f,-0.8955f,0.3173f,0f,0f,0f,1f],start_interpolation: 0,interpolation_duration: 1}
$data merge entity $(bone_magazine) {transformation: [0f,0f,0f,0.2481f,0f,0f,0f,-0.5122f,0f,0f,0f,0.233f,0f,0f,0f,1f],start_interpolation: 0,interpolation_duration: 1}
$data merge entity $(bone_grip) {transformation: [-0.4875f,-0.8642f,-0.1247f,-0.049f,-0.7597f,0.4903f,-0.4272f,-0.3436f,0.4303f,-0.1135f,-0.8955f,0.1939f,0f,0f,0f,1f],start_interpolation: 0,interpolation_duration: 1}
$data merge entity $(bone_trigger) {transformation: [-0.4875f,-0.8642f,-0.1247f,-0.049f,-0.7597f,0.4903f,-0.4272f,-0.3284f,0.4303f,-0.1135f,-0.8955f,0.2209f,0f,0f,0f,1f],start_interpolation: 0,interpolation_duration: 1}
$data merge entity $(bone_trigger_gaurd) {transformation: [-0.4875f,-0.8642f,-0.1247f,-0.0699f,-0.7597f,0.4903f,-0.4272f,-0.3004f,0.4303f,-0.1135f,-0.8955f,0.2467f,0f,0f,0f,1f],start_interpolation: 0,interpolation_duration: 1}
$data merge entity $(bone_right_arm) {transformation: [-0.4875f,-0.1247f,0.8642f,-0.0937f,-0.7597f,-0.4272f,-0.4903f,-0.5172f,0.4303f,-0.8955f,0.1135f,-0.0833f,0f,0f,0f,1f],start_interpolation: 0,interpolation_duration: 1}
$data merge entity $(bone_magazine1) {transformation: [-0.4967f,-0.867f,0.0394f,0.0031f,-0.752f,0.4073f,-0.5182f,-0.4768f,0.4332f,-0.287f,-0.8544f,0.1316f,0f,0f,0f,1f],start_interpolation: 0,interpolation_duration: 1}
$data merge entity $(bone_left_arm) {transformation: [-0.4967f,0.5591f,0.6639f,0.295f,-0.752f,-0.6591f,-0.0077f,-0.7315f,0.4332f,-0.5031f,0.7478f,0.0243f,0f,0f,0f,1f],start_interpolation: 0,interpolation_duration: 1}
$execute on vehicle unless entity @s[tag=aj.transforms_only] as $(locator_barrel1) positioned ^-0.0829114927 ^-0.1680699333 ^0.516320423 rotated ~352.0701318284 ~-25.2885208022 run function animated_java:glock/animations/reload_mid/zzz/frames/21_locator_barrel1
data modify entity @s data merge value {"cameras":{},"locators":{"barrel1":{"px":-0.08291149272533598,"py":-0.16806993333289247,"pz":0.5163204229994757,"ry":352.07013182843593,"rx":-25.288520802182536}}}