# This file was generated by Animated Java via MC-Build. It is not recommended to edit this file directly.
$data merge entity $(bone_slide) {transformation: [-0.5005f,-0.8567f,-0.1247f,-0.1382f,-0.7584f,0.5034f,-0.4139f,-0.1956f,0.4174f,-0.1126f,-0.9017f,0.3589f,0f,0f,0f,1f],start_interpolation: 0,interpolation_duration: 1}
$data merge entity $(bone_barrel) {transformation: [-0.5005f,-0.8567f,-0.1247f,-0.0141f,-0.7584f,0.5034f,-0.4139f,-0.1534f,0.4174f,-0.1126f,-0.9017f,0.3224f,0f,0f,0f,1f],start_interpolation: 0,interpolation_duration: 1}
$data merge entity $(bone_magazine) {transformation: [0f,0f,0f,0.246f,0f,0f,0f,-0.5174f,0f,0f,0f,0.235f,0f,0f,0f,1f],start_interpolation: 0,interpolation_duration: 1}
$data merge entity $(bone_grip) {transformation: [-0.5005f,-0.8567f,-0.1247f,-0.0484f,-0.7584f,0.5034f,-0.4139f,-0.3444f,0.4174f,-0.1126f,-0.9017f,0.1963f,0f,0f,0f,1f],start_interpolation: 0,interpolation_duration: 1}
$data merge entity $(bone_trigger) {transformation: [-0.5005f,-0.8567f,-0.1247f,-0.0484f,-0.7584f,0.5034f,-0.4139f,-0.3295f,0.4174f,-0.1126f,-0.9017f,0.2235f,0f,0f,0f,1f],start_interpolation: 0,interpolation_duration: 1}
$data merge entity $(bone_trigger_gaurd) {transformation: [-0.5005f,-0.8567f,-0.1247f,-0.0691f,-0.7584f,0.5034f,-0.4139f,-0.3015f,0.4174f,-0.1126f,-0.9017f,0.2495f,0f,0f,0f,1f],start_interpolation: 0,interpolation_duration: 1}
$data merge entity $(bone_right_arm) {transformation: [-0.5005f,-0.1247f,0.8567f,-0.0937f,-0.7584f,-0.4139f,-0.5034f,-0.5138f,0.4174f,-0.9017f,0.1126f,-0.0834f,0f,0f,0f,1f],start_interpolation: 0,interpolation_duration: 1}
$data merge entity $(bone_magazine1) {transformation: [-0.5263f,-0.8488f,-0.0508f,0.0071f,-0.7452f,0.4893f,-0.453f,-0.4328f,0.4094f,-0.2006f,-0.8901f,0.1627f,0f,0f,0f,1f],start_interpolation: 0,interpolation_duration: 1}
$data merge entity $(bone_left_arm) {transformation: [-0.5263f,0.4764f,0.7043f,0.2719f,-0.7452f,-0.6573f,-0.1124f,-0.6988f,0.4094f,-0.584f,0.701f,0.0188f,0f,0f,0f,1f],start_interpolation: 0,interpolation_duration: 1}
data modify entity @s data merge value {"cameras":{},"locators":{"barrel1":{"px":-0.08204346461759893,"py":-0.17250153062419216,"pz":0.520732370545976,"ry":352.12355835927997,"rx":-24.451679227180552}}}