# This file was generated by Animated Java via MC-Build. It is not recommended to edit this file directly.
$data merge entity $(bone_slide) {transformation: [-0.5178f,-0.8464f,-0.1247f,-0.1361f,-0.7327f,0.514f,-0.4461f,-0.188f,0.4416f,-0.1396f,-0.8863f,0.3494f,0f,0f,0f,1f],start_interpolation: 0,interpolation_duration: 1}
$data merge entity $(bone_barrel) {transformation: [-0.5178f,-0.8464f,-0.1247f,-0.011f,-0.7327f,0.514f,-0.4461f,-0.1495f,0.4416f,-0.1396f,-0.8863f,0.3124f,0f,0f,0f,1f],start_interpolation: 0,interpolation_duration: 1}
$data merge entity $(bone_magazine) {transformation: [0f,0f,0f,0.2432f,0f,0f,0f,-0.5212f,0f,0f,0f,0.2415f,0f,0f,0f,1f],start_interpolation: 0,interpolation_duration: 1}
$data merge entity $(bone_grip) {transformation: [-0.5178f,-0.8464f,-0.1247f,-0.0477f,-0.7327f,0.514f,-0.4461f,-0.3445f,0.4416f,-0.1396f,-0.8863f,0.1935f,0f,0f,0f,1f],start_interpolation: 0,interpolation_duration: 1}
$data merge entity $(bone_trigger) {transformation: [-0.5178f,-0.8464f,-0.1247f,-0.0476f,-0.7327f,0.514f,-0.4461f,-0.3286f,0.4416f,-0.1396f,-0.8863f,0.22f,0f,0f,0f,1f],start_interpolation: 0,interpolation_duration: 1}
$data merge entity $(bone_trigger_gaurd) {transformation: [-0.5178f,-0.8464f,-0.1247f,-0.068f,-0.7327f,0.514f,-0.4461f,-0.2993f,0.4416f,-0.1396f,-0.8863f,0.2448f,0f,0f,0f,1f],start_interpolation: 0,interpolation_duration: 1}
$data merge entity $(bone_right_arm) {transformation: [-0.5178f,-0.1247f,0.8464f,-0.0937f,-0.7327f,-0.4461f,-0.514f,-0.5237f,0.4416f,-0.8863f,0.1396f,-0.08f,0f,0f,0f,1f],start_interpolation: 0,interpolation_duration: 1}
$data merge entity $(bone_magazine1) {transformation: [-0.5263f,-0.8488f,-0.0508f,0.0071f,-0.7283f,0.4809f,-0.4882f,-0.4333f,0.4388f,-0.2199f,-0.8713f,0.1623f,0f,0f,0f,1f],start_interpolation: 0,interpolation_duration: 1}
$data merge entity $(bone_left_arm) {transformation: [-0.5263f,0.4764f,0.7043f,0.2719f,-0.7283f,-0.68f,-0.0843f,-0.7049f,0.4388f,-0.5573f,0.7049f,0.0291f,0f,0f,0f,1f],start_interpolation: 0,interpolation_duration: 1}
data modify entity @s data merge value {"cameras":{},"locators":{"barrel1":{"px":-0.08091884319864556,"py":-0.15967825609101363,"pz":0.5107479645887071,"ry":351.99323372647723,"rx":-26.491093768820846}}}