# This file was generated by Animated Java via MC-Build. It is not recommended to edit this file directly.
$data merge entity $(bone_slide) {transformation: [-0.5263f,-0.8411f,-0.1246f,-0.1351f,-0.6986f,0.5113f,-0.5005f,-0.1771f,0.4847f,-0.1764f,-0.8567f,0.3328f,0f,0f,0f,1f],start_interpolation: 0,interpolation_duration: 1}
$data merge entity $(bone_barrel) {transformation: [-0.5263f,-0.8411f,-0.1246f,-0.0095f,-0.6986f,0.5113f,-0.5005f,-0.1421f,0.4847f,-0.1764f,-0.8567f,0.2941f,0f,0f,0f,1f],start_interpolation: 0,interpolation_duration: 1}
$data merge entity $(bone_magazine) {transformation: [0f,0f,0f,0.2418f,0f,0f,0f,-0.5197f,0f,0f,0f,0.2482f,0f,0f,0f,1f],start_interpolation: 0,interpolation_duration: 1}
$data merge entity $(bone_grip) {transformation: [-0.5263f,-0.8411f,-0.1246f,-0.0474f,-0.6986f,0.5113f,-0.5005f,-0.3439f,0.4847f,-0.1764f,-0.8567f,0.1876f,0f,0f,0f,1f],start_interpolation: 0,interpolation_duration: 1}
$data merge entity $(bone_trigger) {transformation: [-0.5263f,-0.8411f,-0.1246f,-0.0472f,-0.6986f,0.5113f,-0.5005f,-0.3264f,0.4847f,-0.1764f,-0.8567f,0.2131f,0f,0f,0f,1f],start_interpolation: 0,interpolation_duration: 1}
$data merge entity $(bone_trigger_gaurd) {transformation: [-0.5263f,-0.8411f,-0.1246f,-0.0675f,-0.6986f,0.5113f,-0.5005f,-0.2954f,0.4847f,-0.1764f,-0.8567f,0.2358f,0f,0f,0f,1f],start_interpolation: 0,interpolation_duration: 1}
$data merge entity $(bone_right_arm) {transformation: [-0.5263f,-0.1246f,0.8411f,-0.0937f,-0.6986f,-0.5005f,-0.5113f,-0.5398f,0.4847f,-0.8567f,0.1764f,-0.0741f,0f,0f,0f,1f],start_interpolation: 0,interpolation_duration: 1}
$data merge entity $(bone_magazine1) {transformation: [-0.5263f,-0.8449f,-0.0952f,-0.0437f,-0.6986f,0.4936f,-0.518f,-0.3873f,0.4847f,-0.2061f,-0.8501f,0.166f,0f,0f,0f,1f],start_interpolation: 0,interpolation_duration: 1}
$data merge entity $(bone_left_arm) {transformation: [-0.5263f,0.4388f,0.7283f,0.2094f,-0.6986f,-0.7114f,-0.0762f,-0.6701f,0.4847f,-0.5489f,0.681f,0.0333f,0f,0f,0f,1f],start_interpolation: 0,interpolation_duration: 1}
data modify entity @s data merge value {"cameras":{},"locators":{"barrel1":{"px":-0.08036891298814106,"py":-0.1390160970344292,"pz":0.492264047237555,"ry":351.7256981344044,"rx":-30.034642483137503}}}