# This file was generated by Animated Java via MC-Build. It is not recommended to edit this file directly.
$data merge entity $(bone_slide) {transformation: [-0.5263f,-0.8411f,-0.1246f,-0.1351f,-0.6673f,0.4994f,-0.5525f,-0.1679f,0.5269f,-0.2076f,-0.8242f,0.316f,0f,0f,0f,1f],start_interpolation: 0,interpolation_duration: 1}
$data merge entity $(bone_barrel) {transformation: [-0.5263f,-0.8411f,-0.1246f,-0.0095f,-0.6673f,0.4994f,-0.5525f,-0.1353f,0.5269f,-0.2076f,-0.8242f,0.2752f,0f,0f,0f,1f],start_interpolation: 0,interpolation_duration: 1}
$data merge entity $(bone_magazine) {transformation: [0f,0f,0f,0.2418f,0f,0f,0f,-0.515f,0f,0f,0f,0.2528f,0f,0f,0f,1f],start_interpolation: 0,interpolation_duration: 1}
$data merge entity $(bone_grip) {transformation: [-0.5263f,-0.8411f,-0.1246f,-0.0474f,-0.6673f,0.4994f,-0.5525f,-0.3434f,0.5269f,-0.2076f,-0.8242f,0.1814f,0f,0f,0f,1f],start_interpolation: 0,interpolation_duration: 1}
$data merge entity $(bone_trigger) {transformation: [-0.5263f,-0.8411f,-0.1246f,-0.0472f,-0.6673f,0.4994f,-0.5525f,-0.3242f,0.5269f,-0.2076f,-0.8242f,0.2058f,0f,0f,0f,1f],start_interpolation: 0,interpolation_duration: 1}
$data merge entity $(bone_trigger_gaurd) {transformation: [-0.5263f,-0.8411f,-0.1246f,-0.0675f,-0.6673f,0.4994f,-0.5525f,-0.2919f,0.5269f,-0.2076f,-0.8242f,0.2265f,0f,0f,0f,1f],start_interpolation: 0,interpolation_duration: 1}
$data merge entity $(bone_right_arm) {transformation: [-0.5263f,-0.1246f,0.8411f,-0.0937f,-0.6673f,-0.5525f,-0.4994f,-0.555f,0.5269f,-0.8242f,0.2076f,-0.0677f,0f,0f,0f,1f],start_interpolation: -1,interpolation_duration: 0}
$data merge entity $(bone_magazine1) {transformation: [0f,0f,0f,-0.0437f,0f,0f,0f,-0.388f,0f,0f,0f,0.1625f,0f,0f,0f,1f],start_interpolation: -1,interpolation_duration: 0}
$data merge entity $(bone_left_arm) {transformation: [-0.5263f,0.4388f,0.7283f,0.2094f,-0.6674f,-0.744f,-0.034f,-0.6784f,0.5269f,-0.5039f,0.6844f,0.0476f,0f,0f,0f,1f],start_interpolation: -1,interpolation_duration: 0}
$execute on vehicle unless entity @s[tag=aj.transforms_only] as $(locator_barrel1) positioned ^-0.080368913 ^-0.1200067205 ^0.472841428 rotated ~351.4037808883 ~-33.5366228131 run function animated_java:glock/animations/reload_mid/zzz/frames/25_locator_barrel1
data modify entity @s data merge value {"cameras":{},"locators":{"barrel1":{"px":-0.08036891298814106,"py":-0.12000672049574701,"pz":0.4728414280485752,"ry":351.4037808883086,"rx":-33.536622813053356}}}