# This file was generated by Animated Java via MC-Build. It is not recommended to edit this file directly.
$data merge entity $(bone_slide) {transformation: [-0.5263f,-0.8411f,-0.1246f,-0.1351f,-0.6543f,0.4942f,-0.5724f,-0.1645f,0.543f,-0.2197f,-0.8105f,0.3093f,0f,0f,0f,1f],start_interpolation: 0,interpolation_duration: 1}
$data merge entity $(bone_barrel) {transformation: [-0.5263f,-0.8411f,-0.1246f,-0.0095f,-0.6543f,0.4942f,-0.5724f,-0.133f,0.543f,-0.2197f,-0.8105f,0.2677f,0f,0f,0f,1f],start_interpolation: 0,interpolation_duration: 1}
$data merge entity $(bone_magazine) {transformation: [0f,0f,0f,0.2418f,0f,0f,0f,-0.5131f,0f,0f,0f,0.2545f,0f,0f,0f,1f],start_interpolation: 0,interpolation_duration: 1}
$data merge entity $(bone_grip) {transformation: [-0.5263f,-0.8411f,-0.1246f,-0.0474f,-0.6543f,0.4942f,-0.5724f,-0.3432f,0.543f,-0.2197f,-0.8105f,0.179f,0f,0f,0f,1f],start_interpolation: 0,interpolation_duration: 1}
$data merge entity $(bone_trigger) {transformation: [-0.5263f,-0.8411f,-0.1246f,-0.0472f,-0.6543f,0.4942f,-0.5724f,-0.3235f,0.543f,-0.2197f,-0.8105f,0.2028f,0f,0f,0f,1f],start_interpolation: 0,interpolation_duration: 1}
$data merge entity $(bone_trigger_gaurd) {transformation: [-0.5263f,-0.8411f,-0.1246f,-0.0675f,-0.6543f,0.4942f,-0.5724f,-0.2907f,0.543f,-0.2197f,-0.8105f,0.2228f,0f,0f,0f,1f],start_interpolation: 0,interpolation_duration: 1}
$data merge entity $(bone_right_arm) {transformation: [-0.5263f,-0.1246f,0.8411f,-0.0937f,-0.6543f,-0.5724f,-0.4942f,-0.5609f,0.543f,-0.8105f,0.2197f,-0.0649f,0f,0f,0f,1f],start_interpolation: -1,interpolation_duration: 0}
$data merge entity $(bone_magazine1) {transformation: [0f,0f,0f,-0.0437f,0f,0f,0f,-0.3883f,0f,0f,0f,0.1612f,0f,0f,0f,1f],start_interpolation: -1,interpolation_duration: 0}
$data merge entity $(bone_left_arm) {transformation: [-0.5263f,0.4388f,0.7283f,0.2094f,-0.6543f,-0.756f,-0.0174f,-0.6814f,0.543f,-0.4857f,0.6851f,0.0533f,0f,0f,0f,1f],start_interpolation: -1,interpolation_duration: 0}
data modify entity @s data merge value {"cameras":{},"locators":{"barrel1":{"px":-0.08036891298814106,"py":-0.11285532373614551,"pz":0.4648757328691424,"ry":351.26083490860344,"rx":-34.91499312906673}}}