# This file was generated by Animated Java via MC-Build. It is not recommended to edit this file directly.
$data merge entity $(bone_slide) {transformation: [-0.6269f,-0.7614f,-0.165f,-0.0986f,-0.6422f,0.6249f,-0.444f,-0.1842f,0.4411f,-0.1724f,-0.8807f,0.3638f,0f,0f,0f,1f],start_interpolation: 0,interpolation_duration: 1}
$data merge entity $(bone_barrel) {transformation: [-0.6269f,-0.7614f,-0.165f,0.0316f,-0.6422f,0.6249f,-0.444f,-0.1646f,0.4411f,-0.1724f,-0.8807f,0.3295f,0f,0f,0f,1f],start_interpolation: 0,interpolation_duration: 1}
$data merge entity $(bone_magazine) {transformation: [0f,0f,0f,0.2323f,0f,0f,0f,-0.5699f,0f,0f,0f,0.2726f,0f,0f,0f,1f],start_interpolation: 0,interpolation_duration: 1}
$data merge entity $(bone_grip) {transformation: [-0.6269f,-0.7614f,-0.165f,-0.0295f,-0.6422f,0.6249f,-0.444f,-0.3551f,0.4411f,-0.1724f,-0.8807f,0.2134f,0f,0f,0f,1f],start_interpolation: 0,interpolation_duration: 1}
$data merge entity $(bone_trigger) {transformation: [-0.6269f,-0.7614f,-0.165f,-0.0278f,-0.6422f,0.6249f,-0.444f,-0.3387f,0.4411f,-0.1724f,-0.8807f,0.2396f,0f,0f,0f,1f],start_interpolation: 0,interpolation_duration: 1}
$data merge entity $(bone_trigger_gaurd) {transformation: [-0.6269f,-0.7614f,-0.165f,-0.0444f,-0.6422f,0.6249f,-0.444f,-0.3063f,0.4411f,-0.1724f,-0.8807f,0.2632f,0f,0f,0f,1f],start_interpolation: 0,interpolation_duration: 1}
$data merge entity $(bone_right_arm) {transformation: [-0.6269f,-0.165f,0.7614f,-0.0937f,-0.6422f,-0.444f,-0.6249f,-0.5321f,0.4411f,-0.8807f,0.1724f,-0.0578f,0f,0f,0f,1f],start_interpolation: 0,interpolation_duration: 1}
$data merge entity $(bone_magazine1) {transformation: [0f,0f,0f,0.0699f,0f,0f,0f,-0.4161f,0f,0f,0f,0.2164f,0f,0f,0f,1f],start_interpolation: 0,interpolation_duration: 1}
$data merge entity $(bone_left_arm) {transformation: [-0.8025f,0.3044f,0.5132f,0.2464f,-0.5602f,-0.6804f,-0.4724f,-0.7326f,0.2054f,-0.6666f,0.7166f,0.0425f,0f,0f,0f,1f],start_interpolation: 0,interpolation_duration: 1}
data modify entity @s data merge value {"cameras":{},"locators":{"barrel1":{"px":-0.04388631274392611,"py":-0.16029923089457337,"pz":0.5260341410984517,"ry":349.3913054461667,"rx":-26.357253690539345}}}