# This file was generated by Animated Java via MC-Build. It is not recommended to edit this file directly.
$data merge entity $(bone_slide) {transformation: [-0.9524f,-0.2699f,-0.142f,-0.0265f,-0.146f,0.8123f,-0.5646f,-0.1318f,0.2678f,-0.517f,-0.813f,0.3356f,0f,0f,0f,1f],start_interpolation: 0,interpolation_duration: 1}
$data merge entity $(bone_barrel) {transformation: [-0.9524f,-0.2699f,-0.142f,0.0995f,-0.146f,0.8123f,-0.5646f,-0.1815f,0.2678f,-0.517f,-0.813f,0.3481f,0f,0f,0f,1f],start_interpolation: 0,interpolation_duration: 1}
$data merge entity $(bone_magazine) {transformation: [-0.9524f,-0.2699f,-0.142f,-0.0185f,-0.146f,0.8123f,-0.5646f,-0.3514f,0.2678f,-0.517f,-0.813f,0.2444f,0f,0f,0f,1f],start_interpolation: 0,interpolation_duration: 1}
$data merge entity $(bone_grip) {transformation: [-0.9524f,-0.2699f,-0.142f,-0.0185f,-0.146f,0.8123f,-0.5646f,-0.3514f,0.2678f,-0.517f,-0.813f,0.2444f,0f,0f,0f,1f],start_interpolation: 0,interpolation_duration: 1}
$data merge entity $(bone_trigger) {transformation: [-0.9524f,-0.2699f,-0.142f,-0.0153f,-0.146f,0.8123f,-0.5646f,-0.3306f,0.2678f,-0.517f,-0.813f,0.2671f,0f,0f,0f,1f],start_interpolation: 0,interpolation_duration: 1}
$data merge entity $(bone_trigger_gaurd) {transformation: [-0.9524f,-0.2699f,-0.142f,-0.0185f,-0.146f,0.8123f,-0.5646f,-0.2888f,0.2678f,-0.517f,-0.813f,0.2785f,0f,0f,0f,1f],start_interpolation: 0,interpolation_duration: 1}
$data merge entity $(bone_right_arm) {transformation: [-0.9524f,-0.142f,0.2699f,-0.0937f,-0.146f,-0.5646f,-0.8123f,-0.5538f,0.2678f,-0.813f,0.517f,-0.0053f,0f,0f,0f,1f],start_interpolation: 0,interpolation_duration: 1}
$data merge entity $(bone_magazine1) {transformation: [0f,0f,0f,0.0706f,0f,0f,0f,-0.5553f,0f,0f,0f,0.3856f,0f,0f,0f,1f],start_interpolation: 0,interpolation_duration: 1}
$data merge entity $(bone_left_arm) {transformation: [-0.9453f,0.0559f,0.3214f,0.1292f,-0.2642f,0.447f,-0.8546f,-0.4819f,-0.1914f,-0.8928f,-0.4078f,-0.0053f,0f,0f,0f,1f],start_interpolation: 0,interpolation_duration: 1}
data modify entity @s data merge value {"cameras":{},"locators":{"barrel1":{"px":-0.009494571835009222,"py":-0.08762807152051444,"pz":0.5018033623347433,"ry":350.0900856888938,"rx":-34.376892742664324}}}