# This file was generated by Animated Java via MC-Build. It is not recommended to edit this file directly.
$data merge entity $(bone_slide) {transformation: [-0.7603f,-0.62f,-0.1937f,-0.058f,-0.5511f,0.7735f,-0.313f,-0.2116f,0.3438f,-0.1312f,-0.9298f,0.4189f,0f,0f,0f,1f],start_interpolation: 0,interpolation_duration: 1}
$data merge entity $(bone_barrel) {transformation: [-0.7603f,-0.62f,-0.1937f,0.0754f,-0.5511f,0.7735f,-0.313f,-0.214f,0.3438f,-0.1312f,-0.9298f,0.3919f,0f,0f,0f,1f],start_interpolation: 0,interpolation_duration: 1}
$data merge entity $(bone_magazine) {transformation: [0f,0f,0f,0.1998f,0f,0f,0f,-0.6424f,0f,0f,0f,0.2984f,0f,0f,0f,1f],start_interpolation: 0,interpolation_duration: 1}
$data merge entity $(bone_grip) {transformation: [-0.7603f,-0.62f,-0.1937f,-0.0134f,-0.5511f,0.7735f,-0.313f,-0.3765f,0.3438f,-0.1312f,-0.9298f,0.2533f,0f,0f,0f,1f],start_interpolation: 0,interpolation_duration: 1}
$data merge entity $(bone_trigger) {transformation: [-0.7603f,-0.62f,-0.1937f,-0.0101f,-0.5511f,0.7735f,-0.313f,-0.3636f,0.3438f,-0.1312f,-0.9298f,0.2812f,0f,0f,0f,1f],start_interpolation: 0,interpolation_duration: 1}
$data merge entity $(bone_trigger_gaurd) {transformation: [-0.7603f,-0.62f,-0.1937f,-0.0218f,-0.5511f,0.7735f,-0.313f,-0.3311f,0.3438f,-0.1312f,-0.9298f,0.3075f,0f,0f,0f,1f],start_interpolation: 0,interpolation_duration: 1}
$data merge entity $(bone_right_arm) {transformation: [-0.7603f,-0.1937f,0.62f,-0.0937f,-0.5511f,-0.313f,-0.7735f,-0.5097f,0.3438f,-0.9298f,0.1312f,-0.038f,0f,0f,0f,1f],start_interpolation: 0,interpolation_duration: 1}
$data merge entity $(bone_magazine1) {transformation: [0f,0f,0f,0.128f,0f,0f,0f,-0.4533f,0f,0f,0f,0.2757f,0f,0f,0f,1f],start_interpolation: 0,interpolation_duration: 1}
$data merge entity $(bone_left_arm) {transformation: [-0.9407f,0.2971f,0.1635f,0.2613f,-0.3068f,-0.5403f,-0.7835f,-0.7519f,-0.1444f,-0.7873f,0.5995f,0.0419f,0f,0f,0f,1f],start_interpolation: 0,interpolation_duration: 1}
data modify entity @s data merge value {"cameras":{},"locators":{"barrel1":{"px":-0.009233360474466115,"py":-0.2151432980513886,"pz":0.5846779910206833,"ry":348.2349002186728,"rx":-18.23868382139403}}}