# This file was generated by Animated Java via MC-Build. It is not recommended to edit this file directly.
$data merge entity $(bone_slide) {transformation: [-0.9666f,-0.2203f,-0.1306f,-0.0246f,-0.2094f,0.9735f,-0.0923f,-0.2714f,0.1475f,-0.0619f,-0.9871f,0.517f,0f,0f,0f,1f],start_interpolation: 0,interpolation_duration: 1}
$data merge entity $(bone_barrel) {transformation: [-0.9666f,-0.2203f,-0.1306f,0.0989f,-0.2094f,0.9735f,-0.0923f,-0.3273f,0.1475f,-0.0619f,-0.9871f,0.5058f,0f,0f,0f,1f],start_interpolation: 0,interpolation_duration: 1}
$data merge entity $(bone_magazine) {transformation: [0f,0f,0f,0.0548f,0f,0f,0f,-0.7541f,0f,0f,0f,0.352f,0f,0f,0f,1f],start_interpolation: 0,interpolation_duration: 1}
$data merge entity $(bone_grip) {transformation: [-0.9666f,-0.2203f,-0.1306f,-0.021f,-0.2094f,0.9735f,-0.0923f,-0.4195f,0.1475f,-0.0619f,-0.9871f,0.3308f,0f,0f,0f,1f],start_interpolation: 0,interpolation_duration: 1}
$data merge entity $(bone_trigger) {transformation: [-0.9666f,-0.2203f,-0.1306f,-0.0179f,-0.2094f,0.9735f,-0.0923f,-0.4124f,0.1475f,-0.0619f,-0.9871f,0.3607f,0f,0f,0f,1f],start_interpolation: 0,interpolation_duration: 1}
$data merge entity $(bone_trigger_gaurd) {transformation: [-0.9666f,-0.2203f,-0.1306f,-0.0201f,-0.2094f,0.9735f,-0.0923f,-0.3813f,0.1475f,-0.0619f,-0.9871f,0.391f,0f,0f,0f,1f],start_interpolation: 0,interpolation_duration: 1}
$data merge entity $(bone_right_arm) {transformation: [-0.9666f,-0.1306f,0.2203f,-0.0937f,-0.2094f,-0.0923f,-0.9735f,-0.4715f,0.1475f,-0.9871f,0.0619f,0.013f,0f,0f,0f,1f],start_interpolation: 0,interpolation_duration: 1}
$data merge entity $(bone_magazine1) {transformation: [0f,0f,0f,0.0021f,0f,0f,0f,-0.4022f,0f,0f,0f,0.3525f,0f,0f,0f,1f],start_interpolation: 0,interpolation_duration: 1}
$data merge entity $(bone_left_arm) {transformation: [-0.8977f,0.3904f,0.2043f,0.1761f,-0.3189f,-0.2559f,-0.9126f,-0.6061f,-0.304f,-0.8844f,0.3542f,0.0529f,0f,0f,0f,1f],start_interpolation: 0,interpolation_duration: 1}
data modify entity @s data merge value {"cameras":{},"locators":{"barrel1":{"px":-0.012515800850090034,"py":-0.31420142770146287,"pz":0.6839704047697868,"ry":352.46207115090067,"rx":-5.2951012433434075}}}