# This file was generated by Animated Java via MC-Build. It is not recommended to edit this file directly.
$data merge entity $(bone_slide) {transformation: [-0.9976f,-0.0363f,-0.0593f,-0.0337f,-0.0345f,0.9989f,-0.0311f,-0.2892f,0.0603f,-0.029f,-0.9978f,0.5524f,0f,0f,0f,1f],start_interpolation: 0,interpolation_duration: 1}
$data merge entity $(bone_barrel) {transformation: [-0.9976f,-0.0363f,-0.0593f,0.0783f,-0.0345f,0.9989f,-0.0311f,-0.3663f,0.0603f,-0.029f,-0.9978f,0.5481f,0f,0f,0f,1f],start_interpolation: 0,interpolation_duration: 1}
$data merge entity $(bone_magazine) {transformation: [0f,0f,0f,-0.0281f,0f,0f,0f,-0.7721f,0f,0f,0f,0.3697f,0f,0f,0f,1f],start_interpolation: 0,interpolation_duration: 1}
$data merge entity $(bone_grip) {transformation: [-0.9976f,-0.0363f,-0.0593f,-0.0406f,-0.0345f,0.9989f,-0.0311f,-0.4287f,0.0603f,-0.029f,-0.9978f,0.3597f,0f,0f,0f,1f],start_interpolation: 0,interpolation_duration: 1}
$data merge entity $(bone_trigger) {transformation: [-0.9976f,-0.0363f,-0.0593f,-0.0389f,-0.0345f,0.9989f,-0.0311f,-0.4234f,0.0603f,-0.029f,-0.9978f,0.3902f,0f,0f,0f,1f],start_interpolation: 0,interpolation_duration: 1}
$data merge entity $(bone_trigger_gaurd) {transformation: [-0.9976f,-0.0363f,-0.0593f,-0.038f,-0.0345f,0.9989f,-0.0311f,-0.3935f,0.0603f,-0.029f,-0.9978f,0.4217f,0f,0f,0f,1f],start_interpolation: 0,interpolation_duration: 1}
$data merge entity $(bone_right_arm) {transformation: [-0.9976f,-0.0593f,0.0363f,-0.0937f,-0.0345f,-0.0311f,-0.9989f,-0.455f,0.0603f,-0.9978f,0.029f,0.035f,0f,0f,0f,1f],start_interpolation: 0,interpolation_duration: 1}
$data merge entity $(bone_magazine1) {transformation: [0f,0f,0f,-0.0698f,0f,0f,0f,-0.3739f,0f,0f,0f,0.3835f,0f,0f,0f,1f],start_interpolation: 0,interpolation_duration: 1}
$data merge entity $(bone_left_arm) {transformation: [-0.8616f,0.4053f,0.3055f,0.1215f,-0.3679f,-0.084f,-0.9261f,-0.5133f,-0.3496f,-0.9103f,0.2215f,0.0586f,0f,0f,0f,1f],start_interpolation: 0,interpolation_duration: 1}
data modify entity @s data merge value {"cameras":{},"locators":{"barrel1":{"px":-0.043935684712617315,"py":-0.3395583997888475,"pz":0.717438366864505,"ry":356.6003652246214,"rx":-1.7834320756303537}}}