# This file was generated by Animated Java via MC-Build. It is not recommended to edit this file directly.
$data merge entity $(bone_slide) {transformation: [-0.9224f,-0.3621f,-0.1343f,-0.0453f,-0.1501f,0.6565f,-0.7393f,-0.1125f,0.3559f,-0.6618f,-0.6599f,0.2259f,0f,0f,0f,1f],start_interpolation: 0,interpolation_duration: 1}
$data merge entity $(bone_barrel) {transformation: [-0.9224f,-0.3621f,-0.1343f,0.0849f,-0.1501f,0.6565f,-0.7393f,-0.1492f,0.3559f,-0.6618f,-0.6599f,0.2405f,0f,0f,0f,1f],start_interpolation: 0,interpolation_duration: 1}
$data merge entity $(bone_magazine) {transformation: [-0.9224f,-0.3621f,-0.1343f,-0.0234f,-0.1501f,0.6565f,-0.7393f,-0.3457f,0.3559f,-0.6618f,-0.6599f,0.1842f,0f,0f,0f,1f],start_interpolation: 0,interpolation_duration: 1}
$data merge entity $(bone_grip) {transformation: [-0.9224f,-0.3621f,-0.1343f,-0.0234f,-0.1501f,0.6565f,-0.7393f,-0.3457f,0.3559f,-0.6618f,-0.6599f,0.1842f,0f,0f,0f,1f],start_interpolation: 0,interpolation_duration: 1}
$data merge entity $(bone_trigger) {transformation: [-0.9224f,-0.3621f,-0.1343f,-0.0209f,-0.1501f,0.6565f,-0.7393f,-0.3202f,0.3559f,-0.6618f,-0.6599f,0.2015f,0f,0f,0f,1f],start_interpolation: 0,interpolation_duration: 1}
$data merge entity $(bone_trigger_gaurd) {transformation: [-0.9224f,-0.3621f,-0.1343f,-0.027f,-0.1501f,0.6565f,-0.7393f,-0.2772f,0.3559f,-0.6618f,-0.6599f,0.2038f,0f,0f,0f,1f],start_interpolation: 0,interpolation_duration: 1}
$data merge entity $(bone_right_arm) {transformation: [-0.9224f,-0.1343f,0.3621f,-0.0937f,-0.1501f,-0.7393f,-0.6565f,-0.6032f,0.3559f,-0.6599f,0.6618f,-0.0101f,0f,0f,0f,1f],start_interpolation: 0,interpolation_duration: 1}
$data merge entity $(bone_magazine1) {transformation: [0f,0f,0f,0.1246f,0f,0f,0f,-0.6604f,0f,0f,0f,0.3411f,0f,0f,0f,1f],start_interpolation: 0,interpolation_duration: 1}
$data merge entity $(bone_left_arm) {transformation: [-0.974f,-0.0038f,0.2263f,0.1492f,-0.1791f,0.6245f,-0.7602f,-0.5078f,-0.1384f,-0.781f,-0.6089f,-0.03f,0f,0f,0f,1f],start_interpolation: 0,interpolation_duration: 1}
data modify entity @s data merge value {"cameras":{},"locators":{"barrel1":{"px":-0.023840543605846802,"py":-0.03151201487120525,"pz":0.3770759603443732,"ry":348.49658539529867,"rx":-47.66980808015492}}}