# This file was generated by Animated Java via MC-Build. It is not recommended to edit this file directly.
$data merge entity $(bone_slide) {transformation: [-0.9296f,-0.3469f,-0.1246f,-0.0479f,-0.0918f,0.5452f,-0.8333f,-0.1203f,0.357f,-0.7632f,-0.5386f,0.1533f,0f,0f,0f,1f],start_interpolation: 0,interpolation_duration: 1}
$data merge entity $(bone_barrel) {transformation: [-0.9296f,-0.3469f,-0.1246f,0.0819f,-0.0918f,0.5452f,-0.8333f,-0.1544f,0.357f,-0.7632f,-0.5386f,0.176f,0f,0f,0f,1f],start_interpolation: 0,interpolation_duration: 1}
$data merge entity $(bone_magazine) {transformation: [-0.9296f,-0.3469f,-0.1246f,-0.0261f,-0.0918f,0.5452f,-0.8333f,-0.3572f,0.357f,-0.7632f,-0.5386f,0.149f,0f,0f,0f,1f],start_interpolation: 0,interpolation_duration: 1}
$data merge entity $(bone_grip) {transformation: [-0.9296f,-0.3469f,-0.1246f,-0.0261f,-0.0918f,0.5452f,-0.8333f,-0.3572f,0.357f,-0.7632f,-0.5386f,0.149f,0f,0f,0f,1f],start_interpolation: 0,interpolation_duration: 1}
$data merge entity $(bone_trigger) {transformation: [-0.9296f,-0.3469f,-0.1246f,-0.0238f,-0.0918f,0.5452f,-0.8333f,-0.3293f,0.357f,-0.7632f,-0.5386f,0.1622f,0f,0f,0f,1f],start_interpolation: 0,interpolation_duration: 1}
$data merge entity $(bone_trigger_gaurd) {transformation: [-0.9296f,-0.3469f,-0.1246f,-0.0298f,-0.0918f,0.5452f,-0.8333f,-0.2865f,0.357f,-0.7632f,-0.5386f,0.1576f,0f,0f,0f,1f],start_interpolation: 0,interpolation_duration: 1}
$data merge entity $(bone_right_arm) {transformation: [-0.9296f,-0.1246f,0.3469f,-0.0937f,-0.0918f,-0.8333f,-0.5452f,-0.6419f,0.357f,-0.5386f,0.7632f,-0.004f,0f,0f,0f,1f],start_interpolation: 0,interpolation_duration: 1}
$data merge entity $(bone_magazine1) {transformation: [0f,0f,0f,0.1576f,0f,0f,0f,-0.7576f,0f,0f,0f,0.2901f,0f,0f,0f,1f],start_interpolation: 0,interpolation_duration: 1}
$data merge entity $(bone_left_arm) {transformation: [-0.9906f,-0.0088f,0.1364f,0.17f,-0.0952f,0.7605f,-0.6423f,-0.539f,-0.0981f,-0.6492f,-0.7542f,-0.047f,0f,0f,0f,1f],start_interpolation: 0,interpolation_duration: 1}
data modify entity @s data merge value {"cameras":{},"locators":{"barrel1":{"px":-0.02899438828331198,"py":-0.016748460642810603,"pz":0.29032627985537623,"ry":346.97627870506886,"rx":-56.436928672107676}}}