# This file was generated by Animated Java via MC-Build. It is not recommended to edit this file directly.
$data merge entity $(bone_slide) {transformation: [-0.912f,0.3925f,-0.1194f,0.0585f,0.3104f,0.4699f,-0.8264f,-0.164f,-0.2682f,-0.7907f,-0.5503f,0.1892f,0f,0f,0f,1f],start_interpolation: 0,interpolation_duration: 1}
$data merge entity $(bone_barrel) {transformation: [-0.912f,0.3925f,-0.1194f,0.1265f,0.3104f,0.4699f,-0.8264f,-0.236f,-0.2682f,-0.7907f,-0.5503f,0.2826f,0f,0f,0f,1f],start_interpolation: 0,interpolation_duration: 1}
$data merge entity $(bone_magazine) {transformation: [-0.912f,0.3925f,-0.1194f,-0.0848f,0.3104f,0.4699f,-0.8264f,-0.4703f,-0.2682f,-0.7907f,-0.5503f,0.3223f,0f,0f,0f,1f],start_interpolation: 0,interpolation_duration: 1}
$data merge entity $(bone_grip) {transformation: [-0.912f,0.3925f,-0.1194f,-0.0174f,0.3104f,0.4699f,-0.8264f,-0.3895f,-0.2682f,-0.7907f,-0.5503f,0.1864f,0f,0f,0f,1f],start_interpolation: 0,interpolation_duration: 1}
$data merge entity $(bone_trigger) {transformation: [-0.912f,0.3925f,-0.1194f,-0.012f,0.3104f,0.4699f,-0.8264f,-0.3622f,-0.2682f,-0.7907f,-0.5503f,0.1998f,0f,0f,0f,1f],start_interpolation: 0,interpolation_duration: 1}
$data merge entity $(bone_trigger_gaurd) {transformation: [-0.912f,0.3925f,-0.1194f,0.0032f,0.3104f,0.4699f,-0.8264f,-0.3218f,-0.2682f,-0.7907f,-0.5503f,0.1948f,0f,0f,0f,1f],start_interpolation: 0,interpolation_duration: 1}
$data merge entity $(bone_right_arm) {transformation: [-0.912f,-0.1194f,-0.3925f,-0.0937f,0.3104f,-0.8264f,-0.4699f,-0.657f,-0.2682f,-0.5503f,0.7907f,0.0085f,0f,0f,0f,1f],start_interpolation: 0,interpolation_duration: 1}
$data merge entity $(bone_magazine1) {transformation: [0f,0f,0f,0.1802f,0f,0f,0f,-0.8275f,0f,0f,0f,0.2549f,0f,0f,0f,1f],start_interpolation: 0,interpolation_duration: 1}
$data merge entity $(bone_left_arm) {transformation: [-0.9979f,0.0072f,0.0648f,0.1904f,-0.0297f,0.8348f,-0.5498f,-0.5696f,-0.058f,-0.5505f,-0.8328f,-0.0533f,0f,0f,0f,1f],start_interpolation: 0,interpolation_duration: 1}
$execute on vehicle unless entity @s[tag=aj.transforms_only] as $(locator_barrel1) positioned ^0.0365278396 ^-0.0486677102 ^0.3160389576 rotated ~347.7588042142 ~-55.728499798 run function animated_java:glock/animations/reload_mid/zzz/frames/6_locator_barrel1
data modify entity @s data merge value {"cameras":{},"locators":{"barrel1":{"px":0.03652783962296207,"py":-0.04866771022630906,"pz":0.31603895755425504,"ry":347.75880421415843,"rx":-55.72849979798319}}}