# This file was generated by Animated Java via MC-Build. It is not recommended to edit this file directly.
$data merge entity $(bone_slide) {transformation: [-0.503f,0.8552f,-0.1246f,0.1159f,0.457f,0.1409f,-0.8782f,-0.197f,-0.7336f,-0.4987f,-0.4617f,0.2058f,0f,0f,0f,1f],start_interpolation: 0,interpolation_duration: 1}
$data merge entity $(bone_barrel) {transformation: [-0.503f,0.8552f,-0.1246f,0.1017f,0.457f,0.1409f,-0.8782f,-0.2584f,-0.7336f,-0.4987f,-0.4617f,0.3264f,0f,0f,0f,1f],start_interpolation: 0,interpolation_duration: 1}
$data merge entity $(bone_magazine) {transformation: [-0.503f,0.8552f,-0.1246f,-0.3168f,0.457f,0.1409f,-0.8782f,-0.4372f,-0.7336f,-0.4987f,-0.4617f,0.3528f,0f,0f,0f,1f],start_interpolation: 0,interpolation_duration: 1}
$data merge entity $(bone_grip) {transformation: [-0.503f,0.8552f,-0.1246f,-0.0228f,0.457f,0.1409f,-0.8782f,-0.3888f,-0.7336f,-0.4987f,-0.4617f,0.1814f,0f,0f,0f,1f],start_interpolation: 0,interpolation_duration: 1}
$data merge entity $(bone_trigger) {transformation: [-0.503f,0.8552f,-0.1246f,-0.0152f,0.457f,0.1409f,-0.8782f,-0.3613f,-0.7336f,-0.4987f,-0.4617f,0.1934f,0f,0f,0f,1f],start_interpolation: 0,interpolation_duration: 1}
$data merge entity $(bone_trigger_gaurd) {transformation: [-0.503f,0.8552f,-0.1246f,0.0135f,0.457f,0.1409f,-0.8782f,-0.3287f,-0.7336f,-0.4987f,-0.4617f,0.194f,0f,0f,0f,1f],start_interpolation: 0,interpolation_duration: 1}
$data merge entity $(bone_right_arm) {transformation: [-0.503f,-0.1246f,-0.8552f,-0.0937f,0.457f,-0.8782f,-0.1409f,-0.6633f,-0.7336f,-0.4617f,0.4987f,0.0122f,0f,0f,0f,1f],start_interpolation: 0,interpolation_duration: 1}
$data merge entity $(bone_magazine1) {transformation: [0f,0f,0f,0.2094f,0f,0f,0f,-0.8561f,0f,0f,0f,0.256f,0f,0f,0f,1f],start_interpolation: 0,interpolation_duration: 1}
$data merge entity $(bone_left_arm) {transformation: [-1f,0f,0f,0.2094f,0f,0.8434f,-0.5373f,-0.5934f,0f,-0.5373f,-0.8434f,-0.0483f,0f,0f,0f,1f],start_interpolation: 0,interpolation_duration: 1}
data modify entity @s data merge value {"cameras":{},"locators":{"barrel1":{"px":0.07837156733372522,"py":-0.05202091489324712,"pz":0.292040937677557,"ry":344.89872177829295,"rx":-61.43092084701738}}}