# This file was generated by Animated Java via MC-Build. It is not recommended to edit this file directly.
$data merge entity $(bone_slide) {transformation: [-0.6159f,0.7828f,-0.0889f,0.0903f,0.446f,0.2534f,-0.8584f,-0.1906f,-0.6495f,-0.5683f,-0.5052f,0.2122f,0f,0f,0f,1f],start_interpolation: 0,interpolation_duration: 1}
$data merge entity $(bone_barrel) {transformation: [-0.6159f,0.7828f,-0.0889f,0.0943f,0.446f,0.2534f,-0.8584f,-0.2599f,-0.6495f,-0.5683f,-0.5052f,0.3293f,0f,0f,0f,1f],start_interpolation: 0,interpolation_duration: 1}
$data merge entity $(bone_magazine) {transformation: [0f,0f,0f,-0.3008f,0f,0f,0f,-0.4806f,0f,0f,0f,0.3839f,0f,0f,0f,1f],start_interpolation: -1,interpolation_duration: 0}
$data merge entity $(bone_grip) {transformation: [-0.6159f,0.7828f,-0.0889f,-0.0317f,0.446f,0.2534f,-0.8584f,-0.3935f,-0.6495f,-0.5683f,-0.5052f,0.1886f,0f,0f,0f,1f],start_interpolation: 0,interpolation_duration: 1}
$data merge entity $(bone_trigger) {transformation: [-0.6159f,0.7828f,-0.0889f,-0.0256f,0.446f,0.2534f,-0.8584f,-0.3661f,-0.6495f,-0.5683f,-0.5052f,0.2016f,0f,0f,0f,1f],start_interpolation: 0,interpolation_duration: 1}
$data merge entity $(bone_trigger_gaurd) {transformation: [-0.6159f,0.7828f,-0.0889f,-0.0001f,0.446f,0.2534f,-0.8584f,-0.3309f,-0.6495f,-0.5683f,-0.5052f,0.2016f,0f,0f,0f,1f],start_interpolation: 0,interpolation_duration: 1}
$data merge entity $(bone_right_arm) {transformation: [-0.6159f,-0.0889f,-0.7828f,-0.0937f,0.446f,-0.8584f,-0.2534f,-0.6635f,-0.6495f,-0.5052f,0.5683f,0.009f,0f,0f,0f,1f],start_interpolation: 0,interpolation_duration: 1}
$data merge entity $(bone_magazine1) {transformation: [0f,0f,0f,0.2381f,0f,0f,0f,-0.8487f,0f,0f,0f,0.2792f,0f,0f,0f,1f],start_interpolation: 0,interpolation_duration: 1}
$data merge entity $(bone_left_arm) {transformation: [-0.9987f,-0.0349f,-0.0371f,0.2204f,-0.0066f,0.8101f,-0.5862f,-0.6045f,0.0505f,-0.5852f,-0.8093f,-0.0396f,0f,0f,0f,1f],start_interpolation: 0,interpolation_duration: 1}
data modify entity @s data merge value {"cameras":{},"locators":{"barrel1":{"px":0.04844793959810578,"py":-0.05519265770702808,"pz":0.31120584519274896,"ry":350.0217400114685,"rx":-59.13726468850145}}}