# This file was generated by Animated Java via MC-Build. It is not recommended to edit this file directly.
$data merge entity $(bone_slide) {transformation: [-0.9958f,0.0874f,-0.0287f,-0.0309f,0.0878f,0.9961f,-0.0116f,-0.2928f,0.0276f,-0.0141f,-0.9995f,0.5404f,0f,0f,0f,1f],start_interpolation: 0,interpolation_duration: 1}
$data merge entity $(bone_barrel) {transformation: [-0.9958f,0.0874f,-0.0287f,0.0709f,0.0878f,0.9961f,-0.0116f,-0.3831f,0.0276f,-0.0141f,-0.9995f,0.5385f,0f,0f,0f,1f],start_interpolation: 0,interpolation_duration: 1}
$data merge entity $(bone_magazine) {transformation: [-0.9958f,0.0874f,-0.0287f,-0.0483f,0.0878f,0.9961f,-0.0116f,-0.4281f,0.0276f,-0.0141f,-0.9995f,0.3454f,0f,0f,0f,1f],start_interpolation: 0,interpolation_duration: 1}
$data merge entity $(bone_grip) {transformation: [-0.9958f,0.0874f,-0.0287f,-0.0483f,0.0878f,0.9961f,-0.0116f,-0.4281f,0.0276f,-0.0141f,-0.9995f,0.3454f,0f,0f,0f,1f],start_interpolation: 0,interpolation_duration: 1}
$data merge entity $(bone_trigger) {transformation: [-0.9958f,0.0874f,-0.0287f,-0.047f,0.0878f,0.9961f,-0.0116f,-0.4234f,0.0276f,-0.0141f,-0.9995f,0.3759f,0f,0f,0f,1f],start_interpolation: 0,interpolation_duration: 1}
$data merge entity $(bone_trigger_gaurd) {transformation: [-0.9958f,0.0874f,-0.0287f,-0.0435f,0.0878f,0.9961f,-0.0116f,-0.3942f,0.0276f,-0.0141f,-0.9995f,0.408f,0f,0f,0f,1f],start_interpolation: 0,interpolation_duration: 1}
$data merge entity $(bone_right_arm) {transformation: [-0.9958f,-0.0287f,-0.0874f,-0.0937f,0.0878f,-0.0116f,-0.9961f,-0.45f,0.0276f,-0.9995f,0.0141f,0.0187f,0f,0f,0f,1f],start_interpolation: 0,interpolation_duration: 1}
$data merge entity $(bone_magazine1) {transformation: [0f,0f,0f,-0.0982f,0f,0f,0f,-0.3886f,0f,0f,0f,0.3717f,0f,0f,0f,1f],start_interpolation: 0,interpolation_duration: 1}
$data merge entity $(bone_left_arm) {transformation: [-0.8457f,0.3668f,0.3875f,0.0878f,-0.3855f,0.0822f,-0.919f,-0.4632f,-0.3689f,-0.9267f,0.0719f,0.0232f,0f,0f,0f,1f],start_interpolation: 0,interpolation_duration: 1}
data modify entity @s data merge value {"cameras":{},"locators":{"barrel1":{"px":-0.05282933590277285,"py":-0.34349466558259517,"pz":0.7041656497997975,"ry":358.35545551675824,"rx":-0.6663967970403889}}}