# This file was generated by Animated Java via MC-Build. It is not recommended to edit this file directly.
$data merge entity $(bone_slide) {transformation: [-0.7992f,0.348f,-0.49f,0.2448f,0.0712f,0.8644f,0.4977f,-0.58f,0.5968f,0.3629f,-0.7156f,0.4301f,0f,0f,0f,1f],start_interpolation: 0,interpolation_duration: 1}
$data merge entity $(bone_barrel) {transformation: [-0.7992f,0.348f,-0.49f,0.3041f,0.0712f,0.8644f,0.4977f,-0.6578f,0.5968f,0.3629f,-0.7156f,0.3354f,0f,0f,0f,1f],start_interpolation: 0,interpolation_duration: 1}
$data merge entity $(bone_magazine) {transformation: [-0.7992f,0.348f,-0.49f,0.1019f,0.0712f,0.8644f,0.4977f,-0.5974f,0.5968f,0.3629f,-0.7156f,0.2407f,0f,0f,0f,1f],start_interpolation: 0,interpolation_duration: 1}
$data merge entity $(bone_grip) {transformation: [-0.7992f,0.348f,-0.49f,0.1019f,0.0712f,0.8644f,0.4977f,-0.5974f,0.5968f,0.3629f,-0.7156f,0.2407f,0f,0f,0f,1f],start_interpolation: 0,interpolation_duration: 1}
$data merge entity $(bone_trigger) {transformation: [-0.7992f,0.348f,-0.49f,0.1184f,0.0712f,0.8644f,0.4977f,-0.6089f,0.5968f,0.3629f,-0.7156f,0.2642f,0f,0f,0f,1f],start_interpolation: 0,interpolation_duration: 1}
$data merge entity $(bone_trigger_gaurd) {transformation: [-0.7992f,0.348f,-0.49f,0.1443f,0.0712f,0.8644f,0.4977f,-0.6f,0.5968f,0.3629f,-0.7156f,0.2979f,0f,0f,0f,1f],start_interpolation: 0,interpolation_duration: 1}
$data merge entity $(bone_right_arm) {transformation: [-0.7992f,-0.49f,-0.348f,-0.0937f,0.0712f,0.4977f,-0.8644f,-0.45f,0.5968f,-0.7156f,-0.3629f,0.0187f,0f,0f,0f,1f],start_interpolation: 0,interpolation_duration: 1}
$data merge entity $(bone_magazine1) {transformation: [0f,0f,0f,0.1432f,0f,0f,0f,-0.8375f,0f,0f,0f,0.1959f,0f,0f,0f,1f],start_interpolation: 0,interpolation_duration: 1}
$data merge entity $(bone_left_arm) {transformation: [-0.9792f,-0.0524f,0.1962f,0.1457f,-0.1515f,0.8318f,-0.534f,-0.5789f,-0.1352f,-0.5526f,-0.8224f,-0.1119f,0f,0f,0f,1f],start_interpolation: 0,interpolation_duration: 1}
data modify entity @s data merge value {"cameras":{},"locators":{"barrel1":{"px":0.2879447888326393,"py":-0.7066394248712283,"pz":0.5395741486142631,"ry":325.5978779916355,"rx":29.84994045367476}}}