# This file was generated by Animated Java via MC-Build. It is not recommended to edit this file directly.
$data merge entity $(bone_slide) {transformation: [-0.736f,0.4572f,-0.4993f,0.2644f,0.0654f,0.7821f,0.6198f,-0.6566f,0.6739f,0.4235f,-0.6055f,0.379f,0f,0f,0f,1f],start_interpolation: 0,interpolation_duration: 1}
$data merge entity $(bone_barrel) {transformation: [-0.736f,0.4572f,-0.4993f,0.3079f,0.0654f,0.7821f,0.6198f,-0.7271f,0.6739f,0.4235f,-0.6055f,0.271f,0f,0f,0f,1f],start_interpolation: 0,interpolation_duration: 1}
$data merge entity $(bone_magazine) {transformation: [-0.736f,0.4572f,-0.4993f,0.105f,0.0654f,0.7821f,0.6198f,-0.639f,0.6739f,0.4235f,-0.6055f,0.2032f,0f,0f,0f,1f],start_interpolation: 0,interpolation_duration: 1}
$data merge entity $(bone_grip) {transformation: [-0.736f,0.4572f,-0.4993f,0.105f,0.0654f,0.7821f,0.6198f,-0.639f,0.6739f,0.4235f,-0.6055f,0.2032f,0f,0f,0f,1f],start_interpolation: 0,interpolation_duration: 1}
$data merge entity $(bone_trigger) {transformation: [-0.736f,0.4572f,-0.4993f,0.1223f,0.0654f,0.7821f,0.6198f,-0.6545f,0.6739f,0.4235f,-0.6055f,0.2236f,0f,0f,0f,1f],start_interpolation: 0,interpolation_duration: 1}
$data merge entity $(bone_trigger_gaurd) {transformation: [-0.736f,0.4572f,-0.4993f,0.1517f,0.0654f,0.7821f,0.6198f,-0.6521f,0.6739f,0.4235f,-0.6055f,0.2554f,0f,0f,0f,1f],start_interpolation: 0,interpolation_duration: 1}
$data merge entity $(bone_right_arm) {transformation: [-0.736f,-0.4993f,-0.4572f,-0.0937f,0.0654f,0.6198f,-0.7821f,-0.45f,0.6739f,-0.6055f,-0.4235f,0.0187f,0f,0f,0f,1f],start_interpolation: 0,interpolation_duration: 1}
$data merge entity $(bone_magazine1) {transformation: [0f,0f,0f,0.1586f,0f,0f,0f,-0.8862f,0f,0f,0f,0.1467f,0f,0f,0f,1f],start_interpolation: 0,interpolation_duration: 1}
$data merge entity $(bone_left_arm) {transformation: [-0.987f,-0.0602f,0.1487f,0.1526f,-0.1199f,0.8927f,-0.4344f,-0.5927f,-0.1066f,-0.4466f,-0.8883f,-0.128f,0f,0f,0f,1f],start_interpolation: 0,interpolation_duration: 1}
data modify entity @s data merge value {"cameras":{},"locators":{"barrel1":{"px":0.304453477515566,"py":-0.7986966825233296,"pz":0.46892453736493633,"ry":320.48728203410496,"rx":38.29873650720639}}}