# This file was generated by Animated Java via MC-Build. It is not recommended to edit this file directly.
$data merge entity $(bone_slide) {transformation: [-0.6665f,0.5697f,-0.4809f,0.2697f,0.059f,0.6833f,0.7277f,-0.7284f,0.7432f,0.4567f,-0.489f,0.3206f,0f,0f,0f,1f],start_interpolation: 0,interpolation_duration: 1}
$data merge entity $(bone_barrel) {transformation: [-0.6665f,0.5697f,-0.4809f,0.2965f,0.059f,0.6833f,0.7277f,-0.7901f,0.7432f,0.4567f,-0.489f,0.2023f,0f,0f,0f,1f],start_interpolation: 0,interpolation_duration: 1}
$data merge entity $(bone_magazine) {transformation: [-0.6665f,0.5697f,-0.4809f,0.099f,0.059f,0.6833f,0.7277f,-0.6763f,0.7432f,0.4567f,-0.489f,0.1633f,0f,0f,0f,1f],start_interpolation: 0,interpolation_duration: 1}
$data merge entity $(bone_grip) {transformation: [-0.6665f,0.5697f,-0.4809f,0.099f,0.059f,0.6833f,0.7277f,-0.6763f,0.7432f,0.4567f,-0.489f,0.1633f,0f,0f,0f,1f],start_interpolation: 0,interpolation_duration: 1}
$data merge entity $(bone_trigger) {transformation: [-0.6665f,0.5697f,-0.4809f,0.1162f,0.059f,0.6833f,0.7277f,-0.6956f,0.7432f,0.4567f,-0.489f,0.1803f,0f,0f,0f,1f],start_interpolation: 0,interpolation_duration: 1}
$data merge entity $(bone_trigger_gaurd) {transformation: [-0.6665f,0.5697f,-0.4809f,0.1483f,0.059f,0.6833f,0.7277f,-0.6994f,0.7432f,0.4567f,-0.489f,0.2093f,0f,0f,0f,1f],start_interpolation: 0,interpolation_duration: 1}
$data merge entity $(bone_right_arm) {transformation: [-0.6665f,-0.4809f,-0.5697f,-0.0937f,0.059f,0.7277f,-0.6833f,-0.45f,0.7432f,-0.489f,-0.4567f,0.0187f,0f,0f,0f,1f],start_interpolation: 0,interpolation_duration: 1}
$data merge entity $(bone_magazine1) {transformation: [0f,0f,0f,0.1691f,0f,0f,0f,-0.9287f,0f,0f,0f,0.096f,0f,0f,0f,1f],start_interpolation: 0,interpolation_duration: 1}
$data merge entity $(bone_left_arm) {transformation: [-0.9928f,-0.0577f,0.1052f,0.1591f,-0.0898f,0.9388f,-0.3325f,-0.6057f,-0.0796f,-0.3396f,-0.9372f,-0.1431f,0f,0f,0f,1f],start_interpolation: 0,interpolation_duration: 1}
data modify entity @s data merge value {"cameras":{},"locators":{"barrel1":{"px":0.30215668804245144,"py":-0.8827222609890141,"pz":0.39133802880368096,"ry":315.4811696146525,"rx":46.69675975750439}}}