# This file was generated by Animated Java via MC-Build. It is not recommended to edit this file directly.
$data merge entity $(bone_slide) {transformation: [-0.5951f,0.6739f,-0.4379f,0.2608f,0.0525f,0.5762f,0.8156f,-0.7909f,0.802f,0.4624f,-0.3783f,0.2613f,0f,0f,0f,1f],start_interpolation: 0,interpolation_duration: 1}
$data merge entity $(bone_barrel) {transformation: [-0.5951f,0.6739f,-0.4379f,0.2714f,0.0525f,0.5762f,0.8156f,-0.8432f,0.802f,0.4624f,-0.3783f,0.1362f,0f,0f,0f,1f],start_interpolation: 0,interpolation_duration: 1}
$data merge entity $(bone_magazine) {transformation: [-0.5951f,0.6739f,-0.4379f,0.0846f,0.0525f,0.5762f,0.8156f,-0.7071f,0.802f,0.4624f,-0.3783f,0.1251f,0f,0f,0f,1f],start_interpolation: 0,interpolation_duration: 1}
$data merge entity $(bone_grip) {transformation: [-0.5951f,0.6739f,-0.4379f,0.0846f,0.0525f,0.5762f,0.8156f,-0.7071f,0.802f,0.4624f,-0.3783f,0.1251f,0f,0f,0f,1f],start_interpolation: 0,interpolation_duration: 1}
$data merge entity $(bone_trigger) {transformation: [-0.5951f,0.6739f,-0.4379f,0.101f,0.0525f,0.5762f,0.8156f,-0.7296f,0.802f,0.4624f,-0.3783f,0.1387f,0f,0f,0f,1f],start_interpolation: 0,interpolation_duration: 1}
$data merge entity $(bone_trigger_gaurd) {transformation: [-0.5951f,0.6739f,-0.4379f,0.1347f,0.0525f,0.5762f,0.8156f,-0.7394f,0.802f,0.4624f,-0.3783f,0.1643f,0f,0f,0f,1f],start_interpolation: 0,interpolation_duration: 1}
$data merge entity $(bone_right_arm) {transformation: [-0.5951f,-0.4379f,-0.6739f,-0.0937f,0.0525f,0.8156f,-0.5762f,-0.45f,0.802f,-0.3783f,-0.4624f,0.0187f,0f,0f,0f,1f],start_interpolation: 0,interpolation_duration: 1}
$data merge entity $(bone_magazine1) {transformation: [0f,0f,0f,0.1754f,0f,0f,0f,-0.9642f,0f,0f,0f,0.0463f,0f,0f,0f,1f],start_interpolation: 0,interpolation_duration: 1}
$data merge entity $(bone_left_arm) {transformation: [-0.9966f,-0.0473f,0.0679f,0.165f,-0.062f,0.9704f,-0.2334f,-0.6175f,-0.0549f,-0.2368f,-0.97f,-0.1569f,0f,0f,0f,1f],start_interpolation: 0,interpolation_duration: 1}
data modify entity @s data merge value {"cameras":{},"locators":{"barrel1":{"px":0.2821114792658671,"py":-0.9537522576893238,"pz":0.31501729700893955,"ry":310.8230930070135,"rx":54.64610352561235}}}