# This file was generated by Animated Java via MC-Build. It is not recommended to edit this file directly.
$data merge entity $(bone_slide) {transformation: [-0.5267f,0.7608f,-0.3791f,0.2411f,0.0463f,0.471f,0.8809f,-0.8412f,0.8488f,0.4464f,-0.2833f,0.2073f,0f,0f,0f,1f],start_interpolation: 0,interpolation_duration: 1}
$data merge entity $(bone_barrel) {transformation: [-0.5267f,0.7608f,-0.3791f,0.2371f,0.0463f,0.471f,0.8809f,-0.8844f,0.8488f,0.4464f,-0.2833f,0.0784f,0f,0f,0f,1f],start_interpolation: 0,interpolation_duration: 1}
$data merge entity $(bone_magazine) {transformation: [-0.5267f,0.7608f,-0.3791f,0.0648f,0.0463f,0.471f,0.8809f,-0.7306f,0.8488f,0.4464f,-0.2833f,0.092f,0f,0f,0f,1f],start_interpolation: 0,interpolation_duration: 1}
$data merge entity $(bone_grip) {transformation: [-0.5267f,0.7608f,-0.3791f,0.0648f,0.0463f,0.471f,0.8809f,-0.7306f,0.8488f,0.4464f,-0.2833f,0.092f,0f,0f,0f,1f],start_interpolation: 0,interpolation_duration: 1}
$data merge entity $(bone_trigger) {transformation: [-0.5267f,0.7608f,-0.3791f,0.0798f,0.0463f,0.471f,0.8809f,-0.7555f,0.8488f,0.4464f,-0.2833f,0.1026f,0f,0f,0f,1f],start_interpolation: 0,interpolation_duration: 1}
$data merge entity $(bone_trigger_gaurd) {transformation: [-0.5267f,0.7608f,-0.3791f,0.1141f,0.0463f,0.471f,0.8809f,-0.7705f,0.8488f,0.4464f,-0.2833f,0.1247f,0f,0f,0f,1f],start_interpolation: 0,interpolation_duration: 1}
$data merge entity $(bone_right_arm) {transformation: [-0.5267f,-0.3791f,-0.7608f,-0.0937f,0.0463f,0.8809f,-0.471f,-0.45f,0.8488f,-0.2833f,-0.4464f,0.0187f,0f,0f,0f,1f],start_interpolation: 0,interpolation_duration: 1}
$data merge entity $(bone_magazine1) {transformation: [0f,0f,0f,0.1783f,0f,0f,0f,-0.9925f,0f,0f,0f,0.0003f,0f,0f,0f,1f],start_interpolation: 0,interpolation_duration: 1}
$data merge entity $(bone_left_arm) {transformation: [-0.9988f,-0.0322f,0.0379f,0.1703f,-0.0373f,0.9892f,-0.1419f,-0.628f,-0.0329f,-0.1432f,-0.9892f,-0.1691f,0f,0f,0f,1f],start_interpolation: 0,interpolation_duration: 1}
data modify entity @s data merge value {"cameras":{},"locators":{"barrel1":{"px":0.24954577432125158,"py":-1.0091232287645315,"pz":0.24753314271182114,"ry":306.7683335868068,"rx":61.755173868844935}}}