# This file was generated by Animated Java via MC-Build. It is not recommended to edit this file directly.
$data merge entity $(bone_slide) {transformation: [-0.4668f,0.8256f,-0.317f,0.2164f,0.0409f,0.3782f,0.9248f,-0.8784f,0.8834f,0.4187f,-0.2103f,0.1636f,0f,0f,0f,1f],start_interpolation: 0,interpolation_duration: 1}
$data merge entity $(bone_barrel) {transformation: [-0.4668f,0.8256f,-0.317f,0.2007f,0.0409f,0.3782f,0.9248f,-0.9135f,0.8834f,0.4187f,-0.2103f,0.0331f,0f,0f,0f,1f],start_interpolation: 0,interpolation_duration: 1}
$data merge entity $(bone_magazine) {transformation: [-0.4668f,0.8256f,-0.317f,0.0438f,0.0409f,0.3782f,0.9248f,-0.7468f,0.8834f,0.4187f,-0.2103f,0.0663f,0f,0f,0f,1f],start_interpolation: 0,interpolation_duration: 1}
$data merge entity $(bone_grip) {transformation: [-0.4668f,0.8256f,-0.317f,0.0438f,0.0409f,0.3782f,0.9248f,-0.7468f,0.8834f,0.4187f,-0.2103f,0.0663f,0f,0f,0f,1f],start_interpolation: 0,interpolation_duration: 1}
$data merge entity $(bone_trigger) {transformation: [-0.4668f,0.8256f,-0.317f,0.0571f,0.0409f,0.3782f,0.9248f,-0.7734f,0.8834f,0.4187f,-0.2103f,0.0745f,0f,0f,0f,1f],start_interpolation: 0,interpolation_duration: 1}
$data merge entity $(bone_trigger_gaurd) {transformation: [-0.4668f,0.8256f,-0.317f,0.0912f,0.0409f,0.3782f,0.9248f,-0.7925f,0.8834f,0.4187f,-0.2103f,0.0934f,0f,0f,0f,1f],start_interpolation: 0,interpolation_duration: 1}
$data merge entity $(bone_right_arm) {transformation: [-0.4668f,-0.317f,-0.8256f,-0.0937f,0.0409f,0.9248f,-0.3782f,-0.45f,0.8834f,-0.2103f,-0.4187f,0.0187f,0f,0f,0f,1f],start_interpolation: 0,interpolation_duration: 1}
$data merge entity $(bone_magazine1) {transformation: [0f,0f,0f,0.1788f,0f,0f,0f,-1.0138f,0f,0f,0f,-0.0399f,0f,0f,0f,1f],start_interpolation: 0,interpolation_duration: 1}
$data merge entity $(bone_left_arm) {transformation: [-0.9998f,-0.0154f,0.0155f,0.1747f,-0.0164f,0.9979f,-0.0628f,-0.6368f,-0.0145f,-0.063f,-0.9979f,-0.1794f,0f,0f,0f,1f],start_interpolation: 0,interpolation_duration: 1}
data modify entity @s data merge value {"cameras":{},"locators":{"barrel1":{"px":0.2126000770870514,"py":-1.048487677995552,"pz":0.1941769920971402,"ry":303.5619890624237,"rx":67.63838328667744}}}