# This file was generated by Animated Java via MC-Build. It is not recommended to edit this file directly.
$data merge entity $(bone_slide) {transformation: [-0.9943f,0.0861f,-0.063f,-0.0132f,0.0881f,0.9957f,-0.0301f,-0.2832f,0.0602f,-0.0355f,-0.9976f,0.5349f,0f,0f,0f,1f],start_interpolation: 0,interpolation_duration: 1}
$data merge entity $(bone_barrel) {transformation: [-0.9943f,0.0861f,-0.063f,0.0886f,0.0881f,0.9957f,-0.0301f,-0.3734f,0.0602f,-0.0355f,-0.9976f,0.5312f,0f,0f,0f,1f],start_interpolation: 0,interpolation_duration: 1}
$data merge entity $(bone_magazine) {transformation: [-0.9943f,0.0861f,-0.063f,-0.0371f,0.0881f,0.9957f,-0.0301f,-0.422f,0.0602f,-0.0355f,-0.9976f,0.3432f,0f,0f,0f,1f],start_interpolation: 0,interpolation_duration: 1}
$data merge entity $(bone_grip) {transformation: [-0.9943f,0.0861f,-0.063f,-0.0371f,0.0881f,0.9957f,-0.0301f,-0.422f,0.0602f,-0.0355f,-0.9976f,0.3432f,0f,0f,0f,1f],start_interpolation: 0,interpolation_duration: 1}
$data merge entity $(bone_trigger) {transformation: [-0.9943f,0.0861f,-0.063f,-0.0348f,0.0881f,0.9957f,-0.0301f,-0.4168f,0.0602f,-0.0355f,-0.9976f,0.3736f,0f,0f,0f,1f],start_interpolation: 0,interpolation_duration: 1}
$data merge entity $(bone_trigger_gaurd) {transformation: [-0.9943f,0.0861f,-0.063f,-0.0302f,0.0881f,0.9957f,-0.0301f,-0.387f,0.0602f,-0.0355f,-0.9976f,0.4049f,0f,0f,0f,1f],start_interpolation: 0,interpolation_duration: 1}
$data merge entity $(bone_right_arm) {transformation: [-0.9943f,-0.063f,-0.0861f,-0.0937f,0.0881f,-0.0301f,-0.9957f,-0.45f,0.0602f,-0.9976f,0.0355f,0.0187f,0f,0f,0f,1f],start_interpolation: 0,interpolation_duration: 1}
$data merge entity $(bone_magazine1) {transformation: [0f,0f,0f,-0.0775f,0f,0f,0f,-0.4206f,0f,0f,0f,0.3737f,0f,0f,0f,1f],start_interpolation: 0,interpolation_duration: 1}
$data merge entity $(bone_left_arm) {transformation: [-0.8597f,0.3217f,0.3966f,0.0922f,-0.3703f,0.1421f,-0.918f,-0.472f,-0.3517f,-0.9361f,-0.003f,0.0129f,0f,0f,0f,1f],start_interpolation: 0,interpolation_duration: 1}
data modify entity @s data merge value {"cameras":{},"locators":{"barrel1":{"px":-0.029389318012357047,"py":-0.3308536264842188,"pz":0.700273546395958,"ry":356.3851754021724,"rx":-1.723840564218912}}}