# This file was generated by Animated Java via MC-Build. It is not recommended to edit this file directly.
$data merge entity $(bone_slide) {transformation: [-0.991f,0.0829f,-0.1055f,0.0085f,0.0882f,0.995f,-0.0466f,-0.2747f,0.1011f,-0.0554f,-0.9933f,0.5282f,0f,0f,0f,1f],start_interpolation: 0,interpolation_duration: 1}
$data merge entity $(bone_barrel) {transformation: [-0.991f,0.0829f,-0.1055f,0.1102f,0.0882f,0.995f,-0.0466f,-0.3649f,0.1011f,-0.0554f,-0.9933f,0.5216f,0f,0f,0f,1f],start_interpolation: 0,interpolation_duration: 1}
$data merge entity $(bone_magazine) {transformation: [-0.991f,0.0829f,-0.1055f,-0.0233f,0.0882f,0.995f,-0.0466f,-0.4167f,0.1011f,-0.0554f,-0.9933f,0.3399f,0f,0f,0f,1f],start_interpolation: 0,interpolation_duration: 1}
$data merge entity $(bone_grip) {transformation: [-0.991f,0.0829f,-0.1055f,-0.0233f,0.0882f,0.995f,-0.0466f,-0.4167f,0.1011f,-0.0554f,-0.9933f,0.3399f,0f,0f,0f,1f],start_interpolation: 0,interpolation_duration: 1}
$data merge entity $(bone_trigger) {transformation: [-0.991f,0.0829f,-0.1055f,-0.0197f,0.0882f,0.995f,-0.0466f,-0.4109f,0.1011f,-0.0554f,-0.9933f,0.3701f,0f,0f,0f,1f],start_interpolation: 0,interpolation_duration: 1}
$data merge entity $(bone_trigger_gaurd) {transformation: [-0.991f,0.0829f,-0.1055f,-0.0139f,0.0882f,0.995f,-0.0466f,-0.3806f,0.1011f,-0.0554f,-0.9933f,0.4008f,0f,0f,0f,1f],start_interpolation: 0,interpolation_duration: 1}
$data merge entity $(bone_right_arm) {transformation: [-0.991f,-0.1055f,-0.0829f,-0.0937f,0.0882f,-0.0466f,-0.995f,-0.45f,0.1011f,-0.9933f,0.0554f,0.0187f,0f,0f,0f,1f],start_interpolation: 0,interpolation_duration: 1}
$data merge entity $(bone_magazine1) {transformation: [0f,0f,0f,-0.0524f,0f,0f,0f,-0.4597f,0f,0f,0f,0.373f,0f,0f,0f,1f],start_interpolation: 0,interpolation_duration: 1}
$data merge entity $(bone_left_arm) {transformation: [-0.8756f,0.2689f,0.4012f,0.0975f,-0.3517f,0.2144f,-0.9112f,-0.4825f,-0.3311f,-0.939f,-0.0931f,0.0006f,0f,0f,0f,1f],start_interpolation: 0,interpolation_duration: 1}
data modify entity @s data merge value {"cameras":{},"locators":{"barrel1":{"px":-0.000526542410285373,"py":-0.31959738811674226,"pz":0.6948543157450211,"ry":353.93648538045113,"rx":-2.6681944301365883}}}