# This file was generated by Animated Java via MC-Build. It is not recommended to edit this file directly.
$data merge entity $(bone_slide) {transformation: [-0.9842f,0.0798f,-0.1578f,0.0353f,0.0881f,0.995f,-0.0462f,-0.2748f,0.1533f,-0.0594f,-0.9864f,0.5221f,0f,0f,0f,1f],start_interpolation: 0,interpolation_duration: 1}
$data merge entity $(bone_barrel) {transformation: [-0.9842f,0.0798f,-0.1578f,0.1365f,0.0881f,0.995f,-0.0462f,-0.365f,0.1533f,-0.0594f,-0.9864f,0.5102f,0f,0f,0f,1f],start_interpolation: 0,interpolation_duration: 1}
$data merge entity $(bone_magazine) {transformation: [-0.9842f,0.0798f,-0.1578f,-0.0065f,0.0881f,0.995f,-0.0462f,-0.4168f,0.1533f,-0.0594f,-0.9864f,0.3358f,0f,0f,0f,1f],start_interpolation: 0,interpolation_duration: 1}
$data merge entity $(bone_grip) {transformation: [-0.9842f,0.0798f,-0.1578f,-0.0065f,0.0881f,0.995f,-0.0462f,-0.4168f,0.1533f,-0.0594f,-0.9864f,0.3358f,0f,0f,0f,1f],start_interpolation: 0,interpolation_duration: 1}
$data merge entity $(bone_trigger) {transformation: [-0.9842f,0.0798f,-0.1578f,-0.0013f,0.0881f,0.995f,-0.0462f,-0.411f,0.1533f,-0.0594f,-0.9864f,0.3657f,0f,0f,0f,1f],start_interpolation: 0,interpolation_duration: 1}
$data merge entity $(bone_trigger_gaurd) {transformation: [-0.9842f,0.0798f,-0.1578f,0.0061f,0.0881f,0.995f,-0.0462f,-0.3808f,0.1533f,-0.0594f,-0.9864f,0.396f,0f,0f,0f,1f],start_interpolation: 0,interpolation_duration: 1}
$data merge entity $(bone_right_arm) {transformation: [-0.9842f,-0.1578f,-0.0798f,-0.0937f,0.0881f,-0.0462f,-0.995f,-0.45f,0.1533f,-0.9864f,0.0594f,0.0187f,0f,0f,0f,1f],start_interpolation: 0,interpolation_duration: 1}
$data merge entity $(bone_magazine1) {transformation: [0f,0f,0f,-0.0239f,0f,0f,0f,-0.5052f,0f,0f,0f,0.368f,0f,0f,0f,1f],start_interpolation: 0,interpolation_duration: 1}
$data merge entity $(bone_left_arm) {transformation: [-0.8926f,0.2111f,0.3984f,0.1034f,-0.3297f,0.2972f,-0.8961f,-0.4943f,-0.3076f,-0.9312f,-0.1956f,-0.0132f,0f,0f,0f,1f],start_interpolation: 0,interpolation_duration: 1}
data modify entity @s data merge value {"cameras":{},"locators":{"barrel1":{"px":0.035008145552109945,"py":-0.319820136551493,"pz":0.6890387759067056,"ry":350.9117966047808,"rx":-2.6491605862719823}}}