# This file was generated by Animated Java via MC-Build. It is not recommended to edit this file directly.
$data merge entity $(bone_slide) {transformation: [-0.9718f,0.0819f,-0.2213f,0.0685f,0.0872f,0.9961f,-0.0143f,-0.2914f,0.2193f,-0.0332f,-0.9751f,0.518f,0f,0f,0f,1f],start_interpolation: 0,interpolation_duration: 1}
$data merge entity $(bone_barrel) {transformation: [-0.9718f,0.0819f,-0.2213f,0.1682f,0.0872f,0.9961f,-0.0143f,-0.3816f,0.2193f,-0.0332f,-0.9751f,0.4967f,0f,0f,0f,1f],start_interpolation: 0,interpolation_duration: 1}
$data merge entity $(bone_magazine) {transformation: [-0.9718f,0.0819f,-0.2213f,0.014f,0.0872f,0.9961f,-0.0143f,-0.4272f,0.2193f,-0.0332f,-0.9751f,0.3304f,0f,0f,0f,1f],start_interpolation: 0,interpolation_duration: 1}
$data merge entity $(bone_grip) {transformation: [-0.9718f,0.0819f,-0.2213f,0.014f,0.0872f,0.9961f,-0.0143f,-0.4272f,0.2193f,-0.0332f,-0.9751f,0.3304f,0f,0f,0f,1f],start_interpolation: 0,interpolation_duration: 1}
$data merge entity $(bone_trigger) {transformation: [-0.9718f,0.0819f,-0.2213f,0.0211f,0.0872f,0.9961f,-0.0143f,-0.4224f,0.2193f,-0.0332f,-0.9751f,0.3601f,0f,0f,0f,1f],start_interpolation: 0,interpolation_duration: 1}
$data merge entity $(bone_trigger_gaurd) {transformation: [-0.9718f,0.0819f,-0.2213f,0.0307f,0.0872f,0.9961f,-0.0143f,-0.3932f,0.2193f,-0.0332f,-0.9751f,0.3908f,0f,0f,0f,1f],start_interpolation: 0,interpolation_duration: 1}
$data merge entity $(bone_right_arm) {transformation: [-0.9718f,-0.2213f,-0.0819f,-0.0937f,0.0872f,-0.0143f,-0.9961f,-0.45f,0.2193f,-0.9751f,0.0332f,0.0187f,0f,0f,0f,1f],start_interpolation: 0,interpolation_duration: 1}
$data merge entity $(bone_magazine1) {transformation: [0f,0f,0f,0.0069f,0f,0f,0f,-0.5561f,0f,0f,0f,0.3572f,0f,0f,0f,1f],start_interpolation: 0,interpolation_duration: 1}
$data merge entity $(bone_left_arm) {transformation: [-0.9098f,0.1516f,0.3863f,0.1099f,-0.3047f,0.3878f,-0.8699f,-0.5073f,-0.2817f,-0.9092f,-0.3067f,-0.0283f,0f,0f,0f,1f],start_interpolation: 0,interpolation_duration: 1}
data modify entity @s data merge value {"cameras":{},"locators":{"barrel1":{"px":0.07875348683278534,"py":-0.34166161188216243,"pz":0.683067575178137,"ry":347.21157080269575,"rx":-0.818442668174612}}}