# This file was generated by Animated Java via MC-Build. It is not recommended to edit this file directly.
$data merge entity $(bone_slide) {transformation: [-0.9498f,0.1006f,-0.2963f,0.11f,0.0854f,0.9943f,0.064f,-0.3327f,0.3011f,0.0355f,-0.9529f,0.5142f,0f,0f,0f,1f],start_interpolation: 0,interpolation_duration: 1}
$data merge entity $(bone_barrel) {transformation: [-0.9498f,0.1006f,-0.2963f,0.2058f,0.0854f,0.9943f,0.064f,-0.4225f,0.3011f,0.0355f,-0.9529f,0.4784f,0f,0f,0f,1f],start_interpolation: 0,interpolation_duration: 1}
$data merge entity $(bone_magazine) {transformation: [-0.9498f,0.1006f,-0.2963f,0.0382f,0.0854f,0.9943f,0.064f,-0.4528f,0.3011f,0.0355f,-0.9529f,0.3218f,0f,0f,0f,1f],start_interpolation: 0,interpolation_duration: 1}
$data merge entity $(bone_grip) {transformation: [-0.9498f,0.1006f,-0.2963f,0.0382f,0.0854f,0.9943f,0.064f,-0.4528f,0.3011f,0.0355f,-0.9529f,0.3218f,0f,0f,0f,1f],start_interpolation: 0,interpolation_duration: 1}
$data merge entity $(bone_trigger) {transformation: [-0.9498f,0.1006f,-0.2963f,0.0478f,0.0854f,0.9943f,0.064f,-0.4504f,0.3011f,0.0355f,-0.9529f,0.3511f,0f,0f,0f,1f],start_interpolation: 0,interpolation_duration: 1}
$data merge entity $(bone_trigger_gaurd) {transformation: [-0.9498f,0.1006f,-0.2963f,0.0603f,0.0854f,0.9943f,0.064f,-0.4238f,0.3011f,0.0355f,-0.9529f,0.383f,0f,0f,0f,1f],start_interpolation: 0,interpolation_duration: 1}
$data merge entity $(bone_right_arm) {transformation: [-0.9498f,-0.2963f,-0.1006f,-0.0937f,0.0854f,0.064f,-0.9943f,-0.45f,0.3011f,-0.9529f,-0.0355f,0.0187f,0f,0f,0f,1f],start_interpolation: 0,interpolation_duration: 1}
$data merge entity $(bone_magazine1) {transformation: [0f,0f,0f,0.0385f,0f,0f,0f,-0.6111f,0f,0f,0f,0.3395f,0f,0f,0f,1f],start_interpolation: 0,interpolation_duration: 1}
$data merge entity $(bone_left_arm) {transformation: [-0.9267f,0.094f,0.3638f,0.1168f,-0.2771f,0.4831f,-0.8306f,-0.5211f,-0.2539f,-0.8705f,-0.4217f,-0.0444f,0f,0f,0f,1f],start_interpolation: 0,interpolation_duration: 1}
data modify entity @s data merge value {"cameras":{},"locators":{"barrel1":{"px":0.1319133942346598,"py":-0.39562995846614524,"pz":0.6736793328948545,"ry":342.7258134045015,"rx":3.668806521575469}}}