# This file was generated by Animated Java via MC-Build. It is not recommended to edit this file directly.
$data merge entity $(bone_slide) {transformation: [-0.9281f,0.1293f,-0.3491f,0.1414f,0.0833f,0.9861f,0.1435f,-0.3757f,0.3628f,0.1041f,-0.926f,0.5086f,0f,0f,0f,1f],start_interpolation: 0,interpolation_duration: 1}
$data merge entity $(bone_barrel) {transformation: [-0.9281f,0.1293f,-0.3491f,0.2325f,0.0833f,0.9861f,0.1435f,-0.4646f,0.3628f,0.1041f,-0.926f,0.4604f,0f,0f,0f,1f],start_interpolation: 0,interpolation_duration: 1}
$data merge entity $(bone_magazine) {transformation: [-0.9281f,0.1293f,-0.3491f,0.0554f,0.0833f,0.9861f,0.1435f,-0.479f,0.3628f,0.1041f,-0.926f,0.3123f,0f,0f,0f,1f],start_interpolation: 0,interpolation_duration: 1}
$data merge entity $(bone_grip) {transformation: [-0.9281f,0.1293f,-0.3491f,0.0554f,0.0833f,0.9861f,0.1435f,-0.479f,0.3628f,0.1041f,-0.926f,0.3123f,0f,0f,0f,1f],start_interpolation: 0,interpolation_duration: 1}
$data merge entity $(bone_trigger) {transformation: [-0.9281f,0.1293f,-0.3491f,0.0667f,0.0833f,0.9861f,0.1435f,-0.4791f,0.3628f,0.1041f,-0.926f,0.3411f,0f,0f,0f,1f],start_interpolation: 0,interpolation_duration: 1}
$data merge entity $(bone_trigger_gaurd) {transformation: [-0.9281f,0.1293f,-0.3491f,0.0817f,0.0833f,0.9861f,0.1435f,-0.4553f,0.3628f,0.1041f,-0.926f,0.3741f,0f,0f,0f,1f],start_interpolation: 0,interpolation_duration: 1}
$data merge entity $(bone_right_arm) {transformation: [-0.9281f,-0.3491f,-0.1293f,-0.0937f,0.0833f,0.1435f,-0.9861f,-0.45f,0.3628f,-0.926f,-0.1041f,0.0187f,0f,0f,0f,1f],start_interpolation: 0,interpolation_duration: 1}
$data merge entity $(bone_magazine1) {transformation: [0f,0f,0f,0.0694f,0f,0f,0f,-0.6687f,0f,0f,0f,0.3142f,0f,0f,0f,1f],start_interpolation: 0,interpolation_duration: 1}
$data merge entity $(bone_left_arm) {transformation: [-0.9425f,0.0422f,0.3315f,0.1239f,-0.2473f,0.5792f,-0.7767f,-0.5354f,-0.2248f,-0.8141f,-0.5355f,-0.0611f,0f,0f,0f,1f],start_interpolation: 0,interpolation_duration: 1}
data modify entity @s data merge value {"cameras":{},"locators":{"barrel1":{"px":0.17076402763686716,"py":-0.4511184283399736,"pz":0.6612790486050968,"ry":339.34592034445086,"rx":8.253224073898012}}}