# This file was generated by Animated Java via MC-Build. It is not recommended to edit this file directly.
$data merge entity $(bone_slide) {transformation: [-0.8963f,0.1793f,-0.4057f,0.1778f,0.0803f,0.9652f,0.249f,-0.4342f,0.4362f,0.1906f,-0.8794f,0.4949f,0f,0f,0f,1f],start_interpolation: 0,interpolation_duration: 1}
$data merge entity $(bone_barrel) {transformation: [-0.8963f,0.1793f,-0.4057f,0.2613f,0.0803f,0.9652f,0.249f,-0.5211f,0.4362f,0.1906f,-0.8794f,0.4318f,0f,0f,0f,1f],start_interpolation: 0,interpolation_duration: 1}
$data merge entity $(bone_magazine) {transformation: [-0.8963f,0.1793f,-0.4057f,0.0739f,0.0803f,0.9652f,0.249f,-0.514f,0.4362f,0.1906f,-0.8794f,0.2963f,0f,0f,0f,1f],start_interpolation: 0,interpolation_duration: 1}
$data merge entity $(bone_grip) {transformation: [-0.8963f,0.1793f,-0.4057f,0.0739f,0.0803f,0.9652f,0.249f,-0.514f,0.4362f,0.1906f,-0.8794f,0.2963f,0f,0f,0f,1f],start_interpolation: 0,interpolation_duration: 1}
$data merge entity $(bone_trigger) {transformation: [-0.8963f,0.1793f,-0.4057f,0.0872f,0.0803f,0.9652f,0.249f,-0.5174f,0.4362f,0.1906f,-0.8794f,0.3241f,0f,0f,0f,1f],start_interpolation: 0,interpolation_duration: 1}
$data merge entity $(bone_trigger_gaurd) {transformation: [-0.8963f,0.1793f,-0.4057f,0.1055f,0.0803f,0.9652f,0.249f,-0.4976f,0.4362f,0.1906f,-0.8794f,0.3581f,0f,0f,0f,1f],start_interpolation: 0,interpolation_duration: 1}
$data merge entity $(bone_right_arm) {transformation: [-0.8963f,-0.4057f,-0.1793f,-0.0937f,0.0803f,0.249f,-0.9652f,-0.45f,0.4362f,-0.8794f,-0.1906f,0.0187f,0f,0f,0f,1f],start_interpolation: 0,interpolation_duration: 1}
$data merge entity $(bone_magazine1) {transformation: [0f,0f,0f,0.098f,0f,0f,0f,-0.7269f,0f,0f,0f,0.2813f,0f,0f,0f,1f],start_interpolation: 0,interpolation_duration: 1}
$data merge entity $(bone_left_arm) {transformation: [-0.9567f,-0.0008f,0.2909f,0.1313f,-0.216f,0.672f,-0.7083f,-0.55f,-0.1949f,-0.7405f,-0.6431f,-0.0781f,0f,0f,0f,1f],start_interpolation: 0,interpolation_duration: 1}
data modify entity @s data merge value {"cameras":{},"locators":{"barrel1":{"px":0.21430228803933157,"py":-0.5256752537537913,"pz":0.6369648039339011,"ry":335.23483760916884,"rx":14.418366091165026}}}