# This file was generated by Animated Java via MC-Build. It is not recommended to edit this file directly.
$data merge entity $(bone_slide) {transformation: [-0.8532f,0.2529f,-0.4562f,0.2142f,0.0763f,0.9256f,0.3706f,-0.504f,0.516f,0.2814f,-0.809f,0.4693f,0f,0f,0f,1f],start_interpolation: 0,interpolation_duration: 1}
$data merge entity $(bone_barrel) {transformation: [-0.8532f,0.2529f,-0.4562f,0.287f,0.0763f,0.9256f,0.3706f,-0.5873f,0.516f,0.2814f,-0.809f,0.3901f,0f,0f,0f,1f],start_interpolation: 0,interpolation_duration: 1}
$data merge entity $(bone_magazine) {transformation: [-0.8532f,0.2529f,-0.4562f,0.0906f,0.0763f,0.9256f,0.3706f,-0.5546f,0.516f,0.2814f,-0.809f,0.2724f,0f,0f,0f,1f],start_interpolation: 0,interpolation_duration: 1}
$data merge entity $(bone_grip) {transformation: [-0.8532f,0.2529f,-0.4562f,0.0906f,0.0763f,0.9256f,0.3706f,-0.5546f,0.516f,0.2814f,-0.809f,0.2724f,0f,0f,0f,1f],start_interpolation: 0,interpolation_duration: 1}
$data merge entity $(bone_trigger) {transformation: [-0.8532f,0.2529f,-0.4562f,0.1057f,0.0763f,0.9256f,0.3706f,-0.5619f,0.516f,0.2814f,-0.809f,0.2984f,0f,0f,0f,1f],start_interpolation: 0,interpolation_duration: 1}
$data merge entity $(bone_trigger_gaurd) {transformation: [-0.8532f,0.2529f,-0.4562f,0.1278f,0.0763f,0.9256f,0.3706f,-0.5472f,0.516f,0.2814f,-0.809f,0.3328f,0f,0f,0f,1f],start_interpolation: 0,interpolation_duration: 1}
$data merge entity $(bone_right_arm) {transformation: [-0.8532f,-0.4562f,-0.2529f,-0.0937f,0.0763f,0.3706f,-0.9256f,-0.45f,0.516f,-0.809f,-0.2814f,0.0187f,0f,0f,0f,1f],start_interpolation: 0,interpolation_duration: 1}
$data merge entity $(bone_magazine1) {transformation: [0f,0f,0f,0.1229f,0f,0f,0f,-0.7838f,0f,0f,0f,0.2414f,0f,0f,0f,1f],start_interpolation: 0,interpolation_duration: 1}
$data merge entity $(bone_left_arm) {transformation: [-0.969f,-0.0327f,0.2447f,0.1386f,-0.1838f,0.7574f,-0.6265f,-0.5646f,-0.1649f,-0.6521f,-0.74f,-0.0952f,0f,0f,0f,1f],start_interpolation: 0,interpolation_duration: 1}
data modify entity @s data merge value {"cameras":{},"locators":{"barrel1":{"px":0.2558165803810718,"py":-0.6131905848625989,"pz":0.5966639545753212,"ry":330.58495350982065,"rx":21.753917739295165}}}