# This file was generated by Animated Java via MC-Build. It is not recommended to edit this file directly.
$data merge entity $(bone_muzzleflash) {transformation: [-0.999f,-0.0436f,0f,-0.0719f,-0.0436f,0.999f,0f,-0.3516f,0f,0f,-1f,0.5563f,0f,0f,0f,1f],start_interpolation: 0,interpolation_duration: 1}
$data merge entity $(bone_slide) {transformation: [-0.9962f,0.0876f,-0.0009f,-0.0455f,0.0795f,0.9002f,-0.4281f,-0.0786f,-0.0367f,-0.4265f,-0.9037f,0.3746f,0f,0f,0f,1f],start_interpolation: 0,interpolation_duration: 1}
$data merge entity $(bone_barrel) {transformation: [-0.9962f,0.0876f,-0.0009f,0.0564f,0.0795f,0.9002f,-0.4281f,-0.1361f,-0.0367f,-0.4265f,-0.9037f,0.464f,0f,0f,0f,1f],start_interpolation: 0,interpolation_duration: 1}
$data merge entity $(bone_magazine) {transformation: [-0.9962f,0.0876f,-0.0009f,-0.0573f,0.0795f,0.9002f,-0.4281f,-0.259f,-0.0367f,-0.4265f,-0.9037f,0.3044f,0f,0f,0f,1f],start_interpolation: 0,interpolation_duration: 1}
$data merge entity $(bone_grip) {transformation: [-0.9962f,0.0876f,-0.0009f,-0.0573f,0.0795f,0.9002f,-0.4281f,-0.259f,-0.0367f,-0.4265f,-0.9037f,0.3044f,0f,0f,0f,1f],start_interpolation: 0,interpolation_duration: 1}
$data merge entity $(bone_trigger) {transformation: [-0.9962f,0.0876f,-0.0009f,-0.0569f,0.0795f,0.9002f,-0.4281f,-0.242f,-0.0367f,-0.4265f,-0.9037f,0.3302f,0f,0f,0f,1f],start_interpolation: 0,interpolation_duration: 1}
$data merge entity $(bone_trigger_gaurd) {transformation: [-0.9962f,0.0876f,-0.0009f,-0.0544f,0.0795f,0.9002f,-0.4281f,-0.2021f,-0.0367f,-0.4265f,-0.9037f,0.3472f,0f,0f,0f,1f],start_interpolation: 0,interpolation_duration: 1}
$data merge entity $(bone_right_arm) {transformation: [-0.9962f,-0.0009f,-0.0876f,-0.0938f,0.0795f,-0.4281f,-0.9002f,-0.4158f,-0.0367f,-0.9037f,0.4265f,0.0157f,0f,0f,0f,1f],start_interpolation: 0,interpolation_duration: 1}
$data merge entity $(bone_magazine1) {transformation: [0f,0f,0f,-0.114f,0f,0f,0f,-0.1902f,0f,0f,0f,0.2965f,0f,0f,0f,1f],start_interpolation: 0,interpolation_duration: 1}
$data merge entity $(bone_left_arm) {transformation: [-0.8344f,0.402f,0.377f,0.0844f,-0.5213f,-0.3539f,-0.7765f,-0.4162f,-0.1788f,-0.8445f,0.5049f,0.0297f,0f,0f,0f,1f],start_interpolation: 0,interpolation_duration: 1}
$execute on vehicle unless entity @s[tag=aj.transforms_only] as $(locator_barrel1) positioned ^-0.0718969842 ^-0.0324847892 ^0.5948612368 rotated ~359.9406987534 ~-25.3471954277 run function animated_java:glock/animations/shoot_final/zzz/frames/0_locator_barrel1
data modify entity @s data merge value {"cameras":{"camera2":{"px":3.061616997868383e-17,"py":-0.1875,"pz":-0.25,"ry":0,"rx":0}},"locators":{"barrel1":{"px":-0.07189698424185158,"py":-0.03248478918268169,"pz":0.5948612367713085,"ry":359.94069875336913,"rx":-25.347195427667245}}}
execute on vehicle unless entity @s[tag=aj.transforms_only] at @s run function animated_java:glock/animations/shoot_final/zzz/frames/0_root_function