# This file was generated by Animated Java via MC-Build. It is not recommended to edit this file directly.
$data merge entity $(bone_muzzleflash) {transformation: [-0.999f,-0.0436f,0f,-0.0719f,-0.0436f,0.999f,0f,-0.3516f,0f,0f,0f,0.5563f,0f,0f,0f,1f],start_interpolation: -1,interpolation_duration: 0}
$data merge entity $(bone_slide) {transformation: [-0.9962f,0.0876f,-0.0009f,-0.0455f,0.0824f,0.934f,-0.3477f,-0.1214f,-0.0296f,-0.3464f,-0.9376f,0.4021f,0f,0f,0f,1f],start_interpolation: 0,interpolation_duration: 1}
$data merge entity $(bone_barrel) {transformation: [-0.9962f,0.0876f,-0.0009f,0.0564f,0.0824f,0.934f,-0.3477f,-0.1864f,-0.0296f,-0.3464f,-0.9376f,0.4861f,0f,0f,0f,1f],start_interpolation: 0,interpolation_duration: 1}
$data merge entity $(bone_magazine) {transformation: [-0.9962f,0.0876f,-0.0009f,-0.0573f,0.0824f,0.934f,-0.3477f,-0.295f,-0.0296f,-0.3464f,-0.9376f,0.3164f,0f,0f,0f,1f],start_interpolation: 0,interpolation_duration: 1}
$data merge entity $(bone_grip) {transformation: [-0.9962f,0.0876f,-0.0009f,-0.0573f,0.0824f,0.934f,-0.3477f,-0.295f,-0.0296f,-0.3464f,-0.9376f,0.3164f,0f,0f,0f,1f],start_interpolation: 0,interpolation_duration: 1}
$data merge entity $(bone_trigger) {transformation: [-0.9962f,0.0876f,-0.0009f,-0.0569f,0.0824f,0.934f,-0.3477f,-0.2802f,-0.0296f,-0.3464f,-0.9376f,0.3436f,0f,0f,0f,1f],start_interpolation: 0,interpolation_duration: 1}
$data merge entity $(bone_trigger_gaurd) {transformation: [-0.9962f,0.0876f,-0.0009f,-0.0544f,0.0824f,0.934f,-0.3477f,-0.242f,-0.0296f,-0.3464f,-0.9376f,0.364f,0f,0f,0f,1f],start_interpolation: 0,interpolation_duration: 1}
$data merge entity $(bone_right_arm) {transformation: [-0.9962f,-0.0009f,-0.0876f,-0.0937f,0.0824f,-0.3477f,-0.934f,-0.426f,-0.0296f,-0.9376f,0.3464f,0.0151f,0f,0f,0f,1f],start_interpolation: 0,interpolation_duration: 1}
$data merge entity $(bone_magazine1) {transformation: [0f,0f,0f,-0.114f,0f,0f,0f,-0.2257f,0f,0f,0f,0.3145f,0f,0f,0f,1f],start_interpolation: 0,interpolation_duration: 1}
$data merge entity $(bone_left_arm) {transformation: [-0.8344f,0.402f,0.377f,0.0844f,-0.5038f,-0.2789f,-0.8176f,-0.4276f,-0.2235f,-0.8721f,0.4353f,0.029f,0f,0f,0f,1f],start_interpolation: 0,interpolation_duration: 1}
$execute on vehicle unless entity @s[tag=aj.transforms_only] as $(locator_barrel1) positioned ^-0.0718969842 ^-0.0945994184 ^0.6254672861 rotated ~359.9428411192 ~-20.3471980057 run function animated_java:glock/animations/shoot_final/zzz/frames/1_locator_barrel1
data modify entity @s data merge value {"cameras":{},"locators":{"barrel1":{"px":-0.07189698424185155,"py":-0.09459941840699587,"pz":0.6254672860726098,"ry":359.94284111920103,"rx":-20.34719800571455}}}
execute on vehicle unless entity @s[tag=aj.transforms_only] at @s run function animated_java:glock/animations/shoot_final/zzz/frames/1_root_function