# This file was generated by Animated Java via MC-Build. It is not recommended to edit this file directly.
$data merge entity $(bone_slide) {transformation: [-0.9962f,0.0876f,-0.0009f,-0.0455f,0.0863f,0.9799f,-0.1796f,-0.2455f,-0.0148f,-0.179f,-0.9837f,0.4564f,0f,0f,0f,1f],start_interpolation: 0,interpolation_duration: 1}
$data merge entity $(bone_barrel) {transformation: [-0.9962f,0.0876f,-0.0009f,0.0564f,0.0863f,0.9799f,-0.1796f,-0.3242f,-0.0148f,-0.179f,-0.9837f,0.5278f,0f,0f,0f,1f],start_interpolation: 0,interpolation_duration: 1}
$data merge entity $(bone_magazine) {transformation: [-0.9962f,0.0876f,-0.0009f,-0.0573f,0.0863f,0.9799f,-0.1796f,-0.4016f,-0.0148f,-0.179f,-0.9837f,0.3419f,0f,0f,0f,1f],start_interpolation: 0,interpolation_duration: 1}
$data merge entity $(bone_grip) {transformation: [-0.9962f,0.0876f,-0.0009f,-0.0573f,0.0863f,0.9799f,-0.1796f,-0.4016f,-0.0148f,-0.179f,-0.9837f,0.3419f,0f,0f,0f,1f],start_interpolation: 0,interpolation_duration: 1}
$data merge entity $(bone_trigger) {transformation: [-0.9962f,0.0876f,-0.0009f,-0.0569f,0.0863f,0.9799f,-0.1796f,-0.3918f,-0.0148f,-0.179f,-0.9837f,0.3712f,0f,0f,0f,1f],start_interpolation: 0,interpolation_duration: 1}
$data merge entity $(bone_trigger_gaurd) {transformation: [-0.9962f,0.0876f,-0.0009f,-0.0544f,0.0863f,0.9799f,-0.1796f,-0.3577f,-0.0148f,-0.179f,-0.9837f,0.398f,0f,0f,0f,1f],start_interpolation: 0,interpolation_duration: 1}
$data merge entity $(bone_right_arm) {transformation: [-0.9962f,-0.0009f,-0.0876f,-0.0937f,0.0863f,-0.1796f,-0.9799f,-0.4784f,-0.0148f,-0.9837f,0.179f,0.0224f,0f,0f,0f,1f],start_interpolation: 0,interpolation_duration: 1}
$data merge entity $(bone_magazine1) {transformation: [0f,0f,0f,-0.114f,0f,0f,0f,-0.3331f,0f,0f,0f,0.3521f,0f,0f,0f,1f],start_interpolation: 0,interpolation_duration: 1}
$data merge entity $(bone_left_arm) {transformation: [-0.8344f,0.402f,0.377f,0.0844f,-0.4573f,-0.1233f,-0.8807f,-0.4823f,-0.3076f,-0.9073f,0.2867f,0.0358f,0f,0f,0f,1f],start_interpolation: 0,interpolation_duration: 1}
data modify entity @s data merge value {"cameras":{},"locators":{"barrel1":{"px":-0.07189698424185156,"py":-0.257960173612075,"pz":0.681046125439347,"ry":359.9455217141112,"rx":-10.34720272444012}}}
execute on vehicle unless entity @s[tag=aj.transforms_only] at @s run function animated_java:glock/animations/shoot_final/zzz/frames/18_root_function