# This file was generated by Animated Java via MC-Build. It is not recommended to edit this file directly.
$data merge entity $(bone_slide) {transformation: [-0.9962f,0.0876f,-0.0009f,-0.0455f,0.0847f,0.9606f,-0.2647f,-0.1634f,-0.0223f,-0.2637f,-0.9643f,0.4269f,0f,0f,0f,1f],start_interpolation: 0,interpolation_duration: 1}
$data merge entity $(bone_barrel) {transformation: [-0.9962f,0.0876f,-0.0009f,0.0564f,0.0847f,0.9606f,-0.2647f,-0.2355f,-0.0223f,-0.2637f,-0.9643f,0.505f,0f,0f,0f,1f],start_interpolation: 0,interpolation_duration: 1}
$data merge entity $(bone_magazine) {transformation: [-0.9962f,0.0876f,-0.0009f,-0.0573f,0.0847f,0.9606f,-0.2647f,-0.3288f,-0.0223f,-0.2637f,-0.9643f,0.3265f,0f,0f,0f,1f],start_interpolation: 0,interpolation_duration: 1}
$data merge entity $(bone_grip) {transformation: [-0.9962f,0.0876f,-0.0009f,-0.0573f,0.0847f,0.9606f,-0.2647f,-0.3288f,-0.0223f,-0.2637f,-0.9643f,0.3265f,0f,0f,0f,1f],start_interpolation: 0,interpolation_duration: 1}
$data merge entity $(bone_trigger) {transformation: [-0.9962f,0.0876f,-0.0009f,-0.0569f,0.0847f,0.9606f,-0.2647f,-0.3165f,-0.0223f,-0.2637f,-0.9643f,0.3548f,0f,0f,0f,1f],start_interpolation: 0,interpolation_duration: 1}
$data merge entity $(bone_trigger_gaurd) {transformation: [-0.9962f,0.0876f,-0.0009f,-0.0544f,0.0847f,0.9606f,-0.2647f,-0.2802f,-0.0223f,-0.2637f,-0.9643f,0.3785f,0f,0f,0f,1f],start_interpolation: 0,interpolation_duration: 1}
$data merge entity $(bone_right_arm) {transformation: [-0.9962f,-0.0009f,-0.0876f,-0.0937f,0.0847f,-0.2647f,-0.9606f,-0.4331f,-0.0223f,-0.9643f,0.2637f,0.0149f,0f,0f,0f,1f],start_interpolation: 0,interpolation_duration: 1}
$data merge entity $(bone_magazine1) {transformation: [0f,0f,0f,-0.114f,0f,0f,0f,-0.2597f,0f,0f,0f,0.3306f,0f,0f,0f,1f],start_interpolation: 0,interpolation_duration: 1}
$data merge entity $(bone_left_arm) {transformation: [-0.8344f,0.402f,0.377f,0.0844f,-0.4824f,-0.2019f,-0.8524f,-0.4359f,-0.2666f,-0.8931f,0.3624f,0.0286f,0f,0f,0f,1f],start_interpolation: 0,interpolation_duration: 1}
data modify entity @s data merge value {"cameras":{},"locators":{"barrel1":{"px":-0.07189698424185156,"py":-0.15614213805277935,"pz":0.6518341196403854,"ry":359.9444258833905,"rx":-15.347200421729577}}}