# This file was generated by Animated Java via MC-Build. It is not recommended to edit this file directly.
$data merge entity $(bone_slide) {transformation: [-0.9962f,0.0876f,-0.0009f,-0.0455f,0.0863f,0.9799f,-0.1796f,-0.2357f,-0.0148f,-0.179f,-0.9837f,0.4546f,0f,0f,0f,1f],start_interpolation: 0,interpolation_duration: 1}
$data merge entity $(bone_barrel) {transformation: [-0.9962f,0.0876f,-0.0009f,0.0564f,0.0863f,0.9799f,-0.1796f,-0.3143f,-0.0148f,-0.179f,-0.9837f,0.5261f,0f,0f,0f,1f],start_interpolation: 0,interpolation_duration: 1}
$data merge entity $(bone_magazine) {transformation: [-0.9962f,0.0876f,-0.0009f,-0.0573f,0.0863f,0.9799f,-0.1796f,-0.3917f,-0.0148f,-0.179f,-0.9837f,0.3401f,0f,0f,0f,1f],start_interpolation: 0,interpolation_duration: 1}
$data merge entity $(bone_grip) {transformation: [-0.9962f,0.0876f,-0.0009f,-0.0573f,0.0863f,0.9799f,-0.1796f,-0.3917f,-0.0148f,-0.179f,-0.9837f,0.3401f,0f,0f,0f,1f],start_interpolation: 0,interpolation_duration: 1}
$data merge entity $(bone_trigger) {transformation: [-0.9962f,0.0876f,-0.0009f,-0.0569f,0.0863f,0.9799f,-0.1796f,-0.3819f,-0.0148f,-0.179f,-0.9837f,0.3695f,0f,0f,0f,1f],start_interpolation: 0,interpolation_duration: 1}
$data merge entity $(bone_trigger_gaurd) {transformation: [-0.9962f,0.0876f,-0.0009f,-0.0544f,0.0863f,0.9799f,-0.1796f,-0.3478f,-0.0148f,-0.179f,-0.9837f,0.3962f,0f,0f,0f,1f],start_interpolation: 0,interpolation_duration: 1}
$data merge entity $(bone_right_arm) {transformation: [-0.9962f,-0.0009f,-0.0876f,-0.0937f,0.0863f,-0.1796f,-0.9799f,-0.4685f,-0.0148f,-0.9837f,0.179f,0.0207f,0f,0f,0f,1f],start_interpolation: 0,interpolation_duration: 1}
$data merge entity $(bone_magazine1) {transformation: [0f,0f,0f,-0.114f,0f,0f,0f,-0.3232f,0f,0f,0f,0.3503f,0f,0f,0f,1f],start_interpolation: 0,interpolation_duration: 1}
$data merge entity $(bone_left_arm) {transformation: [-0.8344f,0.402f,0.377f,0.0844f,-0.4573f,-0.1233f,-0.8807f,-0.4724f,-0.3076f,-0.9073f,0.2867f,0.0341f,0f,0f,0f,1f],start_interpolation: 0,interpolation_duration: 1}
data modify entity @s data merge value {"cameras":{},"locators":{"barrel1":{"px":-0.07189698424185156,"py":-0.2480645212504147,"pz":0.6793012549362747,"ry":359.9455217141112,"rx":-10.34720272444012}}}