# This file was generated by Animated Java via MC-Build. It is not recommended to edit this file directly.
$data merge entity $(bone_muzzleflash) {transformation: [0f,0f,0f,0.0953f,0f,0f,0f,-0.8627f,0f,0f,0f,0.3206f,0f,0f,0f,1f],start_interpolation: 0,interpolation_duration: 1}
$data merge entity $(bone_slide) {transformation: [-0.5934f,0.1724f,-0.7862f,0.3621f,0.0638f,0.9838f,0.1676f,-0.4167f,0.8024f,0.0493f,-0.5948f,0.3387f,0f,0f,0f,1f],start_interpolation: 0,interpolation_duration: 1}
$data merge entity $(bone_barrel) {transformation: [-0.5934f,0.1724f,-0.7862f,0.4131f,0.0638f,0.9838f,0.1676f,-0.5033f,0.8024f,0.0493f,-0.5948f,0.2469f,0f,0f,0f,1f],start_interpolation: 0,interpolation_duration: 1}
$data merge entity $(bone_magazine) {transformation: [-0.5934f,0.1724f,-0.7862f,0.1843f,0.0638f,0.9838f,0.1676f,-0.515f,0.8024f,0.0493f,-0.5948f,0.2149f,0f,0f,0f,1f],start_interpolation: 0,interpolation_duration: 1}
$data merge entity $(bone_grip) {transformation: [-0.5934f,0.1724f,-0.7862f,0.1843f,0.0638f,0.9838f,0.1676f,-0.515f,0.8024f,0.0493f,-0.5948f,0.2149f,0f,0f,0f,1f],start_interpolation: 0,interpolation_duration: 1}
$data merge entity $(bone_trigger) {transformation: [-0.5934f,0.1724f,-0.7862f,0.2091f,0.0638f,0.9838f,0.1676f,-0.5159f,0.8024f,0.0493f,-0.5948f,0.2334f,0f,0f,0f,1f],start_interpolation: 0,interpolation_duration: 1}
$data merge entity $(bone_trigger_gaurd) {transformation: [-0.5934f,0.1724f,-0.7862f,0.2396f,0.0638f,0.9838f,0.1676f,-0.4929f,0.8024f,0.0493f,-0.5948f,0.2541f,0f,0f,0f,1f],start_interpolation: 0,interpolation_duration: 1}
$data merge entity $(bone_right_arm) {transformation: [-0.5934f,-0.7862f,-0.1724f,-0.0977f,0.0638f,0.1676f,-0.9838f,-0.4787f,0.8024f,-0.5948f,-0.0493f,0.0464f,0f,0f,0f,1f],start_interpolation: 0,interpolation_duration: 1}
$data merge entity $(bone_magazine1) {transformation: [0f,0f,0f,0.1753f,0f,0f,0f,-0.4554f,0f,0f,0f,0.2811f,0f,0f,0f,1f],start_interpolation: 0,interpolation_duration: 1}
$data merge entity $(bone_left_arm) {transformation: [-0.856f,-0.4696f,0.2162f,0.0195f,-0.3432f,0.2034f,-0.917f,-0.483f,0.3866f,-0.8591f,-0.3353f,-0.0885f,0f,0f,0f,1f],start_interpolation: 0,interpolation_duration: 1}
data modify entity @s data merge value {"cameras":{"camera2":{"px":3.061616997868383e-17,"py":-0.1875,"pz":-0.25,"ry":0,"rx":0}},"locators":{"barrel1":{"px":0.4674809785794127,"py":-0.49635057377983527,"pz":0.4501814968934878,"ry":307.109407336666,"rx":9.646771253174053}}}