# This file was generated by Animated Java via MC-Build. It is not recommended to edit this file directly.
$data merge entity $(bone_muzzleflash) {transformation: [0f,0f,0f,0.1006f,0f,0f,0f,-0.8583f,0f,0f,0f,0.3243f,0f,0f,0f,1f],start_interpolation: 0,interpolation_duration: 1}
$data merge entity $(bone_slide) {transformation: [-0.5513f,0.1959f,-0.811f,0.3777f,0.0913f,0.9804f,0.1748f,-0.4182f,0.8293f,0.0223f,-0.5583f,0.3208f,0f,0f,0f,1f],start_interpolation: 0,interpolation_duration: 1}
$data merge entity $(bone_barrel) {transformation: [-0.5513f,0.1959f,-0.811f,0.4221f,0.0913f,0.9804f,0.1748f,-0.5075f,0.8293f,0.0223f,-0.5583f,0.2283f,0f,0f,0f,1f],start_interpolation: 0,interpolation_duration: 1}
$data merge entity $(bone_magazine) {transformation: [-0.5513f,0.1959f,-0.811f,0.1918f,0.0913f,0.9804f,0.1748f,-0.5146f,0.8293f,0.0223f,-0.5583f,0.2079f,0f,0f,0f,1f],start_interpolation: 0,interpolation_duration: 1}
$data merge entity $(bone_grip) {transformation: [-0.5513f,0.1959f,-0.811f,0.1918f,0.0913f,0.9804f,0.1748f,-0.5146f,0.8293f,0.0223f,-0.5583f,0.2079f,0f,0f,0f,1f],start_interpolation: 0,interpolation_duration: 1}
$data merge entity $(bone_trigger) {transformation: [-0.5513f,0.1959f,-0.811f,0.2175f,0.0913f,0.9804f,0.1748f,-0.5156f,0.8293f,0.0223f,-0.5583f,0.2251f,0f,0f,0f,1f],start_interpolation: 0,interpolation_duration: 1}
$data merge entity $(bone_trigger_gaurd) {transformation: [-0.5513f,0.1959f,-0.811f,0.2494f,0.0913f,0.9804f,0.1748f,-0.493f,0.8293f,0.0223f,-0.5583f,0.2438f,0f,0f,0f,1f],start_interpolation: 0,interpolation_duration: 1}
$data merge entity $(bone_right_arm) {transformation: [-0.5513f,-0.811f,-0.1959f,-0.0974f,0.0913f,0.1748f,-0.9804f,-0.4749f,0.8293f,-0.5583f,-0.0223f,0.0528f,0f,0f,0f,1f],start_interpolation: 0,interpolation_duration: 1}
$data merge entity $(bone_magazine1) {transformation: [0f,0f,0f,0.1874f,0f,0f,0f,-0.4536f,0f,0f,0f,0.2732f,0f,0f,0f,1f],start_interpolation: 0,interpolation_duration: 1}
$data merge entity $(bone_left_arm) {transformation: [-0.843f,-0.5072f,0.1793f,0.0128f,-0.3169f,0.1988f,-0.9274f,-0.4842f,0.4347f,-0.8386f,-0.3284f,-0.0876f,0f,0f,0f,1f],start_interpolation: 0,interpolation_duration: 1}
data modify entity @s data merge value {"cameras":{},"locators":{"barrel1":{"px":0.48667007440796606,"py":-0.49817123343915964,"pz":0.4284660487327615,"ry":304.5445321415276,"rx":10.066459134956368}}}