# This file was generated by Animated Java via MC-Build. It is not recommended to edit this file directly.
$data merge entity $(bone_muzzleflash) {transformation: [0f,0f,0f,-0.0501f,0f,0f,0f,-0.8688f,0f,0f,0f,0.3216f,0f,0f,0f,1f],start_interpolation: 0,interpolation_duration: 1}
$data merge entity $(bone_slide) {transformation: [-0.9255f,-0.0428f,-0.3764f,0.0908f,-0.1041f,0.984f,0.1443f,-0.3999f,0.3642f,0.1727f,-0.9152f,0.4969f,0f,0f,0f,1f],start_interpolation: 0,interpolation_duration: 1}
$data merge entity $(bone_barrel) {transformation: [-0.9255f,-0.0428f,-0.3764f,0.1955f,-0.1041f,0.984f,0.1443f,-0.4682f,0.3642f,0.1727f,-0.9152f,0.4431f,0f,0f,0f,1f],start_interpolation: 0,interpolation_duration: 1}
$data merge entity $(bone_magazine) {transformation: [-0.9255f,-0.0428f,-0.3764f,0.0224f,-0.1041f,0.984f,0.1443f,-0.5029f,0.3642f,0.1727f,-0.9152f,0.2936f,0f,0f,0f,1f],start_interpolation: 0,interpolation_duration: 1}
$data merge entity $(bone_grip) {transformation: [-0.9255f,-0.0428f,-0.3764f,0.0224f,-0.1041f,0.984f,0.1443f,-0.5029f,0.3642f,0.1727f,-0.9152f,0.2936f,0f,0f,0f,1f],start_interpolation: 0,interpolation_duration: 1}
$data merge entity $(bone_trigger) {transformation: [-0.9255f,-0.0428f,-0.3764f,0.0338f,-0.1041f,0.984f,0.1443f,-0.503f,0.3642f,0.1727f,-0.9152f,0.3224f,0f,0f,0f,1f],start_interpolation: 0,interpolation_duration: 1}
$data merge entity $(bone_trigger_gaurd) {transformation: [-0.9255f,-0.0428f,-0.3764f,0.0447f,-0.1041f,0.984f,0.1443f,-0.4792f,0.3642f,0.1727f,-0.9152f,0.3571f,0f,0f,0f,1f],start_interpolation: 0,interpolation_duration: 1}
$data merge entity $(bone_right_arm) {transformation: [-0.9255f,-0.3764f,0.0428f,-0.132f,-0.1041f,0.1443f,-0.984f,-0.48f,0.3642f,-0.9152f,-0.1727f,0.0022f,0f,0f,0f,1f],start_interpolation: 0,interpolation_duration: 1}
$data merge entity $(bone_magazine1) {transformation: [0f,0f,0f,-0.0293f,0f,0f,0f,-0.4532f,0f,0f,0f,0.347f,0f,0f,0f,1f],start_interpolation: 0,interpolation_duration: 1}
$data merge entity $(bone_left_arm) {transformation: [-0.8621f,0.0206f,0.5063f,0.0371f,-0.486f,0.2489f,-0.8378f,-0.4541f,-0.1433f,-0.9683f,-0.2045f,-0.0494f,0f,0f,0f,1f],start_interpolation: 0,interpolation_duration: 1}
data modify entity @s data merge value {"cameras":{},"locators":{"barrel1":{"px":0.13410374985829798,"py":-0.47945448069034663,"pz":0.6441297685337697,"ry":337.64363307620386,"rx":8.294309846745573}}}