# This file was generated by Animated Java via MC-Build. It is not recommended to edit this file directly.
$data merge entity $(bone_muzzleflash) {transformation: [0f,0f,0f,-0.0603f,0f,0f,0f,-0.8711f,0f,0f,0f,0.3122f,0f,0f,0f,1f],start_interpolation: 0,interpolation_duration: 1}
$data merge entity $(bone_slide) {transformation: [-0.9403f,-0.066f,-0.3338f,0.0649f,-0.1247f,0.9796f,0.1575f,-0.4039f,0.3166f,0.1898f,-0.9294f,0.5033f,0f,0f,0f,1f],start_interpolation: 0,interpolation_duration: 1}
$data merge entity $(bone_barrel) {transformation: [-0.9403f,-0.066f,-0.3338f,0.1731f,-0.1247f,0.9796f,0.1575f,-0.4695f,0.3166f,0.1898f,-0.9294f,0.4533f,0f,0f,0f,1f],start_interpolation: 0,interpolation_duration: 1}
$data merge entity $(bone_magazine) {transformation: [-0.9403f,-0.066f,-0.3338f,0.0079f,-0.1247f,0.9796f,0.1575f,-0.5036f,0.3166f,0.1898f,-0.9294f,0.2949f,0f,0f,0f,1f],start_interpolation: 0,interpolation_duration: 1}
$data merge entity $(bone_grip) {transformation: [-0.9403f,-0.066f,-0.3338f,0.0079f,-0.1247f,0.9796f,0.1575f,-0.5036f,0.3166f,0.1898f,-0.9294f,0.2949f,0f,0f,0f,1f],start_interpolation: 0,interpolation_duration: 1}
$data merge entity $(bone_trigger) {transformation: [-0.9403f,-0.066f,-0.3338f,0.0179f,-0.1247f,0.9796f,0.1575f,-0.5042f,0.3166f,0.1898f,-0.9294f,0.3242f,0f,0f,0f,1f],start_interpolation: 0,interpolation_duration: 1}
$data merge entity $(bone_trigger_gaurd) {transformation: [-0.9403f,-0.066f,-0.3338f,0.0268f,-0.1247f,0.9796f,0.1575f,-0.481f,0.3166f,0.1898f,-0.9294f,0.3599f,0f,0f,0f,1f],start_interpolation: 0,interpolation_duration: 1}
$data merge entity $(bone_right_arm) {transformation: [-0.9403f,-0.3338f,0.066f,-0.1325f,-0.1247f,0.1575f,-0.9796f,-0.477f,0.3166f,-0.9294f,-0.1898f,-0.0031f,0f,0f,0f,1f],start_interpolation: 0,interpolation_duration: 1}
$data merge entity $(bone_magazine1) {transformation: [0f,0f,0f,-0.0471f,0f,0f,0f,-0.4558f,0f,0f,0f,0.3468f,0f,0f,0f,1f],start_interpolation: 0,interpolation_duration: 1}
$data merge entity $(bone_left_arm) {transformation: [-0.8467f,0.0637f,0.5283f,0.0385f,-0.4952f,0.2689f,-0.8261f,-0.4477f,-0.1946f,-0.9611f,-0.1961f,-0.0459f,0f,0f,0f,1f],start_interpolation: 0,interpolation_duration: 1}
data modify entity @s data merge value {"cameras":{},"locators":{"barrel1":{"px":0.10216780445022605,"py":-0.4857907796885571,"pz":0.6508889275235725,"ry":340.2412022009174,"rx":9.063305717624539}}}