# This file was generated by Animated Java via MC-Build. It is not recommended to edit this file directly.
$data merge entity $(bone_muzzleflash) {transformation: [0f,0f,0f,-0.0736f,0f,0f,0f,-0.8662f,0f,0f,0f,0.3106f,0f,0f,0f,1f],start_interpolation: 0,interpolation_duration: 1}
$data merge entity $(bone_slide) {transformation: [-0.9503f,-0.067f,-0.3042f,0.048f,-0.1213f,0.979f,0.1636f,-0.4006f,0.2868f,0.1923f,-0.9385f,0.5077f,0f,0f,0f,1f],start_interpolation: 0,interpolation_duration: 1}
$data merge entity $(bone_barrel) {transformation: [-0.9503f,-0.067f,-0.3042f,0.1573f,-0.1213f,0.979f,0.1636f,-0.4665f,0.2868f,0.1923f,-0.9385f,0.4607f,0f,0f,0f,1f],start_interpolation: 0,interpolation_duration: 1}
$data merge entity $(bone_magazine) {transformation: [-0.9503f,-0.067f,-0.3042f,-0.003f,-0.1213f,0.979f,0.1636f,-0.499f,0.2868f,0.1923f,-0.9385f,0.2972f,0f,0f,0f,1f],start_interpolation: 0,interpolation_duration: 1}
$data merge entity $(bone_grip) {transformation: [-0.9503f,-0.067f,-0.3042f,-0.003f,-0.1213f,0.979f,0.1636f,-0.499f,0.2868f,0.1923f,-0.9385f,0.2972f,0f,0f,0f,1f],start_interpolation: 0,interpolation_duration: 1}
$data merge entity $(bone_trigger) {transformation: [-0.9503f,-0.067f,-0.3042f,0.006f,-0.1213f,0.979f,0.1636f,-0.4998f,0.2868f,0.1923f,-0.9385f,0.3267f,0f,0f,0f,1f],start_interpolation: 0,interpolation_duration: 1}
$data merge entity $(bone_trigger_gaurd) {transformation: [-0.9503f,-0.067f,-0.3042f,0.0139f,-0.1213f,0.979f,0.1636f,-0.4768f,0.2868f,0.1923f,-0.9385f,0.3628f,0f,0f,0f,1f],start_interpolation: 0,interpolation_duration: 1}
$data merge entity $(bone_right_arm) {transformation: [-0.9503f,-0.3042f,0.067f,-0.134f,-0.1213f,0.1636f,-0.979f,-0.4703f,0.2868f,-0.9385f,-0.1923f,-0.0049f,0f,0f,0f,1f],start_interpolation: 0,interpolation_duration: 1}
$data merge entity $(bone_magazine1) {transformation: [0f,0f,0f,-0.0594f,0f,0f,0f,-0.4511f,0f,0f,0f,0.3475f,0f,0f,0f,1f],start_interpolation: 0,interpolation_duration: 1}
$data merge entity $(bone_left_arm) {transformation: [-0.8427f,0.0947f,0.5299f,0.0383f,-0.49f,0.273f,-0.8279f,-0.4417f,-0.2231f,-0.9573f,-0.1837f,-0.0423f,0f,0f,0f,1f],start_interpolation: 0,interpolation_duration: 1}
data modify entity @s data merge value {"cameras":{},"locators":{"barrel1":{"px":0.08025673424576293,"py":-0.4833403470096735,"pz":0.655940469177014,"ry":342.04209920703363,"rx":9.413376665212816}}}