# This file was generated by Animated Java via MC-Build. It is not recommended to edit this file directly.
$data merge entity $(bone_muzzleflash) {transformation: [0f,0f,0f,-0.0861f,0f,0f,0f,-0.8567f,0f,0f,0f,0.3146f,0f,0f,0f,1f],start_interpolation: 0,interpolation_duration: 1}
$data merge entity $(bone_slide) {transformation: [-0.9551f,-0.0514f,-0.2916f,0.0417f,-0.1025f,0.9813f,0.1627f,-0.392f,0.2778f,0.1853f,-0.9426f,0.5099f,0f,0f,0f,1f],start_interpolation: 0,interpolation_duration: 1}
$data merge entity $(bone_barrel) {transformation: [-0.9551f,-0.0514f,-0.2916f,0.1503f,-0.1025f,0.9813f,0.1627f,-0.4602f,0.2778f,0.1853f,-0.9426f,0.4646f,0f,0f,0f,1f],start_interpolation: 0,interpolation_duration: 1}
$data merge entity $(bone_magazine) {transformation: [-0.9551f,-0.0514f,-0.2916f,-0.0089f,-0.1025f,0.9813f,0.1627f,-0.4909f,0.2778f,0.1853f,-0.9426f,0.2996f,0f,0f,0f,1f],start_interpolation: 0,interpolation_duration: 1}
$data merge entity $(bone_grip) {transformation: [-0.9551f,-0.0514f,-0.2916f,-0.0089f,-0.1025f,0.9813f,0.1627f,-0.4909f,0.2778f,0.1853f,-0.9426f,0.2996f,0f,0f,0f,1f],start_interpolation: 0,interpolation_duration: 1}
$data merge entity $(bone_trigger) {transformation: [-0.9551f,-0.0514f,-0.2916f,-0.0002f,-0.1025f,0.9813f,0.1627f,-0.4916f,0.2778f,0.1853f,-0.9426f,0.3292f,0f,0f,0f,1f],start_interpolation: 0,interpolation_duration: 1}
$data merge entity $(bone_trigger_gaurd) {transformation: [-0.9551f,-0.0514f,-0.2916f,0.0078f,-0.1025f,0.9813f,0.1627f,-0.4685f,0.2778f,0.1853f,-0.9426f,0.3652f,0f,0f,0f,1f],start_interpolation: 0,interpolation_duration: 1}
$data merge entity $(bone_right_arm) {transformation: [-0.9551f,-0.2916f,0.0514f,-0.1363f,-0.1025f,0.1627f,-0.9813f,-0.4619f,0.2778f,-0.9426f,-0.1853f,-0.004f,0f,0f,0f,1f],start_interpolation: 0,interpolation_duration: 1}
$data merge entity $(bone_magazine1) {transformation: [0f,0f,0f,-0.0649f,0f,0f,0f,-0.4417f,0f,0f,0f,0.349f,0f,0f,0f,1f],start_interpolation: 0,interpolation_duration: 1}
$data merge entity $(bone_left_arm) {transformation: [-0.849f,0.1093f,0.5169f,0.0369f,-0.4763f,0.2649f,-0.8384f,-0.4366f,-0.2285f,-0.9581f,-0.1728f,-0.0398f,0f,0f,0f,1f],start_interpolation: 0,interpolation_duration: 1}
data modify entity @s data merge value {"cameras":{},"locators":{"barrel1":{"px":0.07101902464023495,"py":-0.4742967880486842,"pz":0.6590626785755005,"ry":342.8086168257587,"rx":9.361774365975236}}}