# This file was generated by Animated Java via MC-Build. It is not recommended to edit this file directly.
$data merge entity $(bone_muzzleflash) {transformation: [0f,0f,0f,-0.0929f,0f,0f,0f,-0.8454f,0f,0f,0f,0.3217f,0f,0f,0f,1f],start_interpolation: 0,interpolation_duration: 1}
$data merge entity $(bone_slide) {transformation: [-0.9533f,-0.0265f,-0.301f,0.0481f,-0.0772f,0.9845f,0.1577f,-0.3813f,0.2921f,0.1735f,-0.9405f,0.5093f,0f,0f,0f,1f],start_interpolation: 0,interpolation_duration: 1}
$data merge entity $(bone_barrel) {transformation: [-0.9533f,-0.0265f,-0.301f,0.1545f,-0.0772f,0.9845f,0.1577f,-0.4526f,0.2921f,0.1735f,-0.9405f,0.4633f,0f,0f,0f,1f],start_interpolation: 0,interpolation_duration: 1}
$data merge entity $(bone_magazine) {transformation: [-0.9533f,-0.0265f,-0.301f,-0.0076f,-0.0772f,0.9845f,0.1577f,-0.4817f,0.2921f,0.1735f,-0.9405f,0.3009f,0f,0f,0f,1f],start_interpolation: 0,interpolation_duration: 1}
$data merge entity $(bone_grip) {transformation: [-0.9533f,-0.0265f,-0.301f,-0.0076f,-0.0772f,0.9845f,0.1577f,-0.4817f,0.2921f,0.1735f,-0.9405f,0.3009f,0f,0f,0f,1f],start_interpolation: 0,interpolation_duration: 1}
$data merge entity $(bone_trigger) {transformation: [-0.9533f,-0.0265f,-0.301f,0.0015f,-0.0772f,0.9845f,0.1577f,-0.4822f,0.2921f,0.1735f,-0.9405f,0.3305f,0f,0f,0f,1f],start_interpolation: 0,interpolation_duration: 1}
$data merge entity $(bone_trigger_gaurd) {transformation: [-0.9533f,-0.0265f,-0.301f,0.0105f,-0.0772f,0.9845f,0.1577f,-0.4589f,0.2921f,0.1735f,-0.9405f,0.366f,0f,0f,0f,1f],start_interpolation: 0,interpolation_duration: 1}
$data merge entity $(bone_right_arm) {transformation: [-0.9533f,-0.301f,0.0265f,-0.1386f,-0.0772f,0.1577f,-0.9845f,-0.4535f,0.2921f,-0.9405f,-0.1735f,-0.0012f,0f,0f,0f,1f],start_interpolation: 0,interpolation_duration: 1}
$data merge entity $(bone_magazine1) {transformation: [0f,0f,0f,-0.0618f,0f,0f,0f,-0.4306f,0f,0f,0f,0.3505f,0f,0f,0f,1f],start_interpolation: 0,interpolation_duration: 1}
$data merge entity $(bone_left_arm) {transformation: [-0.8627f,0.1019f,0.4953f,0.0346f,-0.4596f,0.2505f,-0.8521f,-0.4326f,-0.2109f,-0.9628f,-0.1693f,-0.0397f,0f,0f,0f,1f],start_interpolation: 0,interpolation_duration: 1}
data modify entity @s data merge value {"cameras":{},"locators":{"barrel1":{"px":0.07760364269685323,"py":-0.46247121662603125,"pz":0.6590678954216882,"ry":342.2535234855276,"rx":9.071012921962804}}}