# This file was generated by Animated Java via MC-Build. It is not recommended to edit this file directly.
$data merge entity $(bone_muzzleflash) {transformation: [0f,0f,0f,-0.089f,0f,0f,0f,-0.8359f,0f,0f,0f,0.3285f,0f,0f,0f,1f],start_interpolation: 0,interpolation_duration: 1}
$data merge entity $(bone_slide) {transformation: [-0.9418f,-0.0001f,-0.3362f,0.0687f,-0.0545f,0.9868f,0.1524f,-0.3725f,0.3318f,0.1618f,-0.9294f,0.5043f,0f,0f,0f,1f],start_interpolation: 0,interpolation_duration: 1}
$data merge entity $(bone_barrel) {transformation: [-0.9418f,-0.0001f,-0.3362f,0.1717f,-0.0545f,0.9868f,0.1524f,-0.4464f,0.3318f,0.1618f,-0.9294f,0.4549f,0f,0f,0f,1f],start_interpolation: 0,interpolation_duration: 1}
$data merge entity $(bone_magazine) {transformation: [-0.9418f,-0.0001f,-0.3362f,0.0024f,-0.0545f,0.9868f,0.1524f,-0.4742f,0.3318f,0.1618f,-0.9294f,0.2996f,0f,0f,0f,1f],start_interpolation: 0,interpolation_duration: 1}
$data merge entity $(bone_grip) {transformation: [-0.9418f,-0.0001f,-0.3362f,0.0024f,-0.0545f,0.9868f,0.1524f,-0.4742f,0.3318f,0.1618f,-0.9294f,0.2996f,0f,0f,0f,1f],start_interpolation: 0,interpolation_duration: 1}
$data merge entity $(bone_trigger) {transformation: [-0.9418f,-0.0001f,-0.3362f,0.0127f,-0.0545f,0.9868f,0.1524f,-0.4746f,0.3318f,0.1618f,-0.9294f,0.3288f,0f,0f,0f,1f],start_interpolation: 0,interpolation_duration: 1}
$data merge entity $(bone_trigger_gaurd) {transformation: [-0.9418f,-0.0001f,-0.3362f,0.0236f,-0.0545f,0.9868f,0.1524f,-0.451f,0.3318f,0.1618f,-0.9294f,0.3636f,0f,0f,0f,1f],start_interpolation: 0,interpolation_duration: 1}
$data merge entity $(bone_right_arm) {transformation: [-0.9418f,-0.3362f,0.0001f,-0.1402f,-0.0545f,0.1524f,-0.9868f,-0.447f,0.3318f,-0.9294f,-0.1618f,0.0027f,0f,0f,0f,1f],start_interpolation: 0,interpolation_duration: 1}
$data merge entity $(bone_magazine1) {transformation: [0f,0f,0f,-0.0486f,0f,0f,0f,-0.4215f,0f,0f,0f,0.3507f,0f,0f,0f,1f],start_interpolation: 0,interpolation_duration: 1}
$data merge entity $(bone_left_arm) {transformation: [-0.8795f,0.0671f,0.4711f,0.0316f,-0.4446f,0.2368f,-0.8638f,-0.4301f,-0.1695f,-0.9692f,-0.1784f,-0.0431f,0f,0f,0f,1f],start_interpolation: 0,interpolation_duration: 1}
data modify entity @s data merge value {"cameras":{},"locators":{"barrel1":{"px":0.1026960575319122,"py":-0.4524378605562979,"pz":0.653702822289056,"ry":340.1106510652157,"rx":8.765819581227019}}}