# This file was generated by Animated Java via MC-Build. It is not recommended to edit this file directly.
$data merge entity $(bone_muzzleflash) {transformation: [0f,0f,0f,-0.068f,0f,0f,0f,-0.8253f,0f,0f,0f,0.3328f,0f,0f,0f,1f],start_interpolation: 0,interpolation_duration: 1}
$data merge entity $(bone_slide) {transformation: [-0.9173f,0.0249f,-0.3975f,0.108f,-0.0378f,0.9881f,0.149f,-0.3628f,0.3965f,0.1517f,-0.9054f,0.4928f,0f,0f,0f,1f],start_interpolation: 0,interpolation_duration: 1}
$data merge entity $(bone_barrel) {transformation: [-0.9173f,0.0249f,-0.3975f,0.2063f,-0.0378f,0.9881f,0.149f,-0.4386f,0.3965f,0.1517f,-0.9054f,0.4371f,0f,0f,0f,1f],start_interpolation: 0,interpolation_duration: 1}
$data merge entity $(bone_magazine) {transformation: [-0.9173f,0.0249f,-0.3975f,0.0263f,-0.0378f,0.9881f,0.149f,-0.4653f,0.3965f,0.1517f,-0.9054f,0.2942f,0f,0f,0f,1f],start_interpolation: 0,interpolation_duration: 1}
$data merge entity $(bone_grip) {transformation: [-0.9173f,0.0249f,-0.3975f,0.0263f,-0.0378f,0.9881f,0.149f,-0.4653f,0.3965f,0.1517f,-0.9054f,0.2942f,0f,0f,0f,1f],start_interpolation: 0,interpolation_duration: 1}
$data merge entity $(bone_trigger) {transformation: [-0.9173f,0.0249f,-0.3975f,0.0386f,-0.0378f,0.9881f,0.149f,-0.4656f,0.3965f,0.1517f,-0.9054f,0.3226f,0f,0f,0f,1f],start_interpolation: 0,interpolation_duration: 1}
$data merge entity $(bone_trigger_gaurd) {transformation: [-0.9173f,0.0249f,-0.3975f,0.0523f,-0.0378f,0.9881f,0.149f,-0.4419f,0.3965f,0.1517f,-0.9054f,0.3563f,0f,0f,0f,1f],start_interpolation: 0,interpolation_duration: 1}
$data merge entity $(bone_right_arm) {transformation: [-0.9173f,-0.3975f,-0.0249f,-0.1361f,-0.0378f,0.149f,-0.9881f,-0.4387f,0.3965f,-0.9054f,-0.1517f,0.0076f,0f,0f,0f,1f],start_interpolation: 0,interpolation_duration: 1}
$data merge entity $(bone_magazine1) {transformation: [0f,0f,0f,-0.0203f,0f,0f,0f,-0.4114f,0f,0f,0f,0.3482f,0f,0f,0f,1f],start_interpolation: 0,interpolation_duration: 1}
$data merge entity $(bone_left_arm) {transformation: [-0.8953f,0.0032f,0.4455f,0.0324f,-0.4332f,0.2272f,-0.8722f,-0.4247f,-0.104f,-0.9738f,-0.202f,-0.0502f,0f,0f,0f,1f],start_interpolation: 0,interpolation_duration: 1}
data modify entity @s data merge value {"cameras":{},"locators":{"barrel1":{"px":0.15114297281961284,"py":-0.4418815149265544,"pz":0.6402567182170206,"ry":336.2955946696276,"rx":8.571666567156615}}}