# This file was generated by Animated Java via MC-Build. It is not recommended to edit this file directly.
$data merge entity $(bone_muzzleflash) {transformation: [0f,0f,0f,-0.0337f,0f,0f,0f,-0.8169f,0f,0f,0f,0.3352f,0f,0f,0f,1f],start_interpolation: 0,interpolation_duration: 1}
$data merge entity $(bone_slide) {transformation: [-0.8717f,0.0562f,-0.4867f,0.1652f,-0.0185f,0.9889f,0.1474f,-0.356f,0.4896f,0.1375f,-0.861f,0.471f,0f,0f,0f,1f],start_interpolation: 0,interpolation_duration: 1}
$data merge entity $(bone_barrel) {transformation: [-0.8717f,0.0562f,-0.4867f,0.256f,-0.0185f,0.9889f,0.1474f,-0.434f,0.4896f,0.1375f,-0.861f,0.4064f,0f,0f,0f,1f],start_interpolation: 0,interpolation_duration: 1}
$data merge entity $(bone_magazine) {transformation: [-0.8717f,0.0562f,-0.4867f,0.0618f,-0.0185f,0.9889f,0.1474f,-0.459f,0.4896f,0.1375f,-0.861f,0.2831f,0f,0f,0f,1f],start_interpolation: 0,interpolation_duration: 1}
$data merge entity $(bone_grip) {transformation: [-0.8717f,0.0562f,-0.4867f,0.0618f,-0.0185f,0.9889f,0.1474f,-0.459f,0.4896f,0.1375f,-0.861f,0.2831f,0f,0f,0f,1f],start_interpolation: 0,interpolation_duration: 1}
$data merge entity $(bone_trigger) {transformation: [-0.8717f,0.0562f,-0.4867f,0.077f,-0.0185f,0.9889f,0.1474f,-0.4592f,0.4896f,0.1375f,-0.861f,0.3101f,0f,0f,0f,1f],start_interpolation: 0,interpolation_duration: 1}
$data merge entity $(bone_trigger_gaurd) {transformation: [-0.8717f,0.0562f,-0.4867f,0.0944f,-0.0185f,0.9889f,0.1474f,-0.4354f,0.4896f,0.1375f,-0.861f,0.342f,0f,0f,0f,1f],start_interpolation: 0,interpolation_duration: 1}
$data merge entity $(bone_right_arm) {transformation: [-0.8717f,-0.4867f,-0.0562f,-0.129f,-0.0185f,0.1474f,-0.9889f,-0.4322f,0.4896f,-0.861f,-0.1375f,0.0146f,0f,0f,0f,1f],start_interpolation: 0,interpolation_duration: 1}
$data merge entity $(bone_magazine1) {transformation: [0f,0f,0f,0.0219f,0f,0f,0f,-0.4037f,0f,0f,0f,0.341f,0f,0f,0f,1f],start_interpolation: 0,interpolation_duration: 1}
$data merge entity $(bone_left_arm) {transformation: [-0.908f,-0.094f,0.4083f,0.0328f,-0.4189f,0.2181f,-0.8815f,-0.4216f,-0.0062f,-0.9714f,-0.2374f,-0.0604f,0f,0f,0f,1f],start_interpolation: 0,interpolation_duration: 1}
data modify entity @s data merge value {"cameras":{},"locators":{"barrel1":{"px":0.22215207562900804,"py":-0.434437932656638,"pz":0.6141535667147826,"ry":330.5213824442207,"rx":8.475500514689315}}}