# This file was generated by Animated Java via MC-Build. It is not recommended to edit this file directly.
$data merge entity $(bone_muzzleflash) {transformation: [0f,0f,0f,0.005f,0f,0f,0f,-0.816f,0f,0f,0f,0.3341f,0f,0f,0f,1f],start_interpolation: 0,interpolation_duration: 1}
$data merge entity $(bone_slide) {transformation: [-0.8063f,0.0901f,-0.5846f,0.227f,0.0027f,0.9889f,0.1488f,-0.3577f,0.5915f,0.1184f,-0.7975f,0.4397f,0f,0f,0f,1f],start_interpolation: 0,interpolation_duration: 1}
$data merge entity $(bone_barrel) {transformation: [-0.8063f,0.0901f,-0.5846f,0.3079f,0.0027f,0.9889f,0.1488f,-0.438f,0.5915f,0.1184f,-0.7975f,0.3654f,0f,0f,0f,1f],start_interpolation: 0,interpolation_duration: 1}
$data merge entity $(bone_magazine) {transformation: [-0.8063f,0.0901f,-0.5846f,0.0999f,0.0027f,0.9889f,0.1488f,-0.4604f,0.5915f,0.1184f,-0.7975f,0.2668f,0f,0f,0f,1f],start_interpolation: 0,interpolation_duration: 1}
$data merge entity $(bone_grip) {transformation: [-0.8063f,0.0901f,-0.5846f,0.0999f,0.0027f,0.9889f,0.1488f,-0.4604f,0.5915f,0.1184f,-0.7975f,0.2668f,0f,0f,0f,1f],start_interpolation: 0,interpolation_duration: 1}
$data merge entity $(bone_trigger) {transformation: [-0.8063f,0.0901f,-0.5846f,0.1182f,0.0027f,0.9889f,0.1488f,-0.4606f,0.5915f,0.1184f,-0.7975f,0.2917f,0f,0f,0f,1f],start_interpolation: 0,interpolation_duration: 1}
$data merge entity $(bone_trigger_gaurd) {transformation: [-0.8063f,0.0901f,-0.5846f,0.1397f,0.0027f,0.9889f,0.1488f,-0.4369f,0.5915f,0.1184f,-0.7975f,0.321f,0f,0f,0f,1f],start_interpolation: 0,interpolation_duration: 1}
$data merge entity $(bone_right_arm) {transformation: [-0.8063f,-0.5846f,-0.0901f,-0.1215f,0.0027f,0.1488f,-0.9889f,-0.4325f,0.5915f,-0.7975f,-0.1184f,0.023f,0f,0f,0f,1f],start_interpolation: 0,interpolation_duration: 1}
$data merge entity $(bone_magazine1) {transformation: [0f,0f,0f,0.0682f,0f,0f,0f,-0.4039f,0f,0f,0f,0.3285f,0f,0f,0f,1f],start_interpolation: 0,interpolation_duration: 1}
$data merge entity $(bone_left_arm) {transformation: [-0.9094f,-0.2069f,0.3607f,0.0302f,-0.4015f,0.2109f,-0.8912f,-0.4256f,0.1084f,-0.9553f,-0.2749f,-0.0711f,0f,0f,0f,1f],start_interpolation: 0,interpolation_duration: 1}
data modify entity @s data merge value {"cameras":{},"locators":{"barrel1":{"px":0.29947878118373633,"py":-0.4358957603529854,"pz":0.5757282454317394,"ry":323.7571922375523,"rx":8.557144921464623}}}