# This file was generated by Animated Java via MC-Build. It is not recommended to edit this file directly.
$data merge entity $(bone_muzzleflash) {transformation: [0f,0f,0f,0.0428f,0f,0f,0f,-0.8295f,0f,0f,0f,0.3297f,0f,0f,0f,1f],start_interpolation: 0,interpolation_duration: 1}
$data merge entity $(bone_slide) {transformation: [-0.7281f,0.1228f,-0.6744f,0.2848f,0.0244f,0.9878f,0.1536f,-0.375f,0.685f,0.0954f,-0.7223f,0.4022f,0f,0f,0f,1f],start_interpolation: 0,interpolation_duration: 1}
$data merge entity $(bone_barrel) {transformation: [-0.7281f,0.1228f,-0.6744f,0.3545f,0.0244f,0.9878f,0.1536f,-0.4576f,0.685f,0.0954f,-0.7223f,0.3196f,0f,0f,0f,1f],start_interpolation: 0,interpolation_duration: 1}
$data merge entity $(bone_magazine) {transformation: [-0.7281f,0.1228f,-0.6744f,0.1356f,0.0244f,0.9878f,0.1536f,-0.4766f,0.685f,0.0954f,-0.7223f,0.2472f,0f,0f,0f,1f],start_interpolation: 0,interpolation_duration: 1}
$data merge entity $(bone_grip) {transformation: [-0.7281f,0.1228f,-0.6744f,0.1356f,0.0244f,0.9878f,0.1536f,-0.4766f,0.685f,0.0954f,-0.7223f,0.2472f,0f,0f,0f,1f],start_interpolation: 0,interpolation_duration: 1}
$data merge entity $(bone_trigger) {transformation: [-0.7281f,0.1228f,-0.6744f,0.1568f,0.0244f,0.9878f,0.1536f,-0.477f,0.685f,0.0954f,-0.7223f,0.2698f,0f,0f,0f,1f],start_interpolation: 0,interpolation_duration: 1}
$data merge entity $(bone_trigger_gaurd) {transformation: [-0.7281f,0.1228f,-0.6744f,0.1822f,0.0244f,0.9878f,0.1536f,-0.4534f,0.685f,0.0954f,-0.7223f,0.296f,0f,0f,0f,1f],start_interpolation: 0,interpolation_duration: 1}
$data merge entity $(bone_right_arm) {transformation: [-0.7281f,-0.6744f,-0.1228f,-0.1133f,0.0244f,0.1536f,-0.9878f,-0.4463f,0.685f,-0.7223f,-0.0954f,0.0318f,0f,0f,0f,1f],start_interpolation: 0,interpolation_duration: 1}
$data merge entity $(bone_magazine1) {transformation: [0f,0f,0f,0.1127f,0f,0f,0f,-0.4189f,0f,0f,0f,0.3117f,0f,0f,0f,1f],start_interpolation: 0,interpolation_duration: 1}
$data merge entity $(bone_left_arm) {transformation: [-0.897f,-0.3176f,0.3074f,0.026f,-0.3819f,0.2066f,-0.9008f,-0.4434f,0.2226f,-0.9255f,-0.3066f,-0.0801f,0f,0f,0f,1f],start_interpolation: 0,interpolation_duration: 1}
data modify entity @s data merge value {"cameras":{},"locators":{"barrel1":{"px":0.3717463801388524,"py":-0.4534268623134884,"pz":0.5293577961932568,"ry":316.96431073833537,"rx":8.833504434278874}}}