# This file was generated by Animated Java via MC-Build. It is not recommended to edit this file directly.
$data merge entity $(bone_muzzleflash) {transformation: [0f,0f,0f,0.0979f,0f,0f,0f,-0.8467f,0f,0f,0f,0.334f,0f,0f,0f,1f],start_interpolation: 0,interpolation_duration: 1}
$data merge entity $(bone_slide) {transformation: [-0.5255f,0.2198f,-0.8219f,0.3851f,0.1243f,0.9755f,0.1814f,-0.4137f,0.8417f,-0.0069f,-0.5399f,0.3123f,0f,0f,0f,1f],start_interpolation: 0,interpolation_duration: 1}
$data merge entity $(bone_barrel) {transformation: [-0.5255f,0.2198f,-0.8219f,0.4248f,0.1243f,0.9755f,0.1814f,-0.5063f,0.8417f,-0.0069f,-0.5399f,0.2208f,0f,0f,0f,1f],start_interpolation: 0,interpolation_duration: 1}
$data merge entity $(bone_magazine) {transformation: [-0.5255f,0.2198f,-0.8219f,0.1939f,0.1243f,0.9755f,0.1814f,-0.5082f,0.8417f,-0.0069f,-0.5399f,0.2068f,0f,0f,0f,1f],start_interpolation: 0,interpolation_duration: 1}
$data merge entity $(bone_grip) {transformation: [-0.5255f,0.2198f,-0.8219f,0.1939f,0.1243f,0.9755f,0.1814f,-0.5082f,0.8417f,-0.0069f,-0.5399f,0.2068f,0f,0f,0f,1f],start_interpolation: 0,interpolation_duration: 1}
$data merge entity $(bone_trigger) {transformation: [-0.5255f,0.2198f,-0.8219f,0.22f,0.1243f,0.9755f,0.1814f,-0.5095f,0.8417f,-0.0069f,-0.5399f,0.2234f,0f,0f,0f,1f],start_interpolation: 0,interpolation_duration: 1}
$data merge entity $(bone_trigger_gaurd) {transformation: [-0.5255f,0.2198f,-0.8219f,0.253f,0.1243f,0.9755f,0.1814f,-0.4872f,0.8417f,-0.0069f,-0.5399f,0.2407f,0f,0f,0f,1f],start_interpolation: 0,interpolation_duration: 1}
$data merge entity $(bone_right_arm) {transformation: [-0.5255f,-0.8219f,-0.2198f,-0.0985f,0.1243f,0.1814f,-0.9755f,-0.4651f,0.8417f,-0.5399f,0.0069f,0.0588f,0f,0f,0f,1f],start_interpolation: 0,interpolation_duration: 1}
$data merge entity $(bone_magazine1) {transformation: [0f,0f,0f,0.1928f,0f,0f,0f,-0.4457f,0f,0f,0f,0.2708f,0f,0f,0f,1f],start_interpolation: 0,interpolation_duration: 1}
$data merge entity $(bone_left_arm) {transformation: [-0.8378f,-0.5256f,0.1479f,0.0075f,-0.2858f,0.1913f,-0.939f,-0.4805f,0.4653f,-0.8289f,-0.3105f,-0.0842f,0f,0f,0f,1f],start_interpolation: 0,interpolation_duration: 1}
data modify entity @s data merge value {"cameras":{},"locators":{"barrel1":{"px":0.4951381744295774,"py":-0.4938230688340926,"pz":0.41880505925490796,"ry":303.30144114026757,"rx":10.450075233708928}}}