# This file was generated by Animated Java via MC-Build. It is not recommended to edit this file directly.
$data merge entity $(bone_muzzleflash) {transformation: [0f,0f,0f,0.0753f,0f,0f,0f,-0.8506f,0f,0f,0f,0.3239f,0f,0f,0f,1f],start_interpolation: 0,interpolation_duration: 1}
$data merge entity $(bone_slide) {transformation: [-0.6511f,0.1509f,-0.7438f,0.3322f,0.045f,0.986f,0.1606f,-0.4004f,0.7576f,0.0711f,-0.6488f,0.3656f,0f,0f,0f,1f],start_interpolation: 0,interpolation_duration: 1}
$data merge entity $(bone_barrel) {transformation: [-0.6511f,0.1509f,-0.7438f,0.3912f,0.045f,0.986f,0.1606f,-0.4851f,0.7576f,0.0711f,-0.6488f,0.277f,0f,0f,0f,1f],start_interpolation: 0,interpolation_duration: 1}
$data merge entity $(bone_magazine) {transformation: [-0.6511f,0.1509f,-0.7438f,0.1656f,0.045f,0.986f,0.1606f,-0.5004f,0.7576f,0.0711f,-0.6488f,0.2283f,0f,0f,0f,1f],start_interpolation: 0,interpolation_duration: 1}
$data merge entity $(bone_grip) {transformation: [-0.6511f,0.1509f,-0.7438f,0.1656f,0.045f,0.986f,0.1606f,-0.5004f,0.7576f,0.0711f,-0.6488f,0.2283f,0f,0f,0f,1f],start_interpolation: 0,interpolation_duration: 1}
$data merge entity $(bone_trigger) {transformation: [-0.6511f,0.1509f,-0.7438f,0.189f,0.045f,0.986f,0.1606f,-0.501f,0.7576f,0.0711f,-0.6488f,0.2485f,0f,0f,0f,1f],start_interpolation: 0,interpolation_duration: 1}
$data merge entity $(bone_trigger_gaurd) {transformation: [-0.6511f,0.1509f,-0.7438f,0.2175f,0.045f,0.986f,0.1606f,-0.4777f,0.7576f,0.0711f,-0.6488f,0.2716f,0f,0f,0f,1f],start_interpolation: 0,interpolation_duration: 1}
$data merge entity $(bone_right_arm) {transformation: [-0.6511f,-0.7438f,-0.1509f,-0.104f,0.045f,0.1606f,-0.986f,-0.467f,0.7576f,-0.6488f,-0.0711f,0.04f,0f,0f,0f,1f],start_interpolation: 0,interpolation_duration: 1}
$data merge entity $(bone_magazine1) {transformation: [0f,0f,0f,0.1507f,0f,0f,0f,-0.4416f,0f,0f,0f,0.2942f,0f,0f,0f,1f],start_interpolation: 0,interpolation_duration: 1}
$data merge entity $(bone_left_arm) {transformation: [-0.8756f,-0.4095f,0.2562f,0.0227f,-0.3618f,0.2047f,-0.9095f,-0.4679f,0.32f,-0.889f,-0.3274f,-0.086f,0f,0f,0f,1f],start_interpolation: 0,interpolation_duration: 1}
data modify entity @s data merge value {"cameras":{},"locators":{"barrel1":{"px":0.4305713553589793,"py":-0.47942404574343556,"pz":0.48368564699031713,"ry":311.0969423240791,"rx":9.242994145979456}}}