# This file was generated by Animated Java via MC-Build. It is not recommended to edit this file directly.
$data merge entity $(bone_muzzleflash) {transformation: [0f,0f,0f,0.0893f,0f,0f,0f,-0.8316f,0f,0f,0f,0.3473f,0f,0f,0f,1f],start_interpolation: 0,interpolation_duration: 1}
$data merge entity $(bone_slide) {transformation: [-0.5176f,0.2394f,-0.8214f,0.3851f,0.1562f,0.9704f,0.1844f,-0.4053f,0.8412f,-0.0329f,-0.5397f,0.3129f,0f,0f,0f,1f],start_interpolation: 0,interpolation_duration: 1}
$data merge entity $(bone_barrel) {transformation: [-0.5176f,0.2394f,-0.8214f,0.4223f,0.1562f,0.9704f,0.1844f,-0.5009f,0.8412f,-0.0329f,-0.5397f,0.2236f,0f,0f,0f,1f],start_interpolation: 0,interpolation_duration: 1}
$data merge entity $(bone_magazine) {transformation: [-0.5176f,0.2394f,-0.8214f,0.1913f,0.1562f,0.9704f,0.1844f,-0.4985f,0.8412f,-0.0329f,-0.5397f,0.211f,0f,0f,0f,1f],start_interpolation: 0,interpolation_duration: 1}
$data merge entity $(bone_grip) {transformation: [-0.5176f,0.2394f,-0.8214f,0.1913f,0.1562f,0.9704f,0.1844f,-0.4985f,0.8412f,-0.0329f,-0.5397f,0.211f,0f,0f,0f,1f],start_interpolation: 0,interpolation_duration: 1}
$data merge entity $(bone_trigger) {transformation: [-0.5176f,0.2394f,-0.8214f,0.2175f,0.1562f,0.9704f,0.1844f,-0.4999f,0.8412f,-0.0329f,-0.5397f,0.2274f,0f,0f,0f,1f],start_interpolation: 0,interpolation_duration: 1}
$data merge entity $(bone_trigger_gaurd) {transformation: [-0.5176f,0.2394f,-0.8214f,0.2511f,0.1562f,0.9704f,0.1844f,-0.4779f,0.8412f,-0.0329f,-0.5397f,0.2439f,0f,0f,0f,1f],start_interpolation: 0,interpolation_duration: 1}
$data merge entity $(bone_right_arm) {transformation: [-0.5176f,-0.8214f,-0.2394f,-0.101f,0.1562f,0.1844f,-0.9704f,-0.4532f,0.8412f,-0.5397f,0.0329f,0.0636f,0f,0f,0f,1f],start_interpolation: 0,interpolation_duration: 1}
$data merge entity $(bone_magazine1) {transformation: [0f,0f,0f,0.1919f,0f,0f,0f,-0.4343f,0f,0f,0f,0.2734f,0f,0f,0f,1f],start_interpolation: 0,interpolation_duration: 1}
$data merge entity $(bone_left_arm) {transformation: [-0.8405f,-0.5268f,0.127f,0.0037f,-0.2568f,0.181f,-0.9494f,-0.4743f,0.4771f,-0.8305f,-0.2874f,-0.0796f,0f,0f,0f,1f],start_interpolation: 0,interpolation_duration: 1}
data modify entity @s data merge value {"cameras":{},"locators":{"barrel1":{"px":0.49414797052203174,"py":-0.4848868376296761,"pz":0.42079816165618555,"ry":303.30378070037034,"rx":10.624470258250474}}}