# This file was generated by Animated Java via MC-Build. It is not recommended to edit this file directly.
$data merge entity $(bone_muzzleflash) {transformation: [0f,0f,0f,0.0763f,0f,0f,0f,-0.8168f,0f,0f,0f,0.3619f,0f,0f,0f,1f],start_interpolation: 0,interpolation_duration: 1}
$data merge entity $(bone_slide) {transformation: [-0.5299f,0.2506f,-0.8102f,0.3773f,0.1813f,0.9667f,0.1805f,-0.3945f,0.8284f,-0.0513f,-0.5577f,0.3227f,0f,0f,0f,1f],start_interpolation: 0,interpolation_duration: 1}
$data merge entity $(bone_barrel) {transformation: [-0.5299f,0.2506f,-0.8102f,0.415f,0.1813f,0.9667f,0.1805f,-0.4926f,0.8284f,-0.0513f,-0.5577f,0.2362f,0f,0f,0f,1f],start_interpolation: 0,interpolation_duration: 1}
$data merge entity $(bone_magazine) {transformation: [-0.5299f,0.2506f,-0.8102f,0.1843f,0.1813f,0.9667f,0.1805f,-0.488f,0.8284f,-0.0513f,-0.5577f,0.2197f,0f,0f,0f,1f],start_interpolation: 0,interpolation_duration: 1}
$data merge entity $(bone_grip) {transformation: [-0.5299f,0.2506f,-0.8102f,0.1843f,0.1813f,0.9667f,0.1805f,-0.488f,0.8284f,-0.0513f,-0.5577f,0.2197f,0f,0f,0f,1f],start_interpolation: 0,interpolation_duration: 1}
$data merge entity $(bone_trigger) {transformation: [-0.5299f,0.2506f,-0.8102f,0.2102f,0.1813f,0.9667f,0.1805f,-0.4893f,0.8284f,-0.0513f,-0.5577f,0.2365f,0f,0f,0f,1f],start_interpolation: 0,interpolation_duration: 1}
$data merge entity $(bone_trigger_gaurd) {transformation: [-0.5299f,0.2506f,-0.8102f,0.2437f,0.1813f,0.9667f,0.1805f,-0.4673f,0.8284f,-0.0513f,-0.5577f,0.2532f,0f,0f,0f,1f],start_interpolation: 0,interpolation_duration: 1}
$data merge entity $(bone_right_arm) {transformation: [-0.5299f,-0.8102f,-0.2506f,-0.105f,0.1813f,0.1805f,-0.9667f,-0.4431f,0.8284f,-0.5577f,0.0513f,0.0663f,0f,0f,0f,1f],start_interpolation: 0,interpolation_duration: 1}
$data merge entity $(bone_magazine1) {transformation: [0f,0f,0f,0.1845f,0f,0f,0f,-0.4224f,0f,0f,0f,0.2805f,0f,0f,0f,1f],start_interpolation: 0,interpolation_duration: 1}
$data merge entity $(bone_left_arm) {transformation: [-0.8512f,-0.5107f,0.1213f,0.0019f,-0.2367f,0.1671f,-0.9571f,-0.4687f,0.4685f,-0.8433f,-0.2631f,-0.0746f,0f,0f,0f,1f],start_interpolation: 0,interpolation_duration: 1}
data modify entity @s data merge value {"cameras":{},"locators":{"barrel1":{"px":0.4836435326472079,"py":-0.47274775660112417,"pz":0.43424740898775377,"ry":304.54534460381797,"rx":10.396863614587156}}}