# This file was generated by Animated Java via MC-Build. It is not recommended to edit this file directly.
$data merge entity $(bone_muzzleflash) {transformation: [0f,0f,0f,0.0598f,0f,0f,0f,-0.807f,0f,0f,0f,0.3746f,0f,0f,0f,1f],start_interpolation: 0,interpolation_duration: 1}
$data merge entity $(bone_slide) {transformation: [-0.5652f,0.2484f,-0.7867f,0.3604f,0.1915f,0.9671f,0.1677f,-0.3839f,0.8024f,-0.0559f,-0.5942f,0.3414f,0f,0f,0f,1f],start_interpolation: 0,interpolation_duration: 1}
$data merge entity $(bone_barrel) {transformation: [-0.5652f,0.2484f,-0.7867f,0.4021f,0.1915f,0.9671f,0.1677f,-0.4831f,0.8024f,-0.0559f,-0.5942f,0.2582f,0f,0f,0f,1f],start_interpolation: 0,interpolation_duration: 1}
$data merge entity $(bone_magazine) {transformation: [-0.5652f,0.2484f,-0.7867f,0.1723f,0.1915f,0.9671f,0.1677f,-0.4799f,0.8024f,-0.0559f,-0.5942f,0.2319f,0f,0f,0f,1f],start_interpolation: 0,interpolation_duration: 1}
$data merge entity $(bone_grip) {transformation: [-0.5652f,0.2484f,-0.7867f,0.1723f,0.1915f,0.9671f,0.1677f,-0.4799f,0.8024f,-0.0559f,-0.5942f,0.2319f,0f,0f,0f,1f],start_interpolation: 0,interpolation_duration: 1}
$data merge entity $(bone_trigger) {transformation: [-0.5652f,0.2484f,-0.7867f,0.1975f,0.1915f,0.9671f,0.1677f,-0.4808f,0.8024f,-0.0559f,-0.5942f,0.2498f,0f,0f,0f,1f],start_interpolation: 0,interpolation_duration: 1}
$data merge entity $(bone_trigger_gaurd) {transformation: [-0.5652f,0.2484f,-0.7867f,0.2302f,0.1915f,0.9671f,0.1677f,-0.4584f,0.8024f,-0.0559f,-0.5942f,0.2675f,0f,0f,0f,1f],start_interpolation: 0,interpolation_duration: 1}
$data merge entity $(bone_right_arm) {transformation: [-0.5652f,-0.7867f,-0.2484f,-0.1105f,0.1915f,0.1677f,-0.9671f,-0.4388f,0.8024f,-0.5942f,0.0559f,0.0657f,0f,0f,0f,1f],start_interpolation: 0,interpolation_duration: 1}
$data merge entity $(bone_magazine1) {transformation: [0f,0f,0f,0.1697f,0f,0f,0f,-0.4134f,0f,0f,0f,0.2916f,0f,0f,0f,1f],start_interpolation: 0,interpolation_duration: 1}
$data merge entity $(bone_left_arm) {transformation: [-0.8691f,-0.4754f,0.1364f,0.0024f,-0.2336f,0.1515f,-0.9605f,-0.4661f,0.4359f,-0.8666f,-0.2427f,-0.0701f,0f,0f,0f,1f],start_interpolation: 0,interpolation_duration: 1}
data modify entity @s data merge value {"cameras":{},"locators":{"barrel1":{"px":0.4622670226652276,"py":-0.4598485443664546,"pz":0.4585941782730186,"ry":307.06368180331486,"rx":9.655701623439573}}}