# This file was generated by Animated Java via MC-Build. It is not recommended to edit this file directly.
$data merge entity $(bone_muzzleflash) {transformation: [0f,0f,0f,0.0358f,0f,0f,0f,-0.806f,0f,0f,0f,0.3831f,0f,0f,0f,1f],start_interpolation: 0,interpolation_duration: 1}
$data merge entity $(bone_slide) {transformation: [-0.6386f,0.2227f,-0.7366f,0.3251f,0.1745f,0.9742f,0.1432f,-0.3739f,0.7495f,-0.0371f,-0.661f,0.375f,0f,0f,0f,1f],start_interpolation: 0,interpolation_duration: 1}
$data merge entity $(bone_barrel) {transformation: [-0.6386f,0.2227f,-0.7366f,0.3769f,0.1745f,0.9742f,0.1432f,-0.4718f,0.7495f,-0.0371f,-0.661f,0.296f,0f,0f,0f,1f],start_interpolation: 0,interpolation_duration: 1}
$data merge entity $(bone_magazine) {transformation: [-0.6386f,0.2227f,-0.7366f,0.1503f,0.1745f,0.9742f,0.1432f,-0.4757f,0.7495f,-0.0371f,-0.661f,0.2498f,0f,0f,0f,1f],start_interpolation: 0,interpolation_duration: 1}
$data merge entity $(bone_grip) {transformation: [-0.6386f,0.2227f,-0.7366f,0.1503f,0.1745f,0.9742f,0.1432f,-0.4757f,0.7495f,-0.0371f,-0.661f,0.2498f,0f,0f,0f,1f],start_interpolation: 0,interpolation_duration: 1}
$data merge entity $(bone_trigger) {transformation: [-0.6386f,0.2227f,-0.7366f,0.1738f,0.1745f,0.9742f,0.1432f,-0.4758f,0.7495f,-0.0371f,-0.661f,0.2698f,0f,0f,0f,1f],start_interpolation: 0,interpolation_duration: 1}
$data merge entity $(bone_trigger_gaurd) {transformation: [-0.6386f,0.2227f,-0.7366f,0.2041f,0.1745f,0.9742f,0.1432f,-0.4523f,0.7495f,-0.0371f,-0.661f,0.2902f,0f,0f,0f,1f],start_interpolation: 0,interpolation_duration: 1}
$data merge entity $(bone_right_arm) {transformation: [-0.6386f,-0.7366f,-0.2227f,-0.118f,0.1745f,0.1432f,-0.9742f,-0.4434f,0.7495f,-0.661f,0.0371f,0.0595f,0f,0f,0f,1f],start_interpolation: 0,interpolation_duration: 1}
$data merge entity $(bone_magazine1) {transformation: [0f,0f,0f,0.1404f,0f,0f,0f,-0.4092f,0f,0f,0f,0.3088f,0f,0f,0f,1f],start_interpolation: 0,interpolation_duration: 1}
$data merge entity $(bone_left_arm) {transformation: [-0.8963f,-0.4024f,0.1864f,0.007f,-0.26f,0.1364f,-0.9559f,-0.4672f,0.3592f,-0.9053f,-0.2268f,-0.0659f,0f,0f,0f,1f],start_interpolation: 0,interpolation_duration: 1}
data modify entity @s data merge value {"cameras":{},"locators":{"barrel1":{"px":0.41861557256848725,"py":-0.44659445936982406,"pz":0.500829665240047,"ry":311.90351553738117,"rx":8.233029476791241}}}