# This file was generated by Animated Java via MC-Build. It is not recommended to edit this file directly.
$data merge entity $(bone_muzzleflash) {transformation: [0f,0f,0f,0.0047f,0f,0f,0f,-0.815f,0f,0f,0f,0.3825f,0f,0f,0f,1f],start_interpolation: 0,interpolation_duration: 1}
$data merge entity $(bone_slide) {transformation: [-0.7394f,0.1701f,-0.6515f,0.2676f,0.123f,0.9854f,0.1176f,-0.3678f,0.662f,0.0068f,-0.7495f,0.4187f,0f,0f,0f,1f],start_interpolation: 0,interpolation_duration: 1}
$data merge entity $(bone_barrel) {transformation: [-0.7394f,0.1701f,-0.6515f,0.3347f,0.123f,0.9854f,0.1176f,-0.461f,0.662f,0.0068f,-0.7495f,0.3458f,0f,0f,0f,1f],start_interpolation: 0,interpolation_duration: 1}
$data merge entity $(bone_magazine) {transformation: [-0.7394f,0.1701f,-0.6515f,0.1166f,0.123f,0.9854f,0.1176f,-0.4761f,0.662f,0.0068f,-0.7495f,0.2702f,0f,0f,0f,1f],start_interpolation: 0,interpolation_duration: 1}
$data merge entity $(bone_grip) {transformation: [-0.7394f,0.1701f,-0.6515f,0.1166f,0.123f,0.9854f,0.1176f,-0.4761f,0.662f,0.0068f,-0.7495f,0.2702f,0f,0f,0f,1f],start_interpolation: 0,interpolation_duration: 1}
$data merge entity $(bone_trigger) {transformation: [-0.7394f,0.1701f,-0.6515f,0.1373f,0.123f,0.9854f,0.1176f,-0.4754f,0.662f,0.0068f,-0.7495f,0.2932f,0f,0f,0f,1f],start_interpolation: 0,interpolation_duration: 1}
$data merge entity $(bone_trigger_gaurd) {transformation: [-0.7394f,0.1701f,-0.6515f,0.1634f,0.123f,0.9854f,0.1176f,-0.4508f,0.662f,0.0068f,-0.7495f,0.3177f,0f,0f,0f,1f],start_interpolation: 0,interpolation_duration: 1}
$data merge entity $(bone_right_arm) {transformation: [-0.7394f,-0.6515f,-0.1701f,-0.1261f,0.123f,0.1176f,-0.9854f,-0.4542f,0.662f,-0.7495f,-0.0068f,0.0469f,0f,0f,0f,1f],start_interpolation: 0,interpolation_duration: 1}
$data merge entity $(bone_magazine1) {transformation: [0f,0f,0f,0.0954f,0f,0f,0f,-0.4116f,0f,0f,0f,0.3285f,0f,0f,0f,1f],start_interpolation: 0,interpolation_duration: 1}
$data merge entity $(bone_left_arm) {transformation: [-0.9192f,-0.2885f,0.268f,0.0153f,-0.316f,0.1343f,-0.9392f,-0.4684f,0.235f,-0.948f,-0.2146f,-0.0614f,0f,0f,0f,1f],start_interpolation: 0,interpolation_duration: 1}
data modify entity @s data merge value {"cameras":{},"locators":{"barrel1":{"px":0.348029088482142,"py":-0.4380846103422602,"pz":0.5546254782174403,"ry":319.0026377612761,"rx":6.755056757359882}}}