# This file was generated by Animated Java via MC-Build. It is not recommended to edit this file directly.
$data merge entity $(bone_muzzleflash) {transformation: [0f,0f,0f,-0.0233f,0f,0f,0f,-0.8337f,0f,0f,0f,0.3675f,0f,0f,0f,1f],start_interpolation: 0,interpolation_duration: 1}
$data merge entity $(bone_slide) {transformation: [-0.8322f,0.0958f,-0.5461f,0.1989f,0.0424f,0.9931f,0.1096f,-0.3723f,0.5528f,0.0681f,-0.8305f,0.4579f,0f,0f,0f,1f],start_interpolation: 0,interpolation_duration: 1}
$data merge entity $(bone_barrel) {transformation: [-0.8322f,0.0958f,-0.5461f,0.2822f,0.0424f,0.9931f,0.1096f,-0.4573f,0.5528f,0.0681f,-0.8305f,0.3919f,0f,0f,0f,1f],start_interpolation: 0,interpolation_duration: 1}
$data merge entity $(bone_magazine) {transformation: [-0.8322f,0.0958f,-0.5461f,0.0786f,0.0424f,0.9931f,0.1096f,-0.4832f,0.5528f,0.0681f,-0.8305f,0.2852f,0f,0f,0f,1f],start_interpolation: 0,interpolation_duration: 1}
$data merge entity $(bone_grip) {transformation: [-0.8322f,0.0958f,-0.5461f,0.0786f,0.0424f,0.9931f,0.1096f,-0.4832f,0.5528f,0.0681f,-0.8305f,0.2852f,0f,0f,0f,1f],start_interpolation: 0,interpolation_duration: 1}
$data merge entity $(bone_trigger) {transformation: [-0.8322f,0.0958f,-0.5461f,0.0957f,0.0424f,0.9931f,0.1096f,-0.4823f,0.5528f,0.0681f,-0.8305f,0.3109f,0f,0f,0f,1f],start_interpolation: 0,interpolation_duration: 1}
$data merge entity $(bone_trigger_gaurd) {transformation: [-0.8322f,0.0958f,-0.5461f,0.1162f,0.0424f,0.9931f,0.1096f,-0.4571f,0.5528f,0.0681f,-0.8305f,0.3399f,0f,0f,0f,1f],start_interpolation: 0,interpolation_duration: 1}
$data merge entity $(bone_right_arm) {transformation: [-0.8322f,-0.5461f,-0.0958f,-0.1312f,0.0424f,0.1096f,-0.9931f,-0.4669f,0.5528f,-0.8305f,-0.0681f,0.0303f,0f,0f,0f,1f],start_interpolation: 0,interpolation_duration: 1}
$data merge entity $(bone_magazine1) {transformation: [0f,0f,0f,0.0448f,0f,0f,0f,-0.4231f,0f,0f,0f,0.3422f,0f,0f,0f,1f],start_interpolation: 0,interpolation_duration: 1}
$data merge entity $(bone_left_arm) {transformation: [-0.9179f,-0.1609f,0.3627f,0.0247f,-0.3869f,0.1596f,-0.9082f,-0.4666f,0.0883f,-0.974f,-0.2088f,-0.0569f,0f,0f,0f,1f],start_interpolation: 0,interpolation_duration: 1}
data modify entity @s data merge value {"cameras":{},"locators":{"barrel1":{"px":0.2642303886292142,"py":-0.4434680827626709,"pz":0.6012080639893214,"ry":326.6751800294993,"rx":6.2925694534757435}}}