# This file was generated by Animated Java via MC-Build. It is not recommended to edit this file directly.
$data merge entity $(bone_muzzleflash) {transformation: [0f,0f,0f,-0.0409f,0f,0f,0f,-0.8551f,0f,0f,0f,0.3427f,0f,0f,0f,1f],start_interpolation: 0,interpolation_duration: 1}
$data merge entity $(bone_slide) {transformation: [-0.8949f,0.0155f,-0.446f,0.1349f,-0.0444f,0.9914f,0.1235f,-0.3865f,0.444f,0.1303f,-0.8865f,0.484f,0f,0f,0f,1f],start_interpolation: 0,interpolation_duration: 1}
$data merge entity $(bone_barrel) {transformation: [-0.8949f,0.0155f,-0.446f,0.2316f,-0.0444f,0.9914f,0.1235f,-0.4619f,0.444f,0.1303f,-0.8865f,0.4249f,0f,0f,0f,1f],start_interpolation: 0,interpolation_duration: 1}
$data merge entity $(bone_magazine) {transformation: [-0.8949f,0.0155f,-0.446f,0.045f,-0.0444f,0.9914f,0.1235f,-0.4945f,0.444f,0.1303f,-0.8865f,0.292f,0f,0f,0f,1f],start_interpolation: 0,interpolation_duration: 1}
$data merge entity $(bone_grip) {transformation: [-0.8949f,0.0155f,-0.446f,0.045f,-0.0444f,0.9914f,0.1235f,-0.4945f,0.444f,0.1303f,-0.8865f,0.292f,0f,0f,0f,1f],start_interpolation: 0,interpolation_duration: 1}
$data merge entity $(bone_trigger) {transformation: [-0.8949f,0.0155f,-0.446f,0.0588f,-0.0444f,0.9914f,0.1235f,-0.494f,0.444f,0.1303f,-0.8865f,0.3197f,0f,0f,0f,1f],start_interpolation: 0,interpolation_duration: 1}
$data merge entity $(bone_trigger_gaurd) {transformation: [-0.8949f,0.0155f,-0.446f,0.0737f,-0.0444f,0.9914f,0.1235f,-0.4694f,0.444f,0.1303f,-0.8865f,0.3523f,0f,0f,0f,1f],start_interpolation: 0,interpolation_duration: 1}
$data merge entity $(bone_right_arm) {transformation: [-0.8949f,-0.446f,-0.0155f,-0.1324f,-0.0444f,0.1235f,-0.9914f,-0.4766f,0.444f,-0.8865f,-0.1303f,0.0137f,0f,0f,0f,1f],start_interpolation: 0,interpolation_duration: 1}
$data merge entity $(bone_magazine1) {transformation: [0f,0f,0f,0.0003f,0f,0f,0f,-0.4402f,0f,0f,0f,0.3473f,0f,0f,0f,1f],start_interpolation: 0,interpolation_duration: 1}
$data merge entity $(bone_left_arm) {transformation: [-0.8917f,-0.0507f,0.4497f,0.0327f,-0.4499f,0.2067f,-0.8688f,-0.461f,-0.0489f,-0.9771f,-0.2071f,-0.0529f,0f,0f,0f,1f],start_interpolation: 0,interpolation_duration: 1}
data modify entity @s data merge value {"cameras":{},"locators":{"barrel1":{"px":0.18699141094876173,"py":-0.4617742721860974,"pz":0.6306596891118381,"ry":333.29257048580297,"rx":7.091432026904264}}}