# This file was generated by Animated Java via MC-Build. It is not recommended to edit this file directly.
$data merge entity $(bone_muzzleflash) {transformation: [0f,0f,0f,-0.2031f,0f,0f,0f,-0.7703f,0f,0f,0f,0.4f,0f,0f,0f,1f],start_interpolation: 0,interpolation_duration: 1}
$data merge entity $(bone_slide) {transformation: [-0.9962f,0.0876f,-0.0009f,-0.0455f,0.0367f,0.4265f,0.9037f,-0.7145f,0.0795f,0.9002f,-0.4281f,0.4646f,0f,0f,0f,1f],start_interpolation: 0,interpolation_duration: 1}
$data merge entity $(bone_barrel) {transformation: [-0.9962f,0.0876f,-0.0009f,0.0564f,0.0367f,0.4265f,0.9037f,-0.7531f,0.0795f,0.9002f,-0.4281f,0.383f,0f,0f,0f,1f],start_interpolation: 0,interpolation_duration: 1}
$data merge entity $(bone_magazine) {transformation: [-0.9962f,0.0876f,-0.0009f,-0.0573f,0.0367f,0.4265f,0.9037f,-0.5935f,0.0795f,0.9002f,-0.4281f,0.2601f,0f,0f,0f,1f],start_interpolation: 0,interpolation_duration: 1}
$data merge entity $(bone_grip) {transformation: [-0.9962f,0.0876f,-0.0009f,-0.0573f,0.0367f,0.4265f,0.9037f,-0.5935f,0.0795f,0.9002f,-0.4281f,0.2601f,0f,0f,0f,1f],start_interpolation: 0,interpolation_duration: 1}
$data merge entity $(bone_trigger) {transformation: [-0.9962f,0.0876f,-0.0009f,-0.0569f,0.0367f,0.4265f,0.9037f,-0.6193f,0.0795f,0.9002f,-0.4281f,0.2771f,0f,0f,0f,1f],start_interpolation: 0,interpolation_duration: 1}
$data merge entity $(bone_trigger_gaurd) {transformation: [-0.9962f,0.0876f,-0.0009f,-0.0544f,0.0367f,0.4265f,0.9037f,-0.6363f,0.0795f,0.9002f,-0.4281f,0.317f,0f,0f,0f,1f],start_interpolation: 0,interpolation_duration: 1}
$data merge entity $(bone_right_arm) {transformation: [-0.9962f,-0.0009f,-0.0876f,-0.0938f,0.0367f,0.9037f,-0.4265f,-0.3048f,0.0795f,-0.4281f,-0.9002f,0.1033f,0f,0f,0f,1f],start_interpolation: 0,interpolation_duration: 1}
$data merge entity $(bone_magazine1) {transformation: [0f,0f,0f,-0.114f,0f,0f,0f,-0.5856f,0f,0f,0f,0.3289f,0f,0f,0f,1f],start_interpolation: 0,interpolation_duration: 1}
$data merge entity $(bone_left_arm) {transformation: [-0.8344f,0.402f,0.377f,0.0844f,0.1788f,0.8445f,-0.5049f,-0.3188f,-0.5213f,-0.3539f,-0.7765f,0.1029f,0f,0f,0f,1f],start_interpolation: 0,interpolation_duration: 1}
data modify entity @s data merge value {"cameras":{"camera2":{"px":3.061616997868383e-17,"py":-0.1875,"pz":-0.25,"ry":0,"rx":0}},"locators":{"barrel1":{"px":-0.07189698424185155,"py":-0.8838999403897805,"pz":0.4866497936324657,"ry":359.87481445851245,"rx":64.65273978865805}}}
execute on vehicle unless entity @s[tag=aj.transforms_only] at @s run function animated_java:glock/animations/idle2/zzz/frames/0_root_function