# This file was generated by Animated Java via MC-Build. It is not recommended to edit this file directly.
$data merge entity $(bone_slide) {transformation: [-0.9962f,0.0876f,-0.0009f,-0.0455f,0.0387f,0.4492f,0.8926f,-0.7071f,0.0786f,0.8891f,-0.4509f,0.4713f,0f,0f,0f,1f],start_interpolation: 0,interpolation_duration: 1}
$data merge entity $(bone_barrel) {transformation: [-0.9962f,0.0876f,-0.0009f,0.0564f,0.0387f,0.4492f,0.8926f,-0.7477f,0.0786f,0.8891f,-0.4509f,0.3908f,0f,0f,0f,1f],start_interpolation: 0,interpolation_duration: 1}
$data merge entity $(bone_magazine) {transformation: [-0.9962f,0.0876f,-0.0009f,-0.0573f,0.0387f,0.4492f,0.8926f,-0.5912f,0.0786f,0.8891f,-0.4509f,0.2639f,0f,0f,0f,1f],start_interpolation: 0,interpolation_duration: 1}
$data merge entity $(bone_grip) {transformation: [-0.9962f,0.0876f,-0.0009f,-0.0573f,0.0387f,0.4492f,0.8926f,-0.5912f,0.0786f,0.8891f,-0.4509f,0.2639f,0f,0f,0f,1f],start_interpolation: 0,interpolation_duration: 1}
$data merge entity $(bone_trigger) {transformation: [-0.9962f,0.0876f,-0.0009f,-0.0569f,0.0387f,0.4492f,0.8926f,-0.6166f,0.0786f,0.8891f,-0.4509f,0.2816f,0f,0f,0f,1f],start_interpolation: 0,interpolation_duration: 1}
$data merge entity $(bone_trigger_gaurd) {transformation: [-0.9962f,0.0876f,-0.0009f,-0.0544f,0.0387f,0.4492f,0.8926f,-0.6326f,0.0786f,0.8891f,-0.4509f,0.3219f,0f,0f,0f,1f],start_interpolation: 0,interpolation_duration: 1}
$data merge entity $(bone_right_arm) {transformation: [-0.9962f,-0.0009f,-0.0876f,-0.0938f,0.0387f,0.8926f,-0.4492f,-0.3066f,0.0786f,-0.4509f,-0.8891f,0.0998f,0f,0f,0f,1f],start_interpolation: 0,interpolation_duration: 1}
$data merge entity $(bone_magazine1) {transformation: [0f,0f,0f,-0.114f,0f,0f,0f,-0.5816f,0f,0f,0f,0.3324f,0f,0f,0f,1f],start_interpolation: 0,interpolation_duration: 1}
$data merge entity $(bone_left_arm) {transformation: [-0.8344f,0.402f,0.377f,0.0844f,0.1655f,0.8352f,-0.5244f,-0.3206f,-0.5257f,-0.3752f,-0.7635f,0.0998f,0f,0f,0f,1f],start_interpolation: 0,interpolation_duration: 1}
data modify entity @s data merge value {"cameras":{},"locators":{"barrel1":{"px":-0.07189698424185155,"py":-0.8758624711601622,"pz":0.49770168292734973,"ry":359.8811339552458,"rx":63.20090307875612}}}