# This file was generated by Animated Java via MC-Build. It is not recommended to edit this file directly.
$data merge entity $(bone_slide) {transformation: [-0.9962f,0.0876f,-0.0009f,-0.0455f,0.0663f,0.7608f,0.6456f,-0.5704f,0.0573f,0.6431f,-0.7637f,0.5507f,0f,0f,0f,1f],start_interpolation: 0,interpolation_duration: 1}
$data merge entity $(bone_barrel) {transformation: [-0.9962f,0.0876f,-0.0009f,0.0564f,0.0663f,0.7608f,0.6456f,-0.6393f,0.0573f,0.6431f,-0.7637f,0.4923f,0f,0f,0f,1f],start_interpolation: 0,interpolation_duration: 1}
$data merge entity $(bone_magazine) {transformation: [-0.9962f,0.0876f,-0.0009f,-0.0573f,0.0663f,0.7608f,0.6456f,-0.5448f,0.0573f,0.6431f,-0.7637f,0.3144f,0f,0f,0f,1f],start_interpolation: 0,interpolation_duration: 1}
$data merge entity $(bone_grip) {transformation: [-0.9962f,0.0876f,-0.0009f,-0.0573f,0.0663f,0.7608f,0.6456f,-0.5448f,0.0573f,0.6431f,-0.7637f,0.3144f,0f,0f,0f,1f],start_interpolation: 0,interpolation_duration: 1}
$data merge entity $(bone_trigger) {transformation: [-0.9962f,0.0876f,-0.0009f,-0.0569f,0.0663f,0.7608f,0.6456f,-0.5613f,0.0573f,0.6431f,-0.7637f,0.3406f,0f,0f,0f,1f],start_interpolation: 0,interpolation_duration: 1}
$data merge entity $(bone_trigger_gaurd) {transformation: [-0.9962f,0.0876f,-0.0009f,-0.0544f,0.0663f,0.7608f,0.6456f,-0.5603f,0.0573f,0.6431f,-0.7637f,0.384f,0f,0f,0f,1f],start_interpolation: 0,interpolation_duration: 1}
$data merge entity $(bone_right_arm) {transformation: [-0.9962f,-0.0009f,-0.0876f,-0.0938f,0.0663f,0.6456f,-0.7608f,-0.3469f,0.0573f,-0.7637f,-0.6431f,0.0522f,0f,0f,0f,1f],start_interpolation: 0,interpolation_duration: 1}
$data merge entity $(bone_magazine1) {transformation: [0f,0f,0f,-0.114f,0f,0f,0f,-0.5092f,0f,0f,0f,0.3738f,0f,0f,0f,1f],start_interpolation: 0,interpolation_duration: 1}
$data merge entity $(bone_left_arm) {transformation: [-0.8344f,0.402f,0.377f,0.0844f,-0.0529f,0.6224f,-0.7809f,-0.3598f,-0.5486f,-0.6716f,-0.498f,0.0577f,0f,0f,0f,1f],start_interpolation: 0,interpolation_duration: 1}
data modify entity @s data merge value {"cameras":{},"locators":{"barrel1":{"px":-0.07189698424185158,"py":-0.7155183028066867,"pz":0.6408321086892347,"ry":359.92982101377277,"rx":40.212771508880074}}}