# This file was generated by Animated Java via MC-Build. It is not recommended to edit this file directly.
$data merge entity $(bone_slide) {transformation: [-0.9962f,0.0876f,-0.0009f,-0.0455f,0.0694f,0.7955f,0.602f,-0.5493f,0.0535f,0.5996f,-0.7985f,0.5571f,0f,0f,0f,1f],start_interpolation: 0,interpolation_duration: 1}
$data merge entity $(bone_barrel) {transformation: [-0.9962f,0.0876f,-0.0009f,0.0564f,0.0694f,0.7955f,0.602f,-0.6213f,0.0535f,0.5996f,-0.7985f,0.5028f,0f,0f,0f,1f],start_interpolation: 0,interpolation_duration: 1}
$data merge entity $(bone_magazine) {transformation: [-0.9962f,0.0876f,-0.0009f,-0.0573f,0.0694f,0.7955f,0.602f,-0.5369f,0.0535f,0.5996f,-0.7985f,0.3198f,0f,0f,0f,1f],start_interpolation: 0,interpolation_duration: 1}
$data merge entity $(bone_grip) {transformation: [-0.9962f,0.0876f,-0.0009f,-0.0573f,0.0694f,0.7955f,0.602f,-0.5369f,0.0535f,0.5996f,-0.7985f,0.3198f,0f,0f,0f,1f],start_interpolation: 0,interpolation_duration: 1}
$data merge entity $(bone_trigger) {transformation: [-0.9962f,0.0876f,-0.0009f,-0.0569f,0.0694f,0.7955f,0.602f,-0.5519f,0.0535f,0.5996f,-0.7985f,0.3469f,0f,0f,0f,1f],start_interpolation: 0,interpolation_duration: 1}
$data merge entity $(bone_trigger_gaurd) {transformation: [-0.9962f,0.0876f,-0.0009f,-0.0544f,0.0694f,0.7955f,0.602f,-0.5484f,0.0535f,0.5996f,-0.7985f,0.3901f,0f,0f,0f,1f],start_interpolation: 0,interpolation_duration: 1}
$data merge entity $(bone_right_arm) {transformation: [-0.9962f,-0.0009f,-0.0876f,-0.0938f,0.0694f,0.602f,-0.7955f,-0.3539f,0.0535f,-0.7985f,-0.5996f,0.047f,0f,0f,0f,1f],start_interpolation: 0,interpolation_duration: 1}
$data merge entity $(bone_magazine1) {transformation: [0f,0f,0f,-0.114f,0f,0f,0f,-0.498f,0f,0f,0f,0.3771f,0f,0f,0f,1f],start_interpolation: 0,interpolation_duration: 1}
$data merge entity $(bone_left_arm) {transformation: [-0.8344f,0.402f,0.377f,0.0844f,-0.0835f,0.5839f,-0.8075f,-0.3665f,-0.5448f,-0.7053f,-0.4537f,0.0532f,0f,0f,0f,1f],start_interpolation: 0,interpolation_duration: 1}
data modify entity @s data merge value {"cameras":{},"locators":{"barrel1":{"px":-0.07189698424185158,"py":-0.6890991496254845,"pz":0.6552721714552463,"ry":359.93288300572095,"rx":37.01373380269448}}}