# This file was generated by Animated Java via MC-Build. It is not recommended to edit this file directly.
$data merge entity $(bone_slide) {transformation: [-0.9962f,0.0876f,-0.0009f,-0.0455f,0.075f,0.8581f,0.508f,-0.5054f,0.0453f,0.5059f,-0.8614f,0.5666f,0f,0f,0f,1f],start_interpolation: 0,interpolation_duration: 1}
$data merge entity $(bone_barrel) {transformation: [-0.9962f,0.0876f,-0.0009f,0.0564f,0.075f,0.8581f,0.508f,-0.5831f,0.0453f,0.5059f,-0.8614f,0.5207f,0f,0f,0f,1f],start_interpolation: 0,interpolation_duration: 1}
$data merge entity $(bone_magazine) {transformation: [-0.9962f,0.0876f,-0.0009f,-0.0573f,0.075f,0.8581f,0.508f,-0.5199f,0.0453f,0.5059f,-0.8614f,0.3294f,0f,0f,0f,1f],start_interpolation: 0,interpolation_duration: 1}
$data merge entity $(bone_grip) {transformation: [-0.9962f,0.0876f,-0.0009f,-0.0573f,0.075f,0.8581f,0.508f,-0.5199f,0.0453f,0.5059f,-0.8614f,0.3294f,0f,0f,0f,1f],start_interpolation: 0,interpolation_duration: 1}
$data merge entity $(bone_trigger) {transformation: [-0.9962f,0.0876f,-0.0009f,-0.0569f,0.075f,0.8581f,0.508f,-0.5317f,0.0453f,0.5059f,-0.8614f,0.358f,0f,0f,0f,1f],start_interpolation: 0,interpolation_duration: 1}
$data merge entity $(bone_trigger_gaurd) {transformation: [-0.9962f,0.0876f,-0.0009f,-0.0544f,0.075f,0.8581f,0.508f,-0.5234f,0.0453f,0.5059f,-0.8614f,0.4006f,0f,0f,0f,1f],start_interpolation: 0,interpolation_duration: 1}
$data merge entity $(bone_right_arm) {transformation: [-0.9962f,-0.0009f,-0.0876f,-0.0938f,0.075f,0.508f,-0.8581f,-0.3689f,0.0453f,-0.8614f,-0.5059f,0.0377f,0f,0f,0f,1f],start_interpolation: 0,interpolation_duration: 1}
$data merge entity $(bone_magazine1) {transformation: [0f,0f,0f,-0.114f,0f,0f,0f,-0.4748f,0f,0f,0f,0.382f,0f,0f,0f,1f],start_interpolation: 0,interpolation_duration: 1}
$data merge entity $(bone_left_arm) {transformation: [-0.8344f,0.402f,0.377f,0.0844f,-0.1445f,0.5005f,-0.8536f,-0.3807f,-0.5319f,-0.7667f,-0.3596f,0.0452f,0f,0f,0f,1f],start_interpolation: 0,interpolation_duration: 1}
data modify entity @s data merge value {"cameras":{},"locators":{"barrel1":{"px":-0.07189698424185159,"py":-0.6332819706805681,"pz":0.6799110773059214,"ry":359.9377830572744,"rx":30.528297918714816}}}