# This file was generated by Animated Java via MC-Build. It is not recommended to edit this file directly.
$data merge entity $(bone_slide) {transformation: [-0.9962f,0.0876f,-0.0009f,-0.0455f,0.0815f,0.9303f,0.3577f,-0.4395f,0.0322f,0.3562f,-0.9339f,0.5714f,0f,0f,0f,1f],start_interpolation: 0,interpolation_duration: 1}
$data merge entity $(bone_barrel) {transformation: [-0.9962f,0.0876f,-0.0009f,0.0564f,0.0815f,0.9303f,0.3577f,-0.5237f,0.0322f,0.3562f,-0.9339f,0.5391f,0f,0f,0f,1f],start_interpolation: 0,interpolation_duration: 1}
$data merge entity $(bone_magazine) {transformation: [-0.9962f,0.0876f,-0.0009f,-0.0573f,0.0815f,0.9303f,0.3577f,-0.4932f,0.0322f,0.3562f,-0.9339f,0.3399f,0f,0f,0f,1f],start_interpolation: 0,interpolation_duration: 1}
$data merge entity $(bone_grip) {transformation: [-0.9962f,0.0876f,-0.0009f,-0.0573f,0.0815f,0.9303f,0.3577f,-0.4932f,0.0322f,0.3562f,-0.9339f,0.3399f,0f,0f,0f,1f],start_interpolation: 0,interpolation_duration: 1}
$data merge entity $(bone_trigger) {transformation: [-0.9962f,0.0876f,-0.0009f,-0.0569f,0.0815f,0.9303f,0.3577f,-0.5001f,0.0322f,0.3562f,-0.9339f,0.3701f,0f,0f,0f,1f],start_interpolation: 0,interpolation_duration: 1}
$data merge entity $(bone_trigger_gaurd) {transformation: [-0.9962f,0.0876f,-0.0009f,-0.0544f,0.0815f,0.9303f,0.3577f,-0.4848f,0.0322f,0.3562f,-0.9339f,0.4107f,0f,0f,0f,1f],start_interpolation: 0,interpolation_duration: 1}
$data merge entity $(bone_right_arm) {transformation: [-0.9962f,-0.0009f,-0.0876f,-0.0937f,0.0815f,0.3577f,-0.9303f,-0.3928f,0.0322f,-0.9339f,-0.3562f,0.0272f,0f,0f,0f,1f],start_interpolation: 0,interpolation_duration: 1}
$data merge entity $(bone_magazine1) {transformation: [0f,0f,0f,-0.114f,0f,0f,0f,-0.44f,0f,0f,0f,0.3842f,0f,0f,0f,1f],start_interpolation: 0,interpolation_duration: 1}
$data merge entity $(bone_left_arm) {transformation: [-0.8344f,0.402f,0.377f,0.0844f,-0.2309f,0.3661f,-0.9015f,-0.4032f,-0.5004f,-0.8393f,-0.2126f,0.0365f,0f,0f,0f,1f],start_interpolation: 0,interpolation_duration: 1}
data modify entity @s data merge value {"cameras":{},"locators":{"barrel1":{"px":-0.07189698424185156,"py":-0.5466816310588322,"pz":0.704398378561792,"ry":359.94261169146057,"rx":20.956143100084702}}}