# This file was generated by Animated Java via MC-Build. It is not recommended to edit this file directly.
$data merge entity $(bone_slide) {transformation: [-0.9962f,0.0876f,-0.0009f,-0.0455f,0.0831f,0.9479f,0.3075f,-0.4184f,0.0278f,0.3062f,-0.9516f,0.5706f,0f,0f,0f,1f],start_interpolation: 0,interpolation_duration: 1}
$data merge entity $(bone_barrel) {transformation: [-0.9962f,0.0876f,-0.0009f,0.0564f,0.0831f,0.9479f,0.3075f,-0.5042f,0.0278f,0.3062f,-0.9516f,0.5428f,0f,0f,0f,1f],start_interpolation: 0,interpolation_duration: 1}
$data merge entity $(bone_magazine) {transformation: [-0.9962f,0.0876f,-0.0009f,-0.0573f,0.0831f,0.9479f,0.3075f,-0.4844f,0.0278f,0.3062f,-0.9516f,0.3423f,0f,0f,0f,1f],start_interpolation: 0,interpolation_duration: 1}
$data merge entity $(bone_grip) {transformation: [-0.9962f,0.0876f,-0.0009f,-0.0573f,0.0831f,0.9479f,0.3075f,-0.4844f,0.0278f,0.3062f,-0.9516f,0.3423f,0f,0f,0f,1f],start_interpolation: 0,interpolation_duration: 1}
$data merge entity $(bone_trigger) {transformation: [-0.9962f,0.0876f,-0.0009f,-0.0569f,0.0831f,0.9479f,0.3075f,-0.4896f,0.0278f,0.3062f,-0.9516f,0.3728f,0f,0f,0f,1f],start_interpolation: 0,interpolation_duration: 1}
$data merge entity $(bone_trigger_gaurd) {transformation: [-0.9962f,0.0876f,-0.0009f,-0.0544f,0.0831f,0.9479f,0.3075f,-0.4722f,0.0278f,0.3062f,-0.9516f,0.4125f,0f,0f,0f,1f],start_interpolation: 0,interpolation_duration: 1}
$data merge entity $(bone_right_arm) {transformation: [-0.9962f,-0.0009f,-0.0876f,-0.0937f,0.0831f,0.3075f,-0.9479f,-0.4007f,0.0278f,-0.9516f,-0.3062f,0.0247f,0f,0f,0f,1f],start_interpolation: 0,interpolation_duration: 1}
$data merge entity $(bone_magazine1) {transformation: [0f,0f,0f,-0.114f,0f,0f,0f,-0.4288f,0f,0f,0f,0.3837f,0f,0f,0f,1f],start_interpolation: 0,interpolation_duration: 1}
$data merge entity $(bone_left_arm) {transformation: [-0.8344f,0.402f,0.377f,0.0844f,-0.2572f,0.3209f,-0.9115f,-0.4106f,-0.4874f,-0.8575f,-0.1644f,0.0346f,0f,0f,0f,1f],start_interpolation: 0,interpolation_duration: 1}
data modify entity @s data merge value {"cameras":{},"locators":{"barrel1":{"px":-0.07189698424185156,"py":-0.5183746247719202,"pz":0.7091242638880357,"ry":359.9436793638535,"rx":17.90686460048782}}}