# This file was generated by Animated Java via MC-Build. It is not recommended to edit this file directly.
$data merge entity $(bone_slide) {transformation: [-0.9962f,0.0876f,-0.0009f,-0.0455f,0.0862f,0.9824f,0.1656f,-0.361f,0.0154f,0.1649f,-0.9862f,0.5627f,0f,0f,0f,1f],start_interpolation: 0,interpolation_duration: 1}
$data merge entity $(bone_barrel) {transformation: [-0.9962f,0.0876f,-0.0009f,0.0564f,0.0862f,0.9824f,0.1656f,-0.45f,0.0154f,0.1649f,-0.9862f,0.5477f,0f,0f,0f,1f],start_interpolation: 0,interpolation_duration: 1}
$data merge entity $(bone_magazine) {transformation: [-0.9962f,0.0876f,-0.0009f,-0.0573f,0.0862f,0.9824f,0.1656f,-0.4596f,0.0154f,0.1649f,-0.9862f,0.3465f,0f,0f,0f,1f],start_interpolation: 0,interpolation_duration: 1}
$data merge entity $(bone_grip) {transformation: [-0.9962f,0.0876f,-0.0009f,-0.0573f,0.0862f,0.9824f,0.1656f,-0.4596f,0.0154f,0.1649f,-0.9862f,0.3465f,0f,0f,0f,1f],start_interpolation: 0,interpolation_duration: 1}
$data merge entity $(bone_trigger) {transformation: [-0.9962f,0.0876f,-0.0009f,-0.0569f,0.0862f,0.9824f,0.1656f,-0.4603f,0.0154f,0.1649f,-0.9862f,0.3774f,0f,0f,0f,1f],start_interpolation: 0,interpolation_duration: 1}
$data merge entity $(bone_trigger_gaurd) {transformation: [-0.9962f,0.0876f,-0.0009f,-0.0544f,0.0862f,0.9824f,0.1656f,-0.4373f,0.0154f,0.1649f,-0.9862f,0.4142f,0f,0f,0f,1f],start_interpolation: 0,interpolation_duration: 1}
$data merge entity $(bone_right_arm) {transformation: [-0.9962f,-0.0009f,-0.0876f,-0.0937f,0.0862f,0.1656f,-0.9824f,-0.4231f,0.0154f,-0.9862f,-0.1649f,0.02f,0f,0f,0f,1f],start_interpolation: 0,interpolation_duration: 1}
$data merge entity $(bone_magazine1) {transformation: [0f,0f,0f,-0.114f,0f,0f,0f,-0.3986f,0f,0f,0f,0.3794f,0f,0f,0f,1f],start_interpolation: 0,interpolation_duration: 1}
$data merge entity $(bone_left_arm) {transformation: [-0.8344f,0.402f,0.377f,0.0844f,-0.3254f,0.1926f,-0.9257f,-0.4314f,-0.4448f,-0.8951f,-0.0299f,0.0312f,0f,0f,0f,1f],start_interpolation: 0,interpolation_duration: 1}
data modify entity @s data merge value {"cameras":{},"locators":{"barrel1":{"px":-0.07189698424185156,"py":-0.4397915586174382,"pz":0.714297593762578,"ry":359.945657253168,"rx":9.532788490255461}}}