# This file was generated by Animated Java via MC-Build. It is not recommended to edit this file directly.
$data merge entity $(bone_slide) {transformation: [-0.9962f,0.0876f,-0.0009f,-0.0455f,0.0868f,0.9886f,0.1233f,-0.3445f,0.0117f,0.1227f,-0.9924f,0.5588f,0f,0f,0f,1f],start_interpolation: 0,interpolation_duration: 1}
$data merge entity $(bone_barrel) {transformation: [-0.9962f,0.0876f,-0.0009f,0.0564f,0.0868f,0.9886f,0.1233f,-0.434f,0.0117f,0.1227f,-0.9924f,0.5476f,0f,0f,0f,1f],start_interpolation: 0,interpolation_duration: 1}
$data merge entity $(bone_magazine) {transformation: [-0.9962f,0.0876f,-0.0009f,-0.0573f,0.0868f,0.9886f,0.1233f,-0.4522f,0.0117f,0.1227f,-0.9924f,0.347f,0f,0f,0f,1f],start_interpolation: 0,interpolation_duration: 1}
$data merge entity $(bone_grip) {transformation: [-0.9962f,0.0876f,-0.0009f,-0.0573f,0.0868f,0.9886f,0.1233f,-0.4522f,0.0117f,0.1227f,-0.9924f,0.347f,0f,0f,0f,1f],start_interpolation: 0,interpolation_duration: 1}
$data merge entity $(bone_trigger) {transformation: [-0.9962f,0.0876f,-0.0009f,-0.0569f,0.0868f,0.9886f,0.1233f,-0.4517f,0.0117f,0.1227f,-0.9924f,0.3779f,0f,0f,0f,1f],start_interpolation: 0,interpolation_duration: 1}
$data merge entity $(bone_trigger_gaurd) {transformation: [-0.9962f,0.0876f,-0.0009f,-0.0544f,0.0868f,0.9886f,0.1233f,-0.4271f,0.0117f,0.1227f,-0.9924f,0.4137f,0f,0f,0f,1f],start_interpolation: 0,interpolation_duration: 1}
$data merge entity $(bone_right_arm) {transformation: [-0.9962f,-0.0009f,-0.0876f,-0.0937f,0.0868f,0.1233f,-0.9886f,-0.4297f,0.0117f,-0.9924f,-0.1227f,0.0193f,0f,0f,0f,1f],start_interpolation: 0,interpolation_duration: 1}
$data merge entity $(bone_magazine1) {transformation: [0f,0f,0f,-0.114f,0f,0f,0f,-0.3899f,0f,0f,0f,0.3772f,0f,0f,0f,1f],start_interpolation: 0,interpolation_duration: 1}
$data merge entity $(bone_left_arm) {transformation: [-0.8344f,0.402f,0.377f,0.0844f,-0.3442f,0.1542f,-0.9262f,-0.4376f,-0.4305f,-0.9026f,0.0097f,0.0308f,0f,0f,0f,1f],start_interpolation: 0,interpolation_duration: 1}
data modify entity @s data merge value {"cameras":{},"locators":{"barrel1":{"px":-0.07189698424185156,"py":-0.41673927702477687,"pz":0.7136352984540111,"ry":359.9459955942414,"rx":7.082549585148587}}}