# This file was generated by Animated Java via MC-Build. It is not recommended to edit this file directly.
$data merge entity $(bone_slide) {transformation: [-0.9962f,0.0876f,-0.0009f,-0.0455f,0.0437f,0.5062f,0.8613f,-0.6872f,0.0759f,0.8579f,-0.5081f,0.4879f,0f,0f,0f,1f],start_interpolation: 0,interpolation_duration: 1}
$data merge entity $(bone_barrel) {transformation: [-0.9962f,0.0876f,-0.0009f,0.0564f,0.0437f,0.5062f,0.8613f,-0.733f,0.0759f,0.8579f,-0.5081f,0.4101f,0f,0f,0f,1f],start_interpolation: 0,interpolation_duration: 1}
$data merge entity $(bone_magazine) {transformation: [-0.9962f,0.0876f,-0.0009f,-0.0573f,0.0437f,0.5062f,0.8613f,-0.5851f,0.0759f,0.8579f,-0.5081f,0.2733f,0f,0f,0f,1f],start_interpolation: 0,interpolation_duration: 1}
$data merge entity $(bone_grip) {transformation: [-0.9962f,0.0876f,-0.0009f,-0.0573f,0.0437f,0.5062f,0.8613f,-0.5851f,0.0759f,0.8579f,-0.5081f,0.2733f,0f,0f,0f,1f],start_interpolation: 0,interpolation_duration: 1}
$data merge entity $(bone_trigger) {transformation: [-0.9962f,0.0876f,-0.0009f,-0.0569f,0.0437f,0.5062f,0.8613f,-0.6093f,0.0759f,0.8579f,-0.5081f,0.2926f,0f,0f,0f,1f],start_interpolation: 0,interpolation_duration: 1}
$data merge entity $(bone_trigger_gaurd) {transformation: [-0.9962f,0.0876f,-0.0009f,-0.0544f,0.0437f,0.5062f,0.8613f,-0.6226f,0.0759f,0.8579f,-0.5081f,0.3339f,0f,0f,0f,1f],start_interpolation: 0,interpolation_duration: 1}
$data merge entity $(bone_right_arm) {transformation: [-0.9962f,-0.0009f,-0.0876f,-0.0938f,0.0437f,0.8613f,-0.5062f,-0.3118f,0.0759f,-0.5081f,-0.8579f,0.091f,0f,0f,0f,1f],start_interpolation: 0,interpolation_duration: 1}
$data merge entity $(bone_magazine1) {transformation: [0f,0f,0f,-0.114f,0f,0f,0f,-0.5711f,0f,0f,0f,0.3411f,0f,0f,0f,1f],start_interpolation: 0,interpolation_duration: 1}
$data merge entity $(bone_left_arm) {transformation: [-0.8344f,0.402f,0.377f,0.0844f,0.1309f,0.809f,-0.5731f,-0.3258f,-0.5354f,-0.4289f,-0.7276f,0.0919f,0f,0f,0f,1f],start_interpolation: 0,interpolation_duration: 1}
data modify entity @s data merge value {"cameras":{},"locators":{"barrel1":{"px":-0.07189698424185156,"py":-0.8538936910579971,"pz":0.5251995382372858,"ry":359.8945289280226,"rx":59.46107021484691}}}