# This file was generated by Animated Java via MC-Build. It is not recommended to edit this file directly.
$data merge entity $(bone_slide) {transformation: [-0.9962f,0.0876f,-0.0009f,-0.0455f,0.0466f,0.5394f,0.8408f,-0.6748f,0.0741f,0.8375f,-0.5414f,0.4972f,0f,0f,0f,1f],start_interpolation: 0,interpolation_duration: 1}
$data merge entity $(bone_barrel) {transformation: [-0.9962f,0.0876f,-0.0009f,0.0564f,0.0466f,0.5394f,0.8408f,-0.7236f,0.0741f,0.8375f,-0.5414f,0.4213f,0f,0f,0f,1f],start_interpolation: 0,interpolation_duration: 1}
$data merge entity $(bone_magazine) {transformation: [-0.9962f,0.0876f,-0.0009f,-0.0573f,0.0466f,0.5394f,0.8408f,-0.5812f,0.0741f,0.8375f,-0.5414f,0.2787f,0f,0f,0f,1f],start_interpolation: 0,interpolation_duration: 1}
$data merge entity $(bone_grip) {transformation: [-0.9962f,0.0876f,-0.0009f,-0.0573f,0.0466f,0.5394f,0.8408f,-0.5812f,0.0741f,0.8375f,-0.5414f,0.2787f,0f,0f,0f,1f],start_interpolation: 0,interpolation_duration: 1}
$data merge entity $(bone_trigger) {transformation: [-0.9962f,0.0876f,-0.0009f,-0.0569f,0.0466f,0.5394f,0.8408f,-0.6046f,0.0741f,0.8375f,-0.5414f,0.299f,0f,0f,0f,1f],start_interpolation: 0,interpolation_duration: 1}
$data merge entity $(bone_trigger_gaurd) {transformation: [-0.9962f,0.0876f,-0.0009f,-0.0544f,0.0466f,0.5394f,0.8408f,-0.6163f,0.0741f,0.8375f,-0.5414f,0.3407f,0f,0f,0f,1f],start_interpolation: 0,interpolation_duration: 1}
$data merge entity $(bone_right_arm) {transformation: [-0.9962f,-0.0009f,-0.0876f,-0.0938f,0.0466f,0.8408f,-0.5394f,-0.3152f,0.0741f,-0.5414f,-0.8375f,0.0859f,0f,0f,0f,1f],start_interpolation: 0,interpolation_duration: 1}
$data merge entity $(bone_magazine1) {transformation: [0f,0f,0f,-0.114f,0f,0f,0f,-0.5645f,0f,0f,0f,0.3459f,0f,0f,0f,1f],start_interpolation: 0,interpolation_duration: 1}
$data merge entity $(bone_left_arm) {transformation: [-0.8344f,0.402f,0.377f,0.0844f,0.1099f,0.7916f,-0.6011f,-0.3291f,-0.5401f,-0.4601f,-0.7047f,0.0874f,0f,0f,0f,1f],start_interpolation: 0,interpolation_duration: 1}
data modify entity @s data merge value {"cameras":{},"locators":{"barrel1":{"px":-0.07189698424185156,"py":-0.839904857639884,"pz":0.5409493034077386,"ry":359.9010062186692,"rx":57.22299377305264}}}