# This file was generated by Animated Java via MC-Build. It is not recommended to edit this file directly.
$data merge entity $(bone_slide) {transformation: [-0.9962f,0.0876f,-0.0009f,-0.0455f,0.0498f,0.5747f,0.8169f,-0.6608f,0.0721f,0.8137f,-0.5768f,0.5067f,0f,0f,0f,1f],start_interpolation: 0,interpolation_duration: 1}
$data merge entity $(bone_barrel) {transformation: [-0.9962f,0.0876f,-0.0009f,0.0564f,0.0498f,0.5747f,0.8169f,-0.7128f,0.0721f,0.8137f,-0.5768f,0.433f,0f,0f,0f,1f],start_interpolation: 0,interpolation_duration: 1}
$data merge entity $(bone_magazine) {transformation: [-0.9962f,0.0876f,-0.0009f,-0.0573f,0.0498f,0.5747f,0.8169f,-0.5766f,0.0721f,0.8137f,-0.5768f,0.2845f,0f,0f,0f,1f],start_interpolation: 0,interpolation_duration: 1}
$data merge entity $(bone_grip) {transformation: [-0.9962f,0.0876f,-0.0009f,-0.0573f,0.0498f,0.5747f,0.8169f,-0.5766f,0.0721f,0.8137f,-0.5768f,0.2845f,0f,0f,0f,1f],start_interpolation: 0,interpolation_duration: 1}
$data merge entity $(bone_trigger) {transformation: [-0.9962f,0.0876f,-0.0009f,-0.0569f,0.0498f,0.5747f,0.8169f,-0.5991f,0.0721f,0.8137f,-0.5768f,0.3057f,0f,0f,0f,1f],start_interpolation: 0,interpolation_duration: 1}
$data merge entity $(bone_trigger_gaurd) {transformation: [-0.9962f,0.0876f,-0.0009f,-0.0544f,0.0498f,0.5747f,0.8169f,-0.609f,0.0721f,0.8137f,-0.5768f,0.348f,0f,0f,0f,1f],start_interpolation: 0,interpolation_duration: 1}
$data merge entity $(bone_right_arm) {transformation: [-0.9962f,-0.0009f,-0.0876f,-0.0938f,0.0498f,0.8169f,-0.5747f,-0.3191f,0.0721f,-0.5768f,-0.8137f,0.0805f,0f,0f,0f,1f],start_interpolation: 0,interpolation_duration: 1}
$data merge entity $(bone_magazine1) {transformation: [0f,0f,0f,-0.114f,0f,0f,0f,-0.5571f,0f,0f,0f,0.351f,0f,0f,0f,1f],start_interpolation: 0,interpolation_duration: 1}
$data merge entity $(bone_left_arm) {transformation: [-0.8344f,0.402f,0.377f,0.0844f,0.0867f,0.7712f,-0.6306f,-0.333f,-0.5443f,-0.4935f,-0.6784f,0.0825f,0f,0f,0f,1f],start_interpolation: 0,interpolation_duration: 1}
data modify entity @s data merge value {"cameras":{},"locators":{"barrel1":{"px":-0.07189698424185156,"py":-0.8238977012201263,"pz":0.5575510281692359,"ry":359.9070901324109,"rx":54.772757204447046}}}