# This file was generated by Animated Java via MC-Build. It is not recommended to edit this file directly.
$data merge entity $(bone_slide) {transformation: [-0.9962f,0.0876f,-0.0009f,-0.0455f,0.053f,0.6115f,0.7895f,-0.6453f,0.0697f,0.7864f,-0.6138f,0.5164f,0f,0f,0f,1f],start_interpolation: 0,interpolation_duration: 1}
$data merge entity $(bone_barrel) {transformation: [-0.9962f,0.0876f,-0.0009f,0.0564f,0.053f,0.6115f,0.7895f,-0.7006f,0.0697f,0.7864f,-0.6138f,0.4451f,0f,0f,0f,1f],start_interpolation: 0,interpolation_duration: 1}
$data merge entity $(bone_magazine) {transformation: [-0.9962f,0.0876f,-0.0009f,-0.0573f,0.053f,0.6115f,0.7895f,-0.5715f,0.0697f,0.7864f,-0.6138f,0.2905f,0f,0f,0f,1f],start_interpolation: 0,interpolation_duration: 1}
$data merge entity $(bone_grip) {transformation: [-0.9962f,0.0876f,-0.0009f,-0.0573f,0.053f,0.6115f,0.7895f,-0.5715f,0.0697f,0.7864f,-0.6138f,0.2905f,0f,0f,0f,1f],start_interpolation: 0,interpolation_duration: 1}
$data merge entity $(bone_trigger) {transformation: [-0.9962f,0.0876f,-0.0009f,-0.0569f,0.053f,0.6115f,0.7895f,-0.593f,0.0697f,0.7864f,-0.6138f,0.3128f,0f,0f,0f,1f],start_interpolation: 0,interpolation_duration: 1}
$data merge entity $(bone_trigger_gaurd) {transformation: [-0.9962f,0.0876f,-0.0009f,-0.0544f,0.053f,0.6115f,0.7895f,-0.6009f,0.0697f,0.7864f,-0.6138f,0.3554f,0f,0f,0f,1f],start_interpolation: 0,interpolation_duration: 1}
$data merge entity $(bone_right_arm) {transformation: [-0.9962f,-0.0009f,-0.0876f,-0.0938f,0.053f,0.7895f,-0.6115f,-0.3236f,0.0697f,-0.6138f,-0.7864f,0.0749f,0f,0f,0f,1f],start_interpolation: 0,interpolation_duration: 1}
$data merge entity $(bone_magazine1) {transformation: [0f,0f,0f,-0.114f,0f,0f,0f,-0.5488f,0f,0f,0f,0.356f,0f,0f,0f,1f],start_interpolation: 0,interpolation_duration: 1}
$data merge entity $(bone_left_arm) {transformation: [-0.8344f,0.402f,0.377f,0.0844f,0.0615f,0.7477f,-0.6612f,-0.3373f,-0.5477f,-0.5285f,-0.6486f,0.0775f,0f,0f,0f,1f],start_interpolation: 0,interpolation_duration: 1}
data modify entity @s data merge value {"cameras":{},"locators":{"barrel1":{"px":-0.07189698424185156,"py":-0.8058916409390111,"pz":0.5746385814636599,"ry":359.91268742560624,"rx":52.13532046200753}}}