# This file was generated by Animated Java via MC-Build. It is not recommended to edit this file directly.
$data merge entity $(bone_slide) {transformation: [-0.9962f,0.0876f,-0.0009f,-0.0455f,0.0564f,0.6492f,0.7585f,-0.6284f,0.067f,0.7556f,-0.6516f,0.5258f,0f,0f,0f,1f],start_interpolation: 0,interpolation_duration: 1}
$data merge entity $(bone_barrel) {transformation: [-0.9962f,0.0876f,-0.0009f,0.0564f,0.0564f,0.6492f,0.7585f,-0.6871f,0.067f,0.7556f,-0.6516f,0.4573f,0f,0f,0f,1f],start_interpolation: 0,interpolation_duration: 1}
$data merge entity $(bone_magazine) {transformation: [-0.9962f,0.0876f,-0.0009f,-0.0573f,0.0564f,0.6492f,0.7585f,-0.5657f,0.067f,0.7556f,-0.6516f,0.2966f,0f,0f,0f,1f],start_interpolation: 0,interpolation_duration: 1}
$data merge entity $(bone_grip) {transformation: [-0.9962f,0.0876f,-0.0009f,-0.0573f,0.0564f,0.6492f,0.7585f,-0.5657f,0.067f,0.7556f,-0.6516f,0.2966f,0f,0f,0f,1f],start_interpolation: 0,interpolation_duration: 1}
$data merge entity $(bone_trigger) {transformation: [-0.9962f,0.0876f,-0.0009f,-0.0569f,0.0564f,0.6492f,0.7585f,-0.586f,0.067f,0.7556f,-0.6516f,0.3199f,0f,0f,0f,1f],start_interpolation: 0,interpolation_duration: 1}
$data merge entity $(bone_trigger_gaurd) {transformation: [-0.9962f,0.0876f,-0.0009f,-0.0544f,0.0564f,0.6492f,0.7585f,-0.5919f,0.067f,0.7556f,-0.6516f,0.3628f,0f,0f,0f,1f],start_interpolation: 0,interpolation_duration: 1}
$data merge entity $(bone_right_arm) {transformation: [-0.9962f,-0.0009f,-0.0876f,-0.0938f,0.0564f,0.7585f,-0.6492f,-0.3287f,0.067f,-0.6516f,-0.7556f,0.0691f,0f,0f,0f,1f],start_interpolation: 0,interpolation_duration: 1}
$data merge entity $(bone_magazine1) {transformation: [0f,0f,0f,-0.114f,0f,0f,0f,-0.5399f,0f,0f,0f,0.3609f,0f,0f,0f,1f],start_interpolation: 0,interpolation_duration: 1}
$data merge entity $(bone_left_arm) {transformation: [-0.8344f,0.402f,0.377f,0.0844f,0.0347f,0.721f,-0.6921f,-0.3422f,-0.55f,-0.5644f,-0.6156f,0.0725f,0f,0f,0f,1f],start_interpolation: 0,interpolation_duration: 1}
data modify entity @s data merge value {"cameras":{},"locators":{"barrel1":{"px":-0.07189698424185156,"py":-0.7859393689862866,"pz":0.5918500925381365,"ry":359.91775606778447,"rx":49.33564352284929}}}