# This file was generated by Animated Java via MC-Build. It is not recommended to edit this file directly.
$data merge entity $(bone_muzzleflash) {transformation: [0f,0f,0f,-0.2031f,0f,0f,0f,-0.7703f,0f,0f,0f,0.4f,0f,0f,0f,1f],start_interpolation: 0,interpolation_duration: 1}
$data merge entity $(bone_slide) {transformation: [-0.9763f,0f,0.2164f,-0.2815f,0.192f,0.4617f,0.866f,-1.0506f,-0.0999f,0.887f,-0.4508f,0.3942f,0f,0f,0f,1f],start_interpolation: 0,interpolation_duration: 1}
$data merge entity $(bone_barrel) {transformation: [-0.9763f,0f,0.2164f,-0.1869f,0.192f,0.4617f,0.866f,-1.1577f,-0.0999f,0.887f,-0.4508f,0.3587f,0f,0f,0f,1f],start_interpolation: 0,interpolation_duration: 1}
$data merge entity $(bone_magazine) {transformation: [-0.9763f,0f,0.2164f,-0.251f,0.192f,0.4617f,0.866f,-0.9904f,-0.0999f,0.887f,-0.4508f,0.2124f,0f,0f,0f,1f],start_interpolation: 0,interpolation_duration: 1}
$data merge entity $(bone_grip) {transformation: [-0.9763f,0f,0.2164f,-0.251f,0.192f,0.4617f,0.866f,-0.9904f,-0.0999f,0.887f,-0.4508f,0.2124f,0f,0f,0f,1f],start_interpolation: 0,interpolation_duration: 1}
$data merge entity $(bone_trigger) {transformation: [-0.9763f,0f,0.2164f,-0.2576f,0.192f,0.4617f,0.866f,-1.0149f,-0.0999f,0.887f,-0.4508f,0.2301f,0f,0f,0f,1f],start_interpolation: 0,interpolation_duration: 1}
$data merge entity $(bone_trigger_gaurd) {transformation: [-0.9763f,0f,0.2164f,-0.2647f,0.192f,0.4617f,0.866f,-1.0296f,-0.0999f,0.887f,-0.4508f,0.2703f,0f,0f,0f,1f],start_interpolation: 0,interpolation_duration: 1}
$data merge entity $(bone_right_arm) {transformation: [-0.9763f,0.2164f,0f,-0.2136f,0.192f,0.866f,-0.4617f,-0.7095f,-0.0999f,-0.4508f,-0.887f,0.0423f,0f,0f,0f,1f],start_interpolation: 0,interpolation_duration: 1}
$data merge entity $(bone_magazine1) {transformation: [0f,0f,0f,0.0845f,0f,0f,0f,-1.0068f,0f,0f,0f,0.4682f,0f,0f,0f,1f],start_interpolation: 0,interpolation_duration: 1}
$data merge entity $(bone_left_arm) {transformation: [-0.9763f,0.2164f,0f,0.1678f,0.192f,0.866f,-0.4617f,-0.7267f,-0.0999f,-0.4508f,-0.887f,0.1922f,0f,0f,0f,1f],start_interpolation: 0,interpolation_duration: 1}
data modify entity @s data merge value {"cameras":{"camera2":{"px":3.061616997868383e-17,"py":-0.1875,"pz":-0.25,"ry":0,"rx":0}},"locators":{"barrel1":{"px":-0.35016328605008706,"py":-1.261061737217605,"pz":0.442139249115041,"ry":25.646585354676063,"rx":59.99538582512516}}}
execute on vehicle unless entity @s[tag=aj.transforms_only] at @s run function animated_java:glock/animations/equip_empty/zzz/frames/0_root_function