# This file was generated by Animated Java via MC-Build. It is not recommended to edit this file directly.
$data merge entity $(bone_slide) {transformation: [-0.979f,0.0227f,0.2026f,-0.2712f,0.1811f,0.5531f,0.8132f,-0.9978f,-0.0936f,0.8328f,-0.5456f,0.4296f,0f,0f,0f,1f],start_interpolation: 0,interpolation_duration: 1}
$data merge entity $(bone_barrel) {transformation: [-0.979f,0.0227f,0.2026f,-0.1773f,0.1811f,0.5531f,0.8132f,-1.1081f,-0.0936f,0.8328f,-0.5456f,0.4031f,0f,0f,0f,1f],start_interpolation: 0,interpolation_duration: 1}
$data merge entity $(bone_magazine) {transformation: [-0.979f,0.0227f,0.2026f,-0.2457f,0.1811f,0.5531f,0.8132f,-0.9572f,-0.0936f,0.8328f,-0.5456f,0.2417f,0f,0f,0f,1f],start_interpolation: 0,interpolation_duration: 1}
$data merge entity $(bone_grip) {transformation: [-0.979f,0.0227f,0.2026f,-0.2457f,0.1811f,0.5531f,0.8132f,-0.9572f,-0.0936f,0.8328f,-0.5456f,0.2417f,0f,0f,0f,1f],start_interpolation: 0,interpolation_duration: 1}
$data merge entity $(bone_trigger) {transformation: [-0.979f,0.0227f,0.2026f,-0.2518f,0.1811f,0.5531f,0.8132f,-0.9797f,-0.0936f,0.8328f,-0.5456f,0.262f,0f,0f,0f,1f],start_interpolation: 0,interpolation_duration: 1}
$data merge entity $(bone_trigger_gaurd) {transformation: [-0.979f,0.0227f,0.2026f,-0.2577f,0.1811f,0.5531f,0.8132f,-0.9901f,-0.0936f,0.8328f,-0.5456f,0.3038f,0f,0f,0f,1f],start_interpolation: 0,interpolation_duration: 1}
$data merge entity $(bone_right_arm) {transformation: [-0.979f,0.2026f,-0.0227f,-0.2134f,0.1811f,0.8132f,-0.5531f,-0.6959f,-0.0936f,-0.5456f,-0.8328f,0.0418f,0f,0f,0f,1f],start_interpolation: 0,interpolation_duration: 1}
$data merge entity $(bone_magazine1) {transformation: [0f,0f,0f,0.0797f,0f,0f,0f,-0.9372f,0f,0f,0f,0.5022f,0f,0f,0f,1f],start_interpolation: 0,interpolation_duration: 1}
$data merge entity $(bone_left_arm) {transformation: [-0.9891f,0.1443f,0.0307f,0.1388f,0.0928f,0.7704f,-0.6308f,-0.7134f,-0.1146f,-0.6211f,-0.7753f,0.1735f,0f,0f,0f,1f],start_interpolation: 0,interpolation_duration: 1}
data modify entity @s data merge value {"cameras":{},"locators":{"barrel1":{"px":-0.3381495157403165,"py":-1.2019542670821803,"pz":0.501380660661056,"ry":20.369661810867143,"rx":54.41132451305955}}}