# This file was generated by Animated Java via MC-Build. It is not recommended to edit this file directly.
$data merge entity $(bone_slide) {transformation: [-0.9996f,0.0286f,-0.0058f,-0.1789f,0.0286f,0.9996f,0.0021f,-0.4004f,0.0058f,0.0019f,-1f,0.5269f,0f,0f,0f,1f],start_interpolation: 0,interpolation_duration: 1}
$data merge entity $(bone_barrel) {transformation: [-0.9996f,0.0286f,-0.0058f,-0.0716f,0.0286f,0.9996f,0.0021f,-0.4846f,0.0058f,0.0019f,-1f,0.5824f,0f,0f,0f,1f],start_interpolation: 0,interpolation_duration: 1}
$data merge entity $(bone_magazine) {transformation: [-0.9996f,0.0286f,-0.0058f,-0.1836f,0.0286f,0.9996f,0.0021f,-0.5335f,0.0058f,0.0019f,-1f,0.3859f,0f,0f,0f,1f],start_interpolation: 0,interpolation_duration: 1}
$data merge entity $(bone_grip) {transformation: [-0.9996f,0.0286f,-0.0058f,-0.1836f,0.0286f,0.9996f,0.0021f,-0.5335f,0.0058f,0.0019f,-1f,0.3859f,0f,0f,0f,1f],start_interpolation: 0,interpolation_duration: 1}
$data merge entity $(bone_trigger) {transformation: [-0.9996f,0.0286f,-0.0058f,-0.1833f,0.0286f,0.9996f,0.0021f,-0.5292f,0.0058f,0.0019f,-1f,0.4166f,0f,0f,0f,1f],start_interpolation: 0,interpolation_duration: 1}
$data merge entity $(bone_trigger_gaurd) {transformation: [-0.9996f,0.0286f,-0.0058f,-0.1822f,0.0286f,0.9996f,0.0021f,-0.5004f,0.0058f,0.0019f,-1f,0.4491f,0f,0f,0f,1f],start_interpolation: 0,interpolation_duration: 1}
$data merge entity $(bone_right_arm) {transformation: [-0.9996f,-0.0058f,-0.0286f,-0.2204f,0.0286f,0.0021f,-0.9996f,-0.5531f,0.0058f,-1f,-0.0019f,0.0581f,0f,0f,0f,1f],start_interpolation: 0,interpolation_duration: 1}
$data merge entity $(bone_magazine1) {transformation: [0f,0f,0f,-0.2376f,0f,0f,0f,-0.5015f,0f,0f,0f,0.4147f,0f,0f,0f,1f],start_interpolation: 0,interpolation_duration: 1}
$data merge entity $(bone_left_arm) {transformation: [-0.8309f,0.3884f,0.3985f,-0.042f,-0.3776f,0.1323f,-0.9164f,-0.5564f,-0.4087f,-0.9119f,0.0367f,0.0678f,0f,0f,0f,1f],start_interpolation: 0,interpolation_duration: 1}
data modify entity @s data merge value {"cameras":{},"locators":{"barrel1":{"px":-0.20109101663929566,"py":-0.4548983209430891,"pz":0.7456785247276871,"ry":359.6695226624286,"rx":0.11796630320149322}}}