# This file was generated by Animated Java via MC-Build. It is not recommended to edit this file directly.
$data merge entity $(bone_slide) {transformation: [-0.9999f,0.0137f,-0.0003f,-0.1838f,0.0136f,0.9985f,0.0538f,-0.4244f,0.001f,0.0538f,-0.9986f,0.5362f,0f,0f,0f,1f],start_interpolation: 0,interpolation_duration: 1}
$data merge entity $(bone_barrel) {transformation: [-0.9999f,0.0137f,-0.0003f,-0.0756f,0.0136f,0.9985f,0.0538f,-0.5097f,0.001f,0.0538f,-0.9986f,0.588f,0f,0f,0f,1f],start_interpolation: 0,interpolation_duration: 1}
$data merge entity $(bone_magazine) {transformation: [-0.9999f,0.0137f,-0.0003f,-0.1857f,0.0136f,0.9985f,0.0538f,-0.5501f,0.001f,0.0538f,-0.9986f,0.3886f,0f,0f,0f,1f],start_interpolation: 0,interpolation_duration: 1}
$data merge entity $(bone_grip) {transformation: [-0.9999f,0.0137f,-0.0003f,-0.1857f,0.0136f,0.9985f,0.0538f,-0.5501f,0.001f,0.0538f,-0.9986f,0.3886f,0f,0f,0f,1f],start_interpolation: 0,interpolation_duration: 1}
$data merge entity $(bone_trigger) {transformation: [-0.9999f,0.0137f,-0.0003f,-0.1856f,0.0136f,0.9985f,0.0538f,-0.5474f,0.001f,0.0538f,-0.9986f,0.4194f,0f,0f,0f,1f],start_interpolation: 0,interpolation_duration: 1}
$data merge entity $(bone_trigger_gaurd) {transformation: [-0.9999f,0.0137f,-0.0003f,-0.1852f,0.0136f,0.9985f,0.0538f,-0.5203f,0.001f,0.0538f,-0.9986f,0.4533f,0f,0f,0f,1f],start_interpolation: 0,interpolation_duration: 1}
$data merge entity $(bone_right_arm) {transformation: [-0.9999f,-0.0003f,-0.0137f,-0.2204f,0.0136f,0.0538f,-0.9985f,-0.5532f,0.001f,-0.9986f,-0.0538f,0.0599f,0f,0f,0f,1f],start_interpolation: 0,interpolation_duration: 1}
$data merge entity $(bone_magazine1) {transformation: [0f,0f,0f,-0.2376f,0f,0f,0f,-0.5074f,0f,0f,0f,0.4173f,0f,0f,0f,1f],start_interpolation: 0,interpolation_duration: 1}
$data merge entity $(bone_left_arm) {transformation: [-0.8312f,0.3883f,0.398f,-0.0421f,-0.3705f,0.147f,-0.9171f,-0.5568f,-0.4146f,-0.9097f,0.0217f,0.0695f,0f,0f,0f,1f],start_interpolation: 0,interpolation_duration: 1}
data modify entity @s data merge value {"cameras":{},"locators":{"barrel1":{"px":-0.20639060450589164,"py":-0.490466146643209,"pz":0.751758849441664,"ry":359.98494318282906,"rx":3.082161093042286}}}