# This file was generated by Animated Java via MC-Build. It is not recommended to edit this file directly.
$data merge entity $(bone_slide) {transformation: [-0.9999f,0.0131f,0.0033f,-0.1853f,0.0134f,0.9952f,0.0971f,-0.4466f,-0.002f,0.0971f,-0.9953f,0.5414f,0f,0f,0f,1f],start_interpolation: 0,interpolation_duration: 1}
$data merge entity $(bone_barrel) {transformation: [-0.9999f,0.0131f,0.0033f,-0.0772f,0.0134f,0.9952f,0.0971f,-0.534f,-0.002f,0.0971f,-0.9953f,0.5898f,0f,0f,0f,1f],start_interpolation: 0,interpolation_duration: 1}
$data merge entity $(bone_magazine) {transformation: [-0.9999f,0.0131f,0.0033f,-0.1866f,0.0134f,0.9952f,0.0971f,-0.5657f,-0.002f,0.0971f,-0.9953f,0.3884f,0f,0f,0f,1f],start_interpolation: 0,interpolation_duration: 1}
$data merge entity $(bone_grip) {transformation: [-0.9999f,0.0131f,0.0033f,-0.1866f,0.0134f,0.9952f,0.0971f,-0.5657f,-0.002f,0.0971f,-0.9953f,0.3884f,0f,0f,0f,1f],start_interpolation: 0,interpolation_duration: 1}
$data merge entity $(bone_trigger) {transformation: [-0.9999f,0.0131f,0.0033f,-0.1866f,0.0134f,0.9952f,0.0971f,-0.5644f,-0.002f,0.0971f,-0.9953f,0.4193f,0f,0f,0f,1f],start_interpolation: 0,interpolation_duration: 1}
$data merge entity $(bone_trigger_gaurd) {transformation: [-0.9999f,0.0131f,0.0033f,-0.1864f,0.0134f,0.9952f,0.0971f,-0.5388f,-0.002f,0.0971f,-0.9953f,0.4544f,0f,0f,0f,1f],start_interpolation: 0,interpolation_duration: 1}
$data merge entity $(bone_right_arm) {transformation: [-0.9999f,0.0033f,-0.0131f,-0.2202f,0.0134f,0.0971f,-0.9952f,-0.5545f,-0.002f,-0.9953f,-0.0971f,0.0598f,0f,0f,0f,1f],start_interpolation: 0,interpolation_duration: 1}
$data merge entity $(bone_magazine1) {transformation: [0f,0f,0f,-0.2378f,0f,0f,0f,-0.5106f,0f,0f,0f,0.4174f,0f,0f,0f,1f],start_interpolation: 0,interpolation_duration: 1}
$data merge entity $(bone_left_arm) {transformation: [-0.8318f,0.3907f,0.3942f,-0.0418f,-0.3649f,0.1502f,-0.9188f,-0.5589f,-0.4182f,-0.9082f,0.0176f,0.0698f,0f,0f,0f,1f],start_interpolation: 0,interpolation_duration: 1}
data modify entity @s data merge value {"cameras":{},"locators":{"barrel1":{"px":-0.20862876113720932,"py":-0.5219438635876652,"pz":0.7537693804434851,"ry":0.19094685383961973,"rx":5.571660571334856}}}