# This file was generated by Animated Java via MC-Build. It is not recommended to edit this file directly.
$data merge entity $(bone_slide) {transformation: [-0.9994f,0.035f,0.0042f,-0.1818f,0.0352f,0.993f,0.1124f,-0.4567f,-0.0002f,0.1125f,-0.9937f,0.5401f,0f,0f,0f,1f],start_interpolation: 0,interpolation_duration: 1}
$data merge entity $(bone_barrel) {transformation: [-0.9994f,0.035f,0.0042f,-0.0755f,0.0352f,0.993f,0.1124f,-0.5472f,-0.0002f,0.1125f,-0.9937f,0.5869f,0f,0f,0f,1f],start_interpolation: 0,interpolation_duration: 1}
$data merge entity $(bone_magazine) {transformation: [-0.9994f,0.035f,0.0042f,-0.1858f,0.0352f,0.993f,0.1124f,-0.5734f,-0.0002f,0.1125f,-0.9937f,0.3853f,0f,0f,0f,1f],start_interpolation: 0,interpolation_duration: 1}
$data merge entity $(bone_grip) {transformation: [-0.9994f,0.035f,0.0042f,-0.1858f,0.0352f,0.993f,0.1124f,-0.5734f,-0.0002f,0.1125f,-0.9937f,0.3853f,0f,0f,0f,1f],start_interpolation: 0,interpolation_duration: 1}
$data merge entity $(bone_trigger) {transformation: [-0.9994f,0.035f,0.0042f,-0.1858f,0.0352f,0.993f,0.1124f,-0.5725f,-0.0002f,0.1125f,-0.9937f,0.4162f,0f,0f,0f,1f],start_interpolation: 0,interpolation_duration: 1}
$data merge entity $(bone_trigger_gaurd) {transformation: [-0.9994f,0.035f,0.0042f,-0.1849f,0.0352f,0.993f,0.1124f,-0.5475f,-0.0002f,0.1125f,-0.9937f,0.4517f,0f,0f,0f,1f],start_interpolation: 0,interpolation_duration: 1}
$data merge entity $(bone_right_arm) {transformation: [-0.9994f,0.0042f,-0.035f,-0.2196f,0.0352f,0.1124f,-0.993f,-0.5564f,-0.0002f,-0.9937f,-0.1125f,0.0569f,0f,0f,0f,1f],start_interpolation: 0,interpolation_duration: 1}
$data merge entity $(bone_magazine1) {transformation: [0f,0f,0f,-0.2383f,0f,0f,0f,-0.5096f,0f,0f,0f,0.4141f,0f,0f,0f,1f],start_interpolation: 0,interpolation_duration: 1}
$data merge entity $(bone_left_arm) {transformation: [-0.8329f,0.3954f,0.3872f,-0.0413f,-0.3618f,0.1404f,-0.9216f,-0.562f,-0.4188f,-0.9077f,0.0261f,0.0676f,0f,0f,0f,1f],start_interpolation: 0,interpolation_duration: 1}
data modify entity @s data merge value {"cameras":{},"locators":{"barrel1":{"px":-0.20644605392139515,"py":-0.5348091474953407,"pz":0.7512945856836934,"ry":0.23945769785649418,"rx":6.455604828509056}}}