# This file was generated by Animated Java via MC-Build. It is not recommended to edit this file directly.
$data merge entity $(bone_slide) {transformation: [-0.9962f,0.0876f,-0.0009f,-0.1705f,0.0872f,0.9929f,0.0811f,-0.4453f,0.008f,0.0807f,-0.9967f,0.5299f,0f,0f,0f,1f],start_interpolation: 0,interpolation_duration: 1}
$data merge entity $(bone_barrel) {transformation: [-0.9962f,0.0876f,-0.0009f,-0.0686f,0.0872f,0.9929f,0.0811f,-0.5398f,0.008f,0.0807f,-0.9967f,0.5785f,0f,0f,0f,1f],start_interpolation: 0,interpolation_duration: 1}
$data merge entity $(bone_magazine) {transformation: [-0.9962f,0.0876f,-0.0009f,-0.1823f,0.0872f,0.9929f,0.0811f,-0.5664f,0.008f,0.0807f,-0.9967f,0.3789f,0f,0f,0f,1f],start_interpolation: 0,interpolation_duration: 1}
$data merge entity $(bone_grip) {transformation: [-0.9962f,0.0876f,-0.0009f,-0.1823f,0.0872f,0.9929f,0.0811f,-0.5664f,0.008f,0.0807f,-0.9967f,0.3789f,0f,0f,0f,1f],start_interpolation: 0,interpolation_duration: 1}
$data merge entity $(bone_trigger) {transformation: [-0.9962f,0.0876f,-0.0009f,-0.1819f,0.0872f,0.9929f,0.0811f,-0.5645f,0.008f,0.0807f,-0.9967f,0.4097f,0f,0f,0f,1f],start_interpolation: 0,interpolation_duration: 1}
$data merge entity $(bone_trigger_gaurd) {transformation: [-0.9962f,0.0876f,-0.0009f,-0.1794f,0.0872f,0.9929f,0.0811f,-0.5385f,0.008f,0.0807f,-0.9967f,0.4444f,0f,0f,0f,1f],start_interpolation: 0,interpolation_duration: 1}
$data merge entity $(bone_right_arm) {transformation: [-0.9962f,-0.0009f,-0.0876f,-0.2187f,0.0872f,0.0811f,-0.9929f,-0.5579f,0.008f,-0.9967f,-0.0807f,0.0505f,0f,0f,0f,1f],start_interpolation: 0,interpolation_duration: 1}
$data merge entity $(bone_magazine1) {transformation: [0f,0f,0f,-0.239f,0f,0f,0f,-0.5029f,0f,0f,0f,0.4064f,0f,0f,0f,1f],start_interpolation: 0,interpolation_duration: 1}
$data merge entity $(bone_left_arm) {transformation: [-0.8344f,0.402f,0.377f,-0.0406f,-0.3621f,0.1157f,-0.9249f,-0.5652f,-0.4155f,-0.9083f,0.049f,0.0624f,0f,0f,0f,1f],start_interpolation: 0,interpolation_duration: 1}
data modify entity @s data merge value {"cameras":{},"locators":{"barrel1":{"px":-0.19689698424185156,"py":-0.5154257319227881,"pz":0.7436817343755291,"ry":359.94623047883977,"rx":4.652790659442882}}}