# This file was generated by Animated Java via MC-Build. It is not recommended to edit this file directly.
$data merge entity $(bone_slide) {transformation: [-0.982f,0.1854f,-0.0358f,-0.1394f,0.1844f,0.9824f,0.0294f,-0.4261f,0.0407f,0.0222f,-0.9989f,0.5063f,0f,0f,0f,1f],start_interpolation: 0,interpolation_duration: 1}
$data merge entity $(bone_barrel) {transformation: [-0.982f,0.1854f,-0.0358f,-0.045f,0.1844f,0.9824f,0.0294f,-0.5275f,0.0407f,0.0222f,-0.9989f,0.5562f,0f,0f,0f,1f],start_interpolation: 0,interpolation_duration: 1}
$data merge entity $(bone_magazine) {transformation: [-0.982f,0.1854f,-0.0358f,-0.1692f,0.1844f,0.9824f,0.0294f,-0.5531f,0.0407f,0.0222f,-0.9989f,0.3628f,0f,0f,0f,1f],start_interpolation: 0,interpolation_duration: 1}
$data merge entity $(bone_grip) {transformation: [-0.982f,0.1854f,-0.0358f,-0.1692f,0.1844f,0.9824f,0.0294f,-0.5531f,0.0407f,0.0222f,-0.9989f,0.3628f,0f,0f,0f,1f],start_interpolation: 0,interpolation_duration: 1}
$data merge entity $(bone_trigger) {transformation: [-0.982f,0.1854f,-0.0358f,-0.1673f,0.1844f,0.9824f,0.0294f,-0.5497f,0.0407f,0.0222f,-0.9989f,0.3934f,0f,0f,0f,1f],start_interpolation: 0,interpolation_duration: 1}
$data merge entity $(bone_trigger_gaurd) {transformation: [-0.982f,0.1854f,-0.0358f,-0.1608f,0.1844f,0.9824f,0.0294f,-0.5223f,0.0407f,0.0222f,-0.9989f,0.4265f,0f,0f,0f,1f],start_interpolation: 0,interpolation_duration: 1}
$data merge entity $(bone_right_arm) {transformation: [-0.982f,-0.0358f,-0.1854f,-0.2186f,0.1844f,0.0294f,-0.9824f,-0.558f,0.0407f,-0.9989f,-0.0222f,0.036f,0f,0f,0f,1f],start_interpolation: 0,interpolation_duration: 1}
$data merge entity $(bone_magazine1) {transformation: [0f,0f,0f,-0.1458f,0f,0f,0f,-0.5886f,0f,0f,0f,0.4428f,0f,0f,0f,1f],start_interpolation: 0,interpolation_duration: 1}
$data merge entity $(bone_left_arm) {transformation: [-0.8832f,0.2455f,0.3997f,-0.0051f,-0.3131f,0.3259f,-0.892f,-0.5661f,-0.3492f,-0.913f,-0.2109f,0.0669f,0f,0f,0f,1f],start_interpolation: 0,interpolation_duration: 1}
data modify entity @s data merge value {"cameras":{},"locators":{"barrel1":{"px":-0.16316417785560178,"py":-0.4822621702266123,"pz":0.7244683628054978,"ry":357.94500711745684,"rx":1.6831607562987565}}}