# This file was generated by Animated Java via MC-Build. It is not recommended to edit this file directly.
$data merge entity $(bone_slide) {transformation: [-0.8707f,0.4503f,-0.1978f,-0.026f,0.4718f,0.8784f,-0.0768f,-0.4028f,0.1392f,-0.1602f,-0.9772f,0.4197f,0f,0f,0f,1f],start_interpolation: 0,interpolation_duration: 1}
$data merge entity $(bone_barrel) {transformation: [-0.8707f,0.4503f,-0.1978f,0.0439f,0.4718f,0.8784f,-0.0768f,-0.5211f,0.1392f,-0.1602f,-0.9772f,0.4724f,0f,0f,0f,1f],start_interpolation: 0,interpolation_duration: 1}
$data merge entity $(bone_magazine) {transformation: [-0.8707f,0.4503f,-0.1978f,-0.114f,0.4718f,0.8784f,-0.0768f,-0.5308f,0.1392f,-0.1602f,-0.9772f,0.3036f,0f,0f,0f,1f],start_interpolation: 0,interpolation_duration: 1}
$data merge entity $(bone_grip) {transformation: [-0.8707f,0.4503f,-0.1978f,-0.114f,0.4718f,0.8784f,-0.0768f,-0.5308f,0.1392f,-0.1602f,-0.9772f,0.3036f,0f,0f,0f,1f],start_interpolation: 0,interpolation_duration: 1}
$data merge entity $(bone_trigger) {transformation: [-0.8707f,0.4503f,-0.1978f,-0.1059f,0.4718f,0.8784f,-0.0768f,-0.5246f,0.1392f,-0.1602f,-0.9772f,0.3328f,0f,0f,0f,1f],start_interpolation: 0,interpolation_duration: 1}
$data merge entity $(bone_trigger_gaurd) {transformation: [-0.8707f,0.4503f,-0.1978f,-0.0865f,0.4718f,0.8784f,-0.0768f,-0.4968f,0.1392f,-0.1602f,-0.9772f,0.3599f,0f,0f,0f,1f],start_interpolation: 0,interpolation_duration: 1}
$data merge entity $(bone_right_arm) {transformation: [-0.8707f,-0.1978f,-0.4503f,-0.2183f,0.4718f,-0.0768f,-0.8784f,-0.5584f,0.1392f,-0.9772f,0.1602f,-0.0088f,0f,0f,0f,1f],start_interpolation: 0,interpolation_duration: 1}
$data merge entity $(bone_magazine1) {transformation: [0f,0f,0f,0.0303f,0f,0f,0f,-0.7706f,0f,0f,0f,0.4059f,0f,0f,0f,1f],start_interpolation: 0,interpolation_duration: 1}
$data merge entity $(bone_left_arm) {transformation: [-0.9573f,0.0053f,0.2892f,0.0658f,-0.1958f,0.7242f,-0.6613f,-0.5681f,-0.2129f,-0.6896f,-0.6922f,0.0604f,0f,0f,0f,1f],start_interpolation: 0,interpolation_duration: 1}
data modify entity @s data merge value {"cameras":{},"locators":{"barrel1":{"px":-0.026436919857424357,"py":-0.42367754916452394,"pz":0.645284913320253,"ry":348.5585126386682,"rx":-4.4035666220068315}}}