# This file was generated by Animated Java via MC-Build. It is not recommended to edit this file directly.
$data merge entity $(bone_slide) {transformation: [-0.7729f,0.5575f,-0.3032f,0.0368f,0.6061f,0.79f,-0.0926f,-0.4139f,0.1879f,-0.2553f,-0.9484f,0.3685f,0f,0f,0f,1f],start_interpolation: 0,interpolation_duration: 1}
$data merge entity $(bone_barrel) {transformation: [-0.7729f,0.5575f,-0.3032f,0.0932f,0.6061f,0.79f,-0.0926f,-0.5389f,0.1879f,-0.2553f,-0.9484f,0.4219f,0f,0f,0f,1f],start_interpolation: 0,interpolation_duration: 1}
$data merge entity $(bone_magazine) {transformation: [-0.7729f,0.5575f,-0.3032f,-0.0803f,0.6061f,0.79f,-0.0926f,-0.5324f,0.1879f,-0.2553f,-0.9484f,0.2691f,0f,0f,0f,1f],start_interpolation: 0,interpolation_duration: 1}
$data merge entity $(bone_grip) {transformation: [-0.7729f,0.5575f,-0.3032f,-0.0803f,0.6061f,0.79f,-0.0926f,-0.5324f,0.1879f,-0.2553f,-0.9484f,0.2691f,0f,0f,0f,1f],start_interpolation: 0,interpolation_duration: 1}
$data merge entity $(bone_trigger) {transformation: [-0.7729f,0.5575f,-0.3032f,-0.0686f,0.6061f,0.79f,-0.0926f,-0.5261f,0.1879f,-0.2553f,-0.9484f,0.297f,0f,0f,0f,1f],start_interpolation: 0,interpolation_duration: 1}
$data merge entity $(bone_trigger_gaurd) {transformation: [-0.7729f,0.5575f,-0.3032f,-0.0426f,0.6061f,0.79f,-0.0926f,-0.5003f,0.1879f,-0.2553f,-0.9484f,0.3204f,0f,0f,0f,1f],start_interpolation: 0,interpolation_duration: 1}
$data merge entity $(bone_right_arm) {transformation: [-0.7729f,-0.3032f,-0.5575f,-0.2182f,0.6061f,-0.0926f,-0.79f,-0.5587f,0.1879f,-0.9484f,0.2553f,-0.0301f,0f,0f,0f,1f],start_interpolation: 0,interpolation_duration: 1}
$data merge entity $(bone_magazine1) {transformation: [0f,0f,0f,0.097f,0f,0f,0f,-0.8534f,0f,0f,0f,0.3426f,0f,0f,0f,1f],start_interpolation: 0,interpolation_duration: 1}
$data merge entity $(bone_left_arm) {transformation: [-0.9811f,-0.0455f,0.1881f,0.1012f,-0.1293f,0.8771f,-0.4625f,-0.5691f,-0.1439f,-0.4781f,-0.8664f,0.0584f,0f,0f,0f,1f],start_interpolation: 0,interpolation_duration: 1}
data modify entity @s data merge value {"cameras":{},"locators":{"barrel1":{"px":0.055710788438494224,"py":-0.4235876576399985,"pz":0.59402938453387,"ry":342.27008512243276,"rx":-5.312093768525645}}}