# This file was generated by Animated Java via MC-Build. It is not recommended to edit this file directly.
$data merge entity $(bone_slide) {transformation: [-0.67f,0.628f,-0.3958f,0.0877f,0.7069f,0.7026f,-0.0819f,-0.4362f,0.2267f,-0.3346f,-0.9147f,0.3245f,0f,0f,0f,1f],start_interpolation: 0,interpolation_duration: 1}
$data merge entity $(bone_barrel) {transformation: [-0.67f,0.628f,-0.3958f,0.1324f,0.7069f,0.7026f,-0.0819f,-0.5658f,0.2267f,-0.3346f,-0.9147f,0.3782f,0f,0f,0f,1f],start_interpolation: 0,interpolation_duration: 1}
$data merge entity $(bone_magazine) {transformation: [-0.67f,0.628f,-0.3958f,-0.0518f,0.7069f,0.7026f,-0.0819f,-0.5415f,0.2267f,-0.3346f,-0.9147f,0.2405f,0f,0f,0f,1f],start_interpolation: 0,interpolation_duration: 1}
$data merge entity $(bone_grip) {transformation: [-0.67f,0.628f,-0.3958f,-0.0518f,0.7069f,0.7026f,-0.0819f,-0.5415f,0.2267f,-0.3346f,-0.9147f,0.2405f,0f,0f,0f,1f],start_interpolation: 0,interpolation_duration: 1}
$data merge entity $(bone_trigger) {transformation: [-0.67f,0.628f,-0.3958f,-0.0369f,0.7069f,0.7026f,-0.0819f,-0.5359f,0.2267f,-0.3346f,-0.9147f,0.267f,0f,0f,0f,1f],start_interpolation: 0,interpolation_duration: 1}
$data merge entity $(bone_trigger_gaurd) {transformation: [-0.67f,0.628f,-0.3958f,-0.006f,0.7069f,0.7026f,-0.0819f,-0.513f,0.2267f,-0.3346f,-0.9147f,0.287f,0f,0f,0f,1f],start_interpolation: 0,interpolation_duration: 1}
$data merge entity $(bone_right_arm) {transformation: [-0.67f,-0.3958f,-0.628f,-0.218f,0.7069f,-0.0819f,-0.7026f,-0.5589f,0.2267f,-0.9147f,0.3346f,-0.0447f,0f,0f,0f,1f],start_interpolation: 0,interpolation_duration: 1}
$data merge entity $(bone_magazine1) {transformation: [0f,0f,0f,0.1424f,0f,0f,0f,-0.9198f,0f,0f,0f,0.2613f,0f,0f,0f,1f],start_interpolation: 0,interpolation_duration: 1}
$data merge entity $(bone_left_arm) {transformation: [-0.9954f,-0.0412f,0.0863f,0.1366f,-0.0593f,0.974f,-0.2187f,-0.5701f,-0.075f,-0.2229f,-0.972f,0.0632f,0f,0f,0f,1f],start_interpolation: 0,interpolation_duration: 1}
data modify entity @s data merge value {"cameras":{},"locators":{"barrel1":{"px":0.12529842375343325,"py":-0.44123456471135813,"pz":0.5478476542512397,"ry":336.6016745072287,"rx":-4.695775713882599}}}