# This file was generated by Animated Java via MC-Build. It is not recommended to edit this file directly.
$data merge entity $(bone_slide) {transformation: [-0.9826f,0.0515f,0.1782f,-0.2552f,0.1658f,0.6744f,0.7195f,-0.9149f,-0.0831f,0.7366f,-0.6712f,0.4731f,0f,0f,0f,1f],start_interpolation: 0,interpolation_duration: 1}
$data merge entity $(bone_barrel) {transformation: [-0.9826f,0.0515f,0.1782f,-0.1619f,0.1658f,0.6744f,0.7195f,-1.0281f,-0.0831f,0.7366f,-0.6712f,0.4604f,0f,0f,0f,1f],start_interpolation: 0,interpolation_duration: 1}
$data merge entity $(bone_magazine) {transformation: [-0.9826f,0.0515f,0.1782f,-0.237f,0.1658f,0.6744f,0.7195f,-0.9037f,-0.0831f,0.7366f,-0.6712f,0.2804f,0f,0f,0f,1f],start_interpolation: 0,interpolation_duration: 1}
$data merge entity $(bone_grip) {transformation: [-0.9826f,0.0515f,0.1782f,-0.237f,0.1658f,0.6744f,0.7195f,-0.9037f,-0.0831f,0.7366f,-0.6712f,0.2804f,0f,0f,0f,1f],start_interpolation: 0,interpolation_duration: 1}
$data merge entity $(bone_trigger) {transformation: [-0.9826f,0.0515f,0.1782f,-0.2422f,0.1658f,0.6744f,0.7195f,-0.9228f,-0.0831f,0.7366f,-0.6712f,0.3042f,0f,0f,0f,1f],start_interpolation: 0,interpolation_duration: 1}
$data merge entity $(bone_trigger_gaurd) {transformation: [-0.9826f,0.0515f,0.1782f,-0.2465f,0.1658f,0.6744f,0.7195f,-0.9267f,-0.0831f,0.7366f,-0.6712f,0.3472f,0f,0f,0f,1f],start_interpolation: 0,interpolation_duration: 1}
$data merge entity $(bone_right_arm) {transformation: [-0.9826f,0.1782f,-0.0515f,-0.2134f,0.1658f,0.7195f,-0.6744f,-0.6763f,-0.0831f,-0.6712f,-0.7366f,0.0417f,0f,0f,0f,1f],start_interpolation: 0,interpolation_duration: 1}
$data merge entity $(bone_magazine1) {transformation: [0f,0f,0f,0.0624f,0f,0f,0f,-0.858f,0f,0f,0f,0.5175f,0f,0f,0f,1f],start_interpolation: 0,interpolation_duration: 1}
$data merge entity $(bone_left_arm) {transformation: [-0.9908f,0.0944f,0.0974f,0.11f,-0.0118f,0.6554f,-0.7552f,-0.6929f,-0.1351f,-0.7494f,-0.6482f,0.154f,0f,0f,0f,1f],start_interpolation: 0,interpolation_duration: 1}
data modify entity @s data merge value {"cameras":{},"locators":{"barrel1":{"px":-0.3185045024088372,"py":-1.1055786186007066,"pz":0.5778661176405093,"ry":14.868339526321932,"rx":46.01699863583715}}}