# This file was generated by Animated Java via MC-Build. It is not recommended to edit this file directly.
$data merge entity $(bone_slide) {transformation: [-0.5909f,0.6651f,-0.4566f,0.1194f,0.7671f,0.6384f,-0.063f,-0.4574f,0.2496f,-0.3875f,-0.8874f,0.3015f,0f,0f,0f,1f],start_interpolation: 0,interpolation_duration: 1}
$data merge entity $(bone_barrel) {transformation: [-0.5909f,0.6651f,-0.4566f,0.1559f,0.7671f,0.6384f,-0.063f,-0.5894f,0.2496f,-0.3875f,-0.8874f,0.3555f,0f,0f,0f,1f],start_interpolation: 0,interpolation_duration: 1}
$data merge entity $(bone_magazine) {transformation: [-0.5909f,0.6651f,-0.4566f,-0.0336f,0.7671f,0.6384f,-0.063f,-0.5515f,0.2496f,-0.3875f,-0.8874f,0.2284f,0f,0f,0f,1f],start_interpolation: 0,interpolation_duration: 1}
$data merge entity $(bone_grip) {transformation: [-0.5909f,0.6651f,-0.4566f,-0.0336f,0.7671f,0.6384f,-0.063f,-0.5515f,0.2496f,-0.3875f,-0.8874f,0.2284f,0f,0f,0f,1f],start_interpolation: 0,interpolation_duration: 1}
$data merge entity $(bone_trigger) {transformation: [-0.5909f,0.6651f,-0.4566f,-0.0167f,0.7671f,0.6384f,-0.063f,-0.5467f,0.2496f,-0.3875f,-0.8874f,0.2538f,0f,0f,0f,1f],start_interpolation: 0,interpolation_duration: 1}
$data merge entity $(bone_trigger_gaurd) {transformation: [-0.5909f,0.6651f,-0.4566f,0.0173f,0.7671f,0.6384f,-0.063f,-0.5263f,0.2496f,-0.3875f,-0.8874f,0.2715f,0f,0f,0f,1f],start_interpolation: 0,interpolation_duration: 1}
$data merge entity $(bone_right_arm) {transformation: [-0.5909f,-0.4566f,-0.6651f,-0.2178f,0.7671f,-0.063f,-0.6384f,-0.5593f,0.2496f,-0.8874f,0.3875f,-0.0459f,0f,0f,0f,1f],start_interpolation: 0,interpolation_duration: 1}
$data merge entity $(bone_magazine1) {transformation: [0f,0f,0f,0.1661f,0f,0f,0f,-0.9616f,0f,0f,0f,0.1765f,0f,0f,0f,1f],start_interpolation: 0,interpolation_duration: 1}
$data merge entity $(bone_left_arm) {transformation: [-0.9999f,0.0128f,0.0075f,0.1718f,0.0132f,0.9985f,0.0529f,-0.571f,-0.0068f,0.053f,-0.9986f,0.0815f,0f,0f,0f,1f],start_interpolation: 0,interpolation_duration: 1}
data modify entity @s data merge value {"cameras":{},"locators":{"barrel1":{"px":0.16999739088404003,"py":-0.4617359750161512,"pz":0.5222926343146915,"ry":332.77283616105257,"rx":-3.610328180627267}}}