# This file was generated by Animated Java via MC-Build. It is not recommended to edit this file directly.
$data merge entity $(bone_slide) {transformation: [-0.5259f,0.6936f,-0.4923f,0.1385f,0.8136f,0.579f,-0.0534f,-0.4735f,0.248f,-0.4286f,-0.8688f,0.2841f,0f,0f,0f,1f],start_interpolation: 0,interpolation_duration: 1}
$data merge entity $(bone_barrel) {transformation: [-0.5259f,0.6936f,-0.4923f,0.1676f,0.8136f,0.579f,-0.0534f,-0.6064f,0.248f,-0.4286f,-0.8688f,0.3405f,0f,0f,0f,1f],start_interpolation: 0,interpolation_duration: 1}
$data merge entity $(bone_magazine) {transformation: [-0.5259f,0.6936f,-0.4923f,-0.0233f,0.8136f,0.579f,-0.0534f,-0.5583f,0.248f,-0.4286f,-0.8688f,0.219f,0f,0f,0f,1f],start_interpolation: 0,interpolation_duration: 1}
$data merge entity $(bone_grip) {transformation: [-0.5259f,0.6936f,-0.4923f,-0.0233f,0.8136f,0.579f,-0.0534f,-0.5583f,0.248f,-0.4286f,-0.8688f,0.219f,0f,0f,0f,1f],start_interpolation: 0,interpolation_duration: 1}
$data merge entity $(bone_trigger) {transformation: [-0.5259f,0.6936f,-0.4923f,-0.0052f,0.8136f,0.579f,-0.0534f,-0.5542f,0.248f,-0.4286f,-0.8688f,0.2438f,0f,0f,0f,1f],start_interpolation: 0,interpolation_duration: 1}
$data merge entity $(bone_trigger_gaurd) {transformation: [-0.5259f,0.6936f,-0.4923f,0.0308f,0.8136f,0.579f,-0.0534f,-0.5357f,0.248f,-0.4286f,-0.8688f,0.2596f,0f,0f,0f,1f],start_interpolation: 0,interpolation_duration: 1}
$data merge entity $(bone_right_arm) {transformation: [-0.5259f,-0.4923f,-0.6936f,-0.2176f,0.8136f,-0.0534f,-0.579f,-0.5602f,0.248f,-0.8688f,0.4286f,-0.0483f,0f,0f,0f,1f],start_interpolation: 0,interpolation_duration: 1}
$data merge entity $(bone_magazine1) {transformation: [0f,0f,0f,0.1633f,0f,0f,0f,-0.9612f,0f,0f,0f,0.1815f,0f,0f,0f,1f],start_interpolation: 0,interpolation_duration: 1}
$data merge entity $(bone_left_arm) {transformation: [-0.9998f,0.0186f,0.0105f,0.1716f,0.019f,0.9991f,0.037f,-0.5722f,-0.0098f,0.0372f,-0.9993f,0.0804f,0f,0f,0f,1f],start_interpolation: 0,interpolation_duration: 1}
data modify entity @s data merge value {"cameras":{},"locators":{"barrel1":{"px":0.19681000492850875,"py":-0.475711940966589,"pz":0.502973625197386,"ry":330.4601940103937,"rx":-3.061851428904336}}}