# This file was generated by Animated Java via MC-Build. It is not recommended to edit this file directly.
$data merge entity $(bone_slide) {transformation: [-0.4955f,0.7071f,-0.5045f,0.1453f,0.8345f,0.5486f,-0.0508f,-0.4807f,0.2408f,-0.4462f,-0.8619f,0.2773f,0f,0f,0f,1f],start_interpolation: 0,interpolation_duration: 1}
$data merge entity $(bone_barrel) {transformation: [-0.4955f,0.7071f,-0.5045f,0.1707f,0.8345f,0.5486f,-0.0508f,-0.6135f,0.2408f,-0.4462f,-0.8619f,0.3355f,0f,0f,0f,1f],start_interpolation: 0,interpolation_duration: 1}
$data merge entity $(bone_magazine) {transformation: [-0.4955f,0.7071f,-0.5045f,-0.02f,0.8345f,0.5486f,-0.0508f,-0.5611f,0.2408f,-0.4462f,-0.8619f,0.2155f,0f,0f,0f,1f],start_interpolation: 0,interpolation_duration: 1}
$data merge entity $(bone_grip) {transformation: [-0.4955f,0.7071f,-0.5045f,-0.02f,0.8345f,0.5486f,-0.0508f,-0.5611f,0.2408f,-0.4462f,-0.8619f,0.2155f,0f,0f,0f,1f],start_interpolation: 0,interpolation_duration: 1}
$data merge entity $(bone_trigger) {transformation: [-0.4955f,0.7071f,-0.5045f,-0.0015f,0.8345f,0.5486f,-0.0508f,-0.5571f,0.2408f,-0.4462f,-0.8619f,0.24f,0f,0f,0f,1f],start_interpolation: 0,interpolation_duration: 1}
$data merge entity $(bone_trigger_gaurd) {transformation: [-0.4955f,0.7071f,-0.5045f,0.0353f,0.8345f,0.5486f,-0.0508f,-0.5397f,0.2408f,-0.4462f,-0.8619f,0.2551f,0f,0f,0f,1f],start_interpolation: 0,interpolation_duration: 1}
$data merge entity $(bone_right_arm) {transformation: [-0.4955f,-0.5045f,-0.7071f,-0.2175f,0.8345f,-0.0508f,-0.5486f,-0.5607f,0.2408f,-0.8619f,0.4462f,-0.0495f,0f,0f,0f,1f],start_interpolation: 0,interpolation_duration: 1}
$data merge entity $(bone_magazine1) {transformation: [0f,0f,0f,0.1617f,0f,0f,0f,-0.961f,0f,0f,0f,0.1844f,0f,0f,0f,1f],start_interpolation: 0,interpolation_duration: 1}
$data merge entity $(bone_left_arm) {transformation: [-0.9997f,0.0218f,0.012f,0.1715f,0.0221f,0.9994f,0.0283f,-0.5729f,-0.0114f,0.0285f,-0.9995f,0.0799f,0f,0f,0f,1f],start_interpolation: 0,interpolation_duration: 1}
data modify entity @s data merge value {"cameras":{},"locators":{"barrel1":{"px":0.20618425988333677,"py":-0.4813611248363709,"pz":0.4954721469910813,"ry":329.66158492810814,"rx":-2.911446065601271}}}