# This file was generated by Animated Java via MC-Build. It is not recommended to edit this file directly.
$data merge entity $(bone_slide) {transformation: [-0.4487f,0.7289f,-0.5172f,0.1531f,0.8667f,0.4961f,-0.0527f,-0.4903f,0.2181f,-0.4719f,-0.8543f,0.2683f,0f,0f,0f,1f],start_interpolation: 0,interpolation_duration: 1}
$data merge entity $(bone_barrel) {transformation: [-0.4487f,0.7289f,-0.5172f,0.1723f,0.8667f,0.4961f,-0.0527f,-0.6223f,0.2181f,-0.4719f,-0.8543f,0.3307f,0f,0f,0f,1f],start_interpolation: 0,interpolation_duration: 1}
$data merge entity $(bone_magazine) {transformation: [-0.4487f,0.7289f,-0.5172f,-0.017f,0.8667f,0.4961f,-0.0527f,-0.564f,0.2181f,-0.4719f,-0.8543f,0.2111f,0f,0f,0f,1f],start_interpolation: 0,interpolation_duration: 1}
$data merge entity $(bone_grip) {transformation: [-0.4487f,0.7289f,-0.5172f,-0.017f,0.8667f,0.4961f,-0.0527f,-0.564f,0.2181f,-0.4719f,-0.8543f,0.2111f,0f,0f,0f,1f],start_interpolation: 0,interpolation_duration: 1}
$data merge entity $(bone_trigger) {transformation: [-0.4487f,0.7289f,-0.5172f,0.0021f,0.8667f,0.4961f,-0.0527f,-0.5602f,0.2181f,-0.4719f,-0.8543f,0.2352f,0f,0f,0f,1f],start_interpolation: 0,interpolation_duration: 1}
$data merge entity $(bone_trigger_gaurd) {transformation: [-0.4487f,0.7289f,-0.5172f,0.0399f,0.8667f,0.4961f,-0.0527f,-0.5441f,0.2181f,-0.4719f,-0.8543f,0.2493f,0f,0f,0f,1f],start_interpolation: 0,interpolation_duration: 1}
$data merge entity $(bone_right_arm) {transformation: [-0.4487f,-0.5172f,-0.7289f,-0.2175f,0.8667f,-0.0527f,-0.4961f,-0.562f,0.2181f,-0.8543f,0.4719f,-0.0517f,0f,0f,0f,1f],start_interpolation: 0,interpolation_duration: 1}
$data merge entity $(bone_magazine1) {transformation: [0f,0f,0f,0.1582f,0f,0f,0f,-0.9604f,0f,0f,0f,0.1908f,0f,0f,0f,1f],start_interpolation: 0,interpolation_duration: 1}
$data merge entity $(bone_left_arm) {transformation: [-0.9995f,0.0287f,0.0152f,0.171f,0.0289f,0.9995f,0.0094f,-0.5744f,-0.0149f,0.0099f,-0.9998f,0.0791f,0f,0f,0f,1f],start_interpolation: 0,interpolation_duration: 1}
data modify entity @s data merge value {"cameras":{},"locators":{"barrel1":{"px":0.2165417762694741,"py":-0.4869603923938648,"pz":0.48573112644658517,"ry":328.80967257089884,"rx":-3.0218295563737234}}}