# This file was generated by Animated Java via MC-Build. It is not recommended to edit this file directly.
$data merge entity $(bone_slide) {transformation: [-0.4344f,0.7401f,-0.5134f,0.1525f,0.8803f,0.4694f,-0.0681f,-0.4892f,0.1906f,-0.4815f,-0.8555f,0.2663f,0f,0f,0f,1f],start_interpolation: 0,interpolation_duration: 1}
$data merge entity $(bone_barrel) {transformation: [-0.4344f,0.7401f,-0.5134f,0.169f,0.8803f,0.4694f,-0.0681f,-0.6196f,0.1906f,-0.4815f,-0.8555f,0.3325f,0f,0f,0f,1f],start_interpolation: 0,interpolation_duration: 1}
$data merge entity $(bone_magazine) {transformation: [-0.4344f,0.7401f,-0.5134f,-0.0186f,0.8803f,0.4694f,-0.0681f,-0.5614f,0.1906f,-0.4815f,-0.8555f,0.2102f,0f,0f,0f,1f],start_interpolation: 0,interpolation_duration: 1}
$data merge entity $(bone_grip) {transformation: [-0.4344f,0.7401f,-0.5134f,-0.0186f,0.8803f,0.4694f,-0.0681f,-0.5614f,0.1906f,-0.4815f,-0.8555f,0.2102f,0f,0f,0f,1f],start_interpolation: 0,interpolation_duration: 1}
$data merge entity $(bone_trigger) {transformation: [-0.4344f,0.7401f,-0.5134f,0.0004f,0.8803f,0.4694f,-0.0681f,-0.5573f,0.1906f,-0.4815f,-0.8555f,0.2343f,0f,0f,0f,1f],start_interpolation: 0,interpolation_duration: 1}
$data merge entity $(bone_trigger_gaurd) {transformation: [-0.4344f,0.7401f,-0.5134f,0.0384f,0.8803f,0.4694f,-0.0681f,-0.5415f,0.1906f,-0.4815f,-0.8555f,0.2481f,0f,0f,0f,1f],start_interpolation: 0,interpolation_duration: 1}
$data merge entity $(bone_right_arm) {transformation: [-0.4344f,-0.5134f,-0.7401f,-0.2176f,0.8803f,-0.0681f,-0.4694f,-0.5635f,0.1906f,-0.8555f,0.4815f,-0.0537f,0f,0f,0f,1f],start_interpolation: 0,interpolation_duration: 1}
$data merge entity $(bone_magazine1) {transformation: [0f,0f,0f,0.1544f,0f,0f,0f,-0.9597f,0f,0f,0f,0.1981f,0f,0f,0f,1f],start_interpolation: 0,interpolation_duration: 1}
$data merge entity $(bone_left_arm) {transformation: [-0.9992f,0.0363f,0.0182f,0.1704f,0.0361f,0.9993f,-0.011f,-0.5762f,-0.0186f,-0.0103f,-0.9998f,0.0786f,0f,0f,0f,1f],start_interpolation: 0,interpolation_duration: 1}
data modify entity @s data merge value {"cameras":{},"locators":{"barrel1":{"px":0.21479853158818932,"py":-0.48069849565527534,"pz":0.4839235310302078,"ry":329.0312691994744,"rx":-3.9051126201643247}}}