# This file was generated by Animated Java via MC-Build. It is not recommended to edit this file directly.
$data merge entity $(bone_slide) {transformation: [-0.4446f,0.7401f,-0.5045f,0.1486f,0.878f,0.4717f,-0.0817f,-0.4832f,0.1775f,-0.4793f,-0.8595f,0.268f,0f,0f,0f,1f],start_interpolation: 0,interpolation_duration: 1}
$data merge entity $(bone_barrel) {transformation: [-0.4446f,0.7401f,-0.5045f,0.1657f,0.878f,0.4717f,-0.0817f,-0.6128f,0.1775f,-0.4793f,-0.8595f,0.3358f,0f,0f,0f,1f],start_interpolation: 0,interpolation_duration: 1}
$data merge entity $(bone_magazine) {transformation: [-0.4446f,0.7401f,-0.5045f,-0.0212f,0.878f,0.4717f,-0.0817f,-0.5576f,0.1775f,-0.4793f,-0.8595f,0.2111f,0f,0f,0f,1f],start_interpolation: 0,interpolation_duration: 1}
$data merge entity $(bone_grip) {transformation: [-0.4446f,0.7401f,-0.5045f,-0.0212f,0.878f,0.4717f,-0.0817f,-0.5576f,0.1775f,-0.4793f,-0.8595f,0.2111f,0f,0f,0f,1f],start_interpolation: 0,interpolation_duration: 1}
$data merge entity $(bone_trigger) {transformation: [-0.4446f,0.7401f,-0.5045f,-0.0025f,0.878f,0.4717f,-0.0817f,-0.5531f,0.1775f,-0.4793f,-0.8595f,0.2353f,0f,0f,0f,1f],start_interpolation: 0,interpolation_duration: 1}
$data merge entity $(bone_trigger_gaurd) {transformation: [-0.4446f,0.7401f,-0.5045f,0.0352f,0.878f,0.4717f,-0.0817f,-0.5368f,0.1775f,-0.4793f,-0.8595f,0.2494f,0f,0f,0f,1f],start_interpolation: 0,interpolation_duration: 1}
$data merge entity $(bone_right_arm) {transformation: [-0.4446f,-0.5045f,-0.7401f,-0.2177f,0.878f,-0.0817f,-0.4717f,-0.5643f,0.1775f,-0.8595f,0.4793f,-0.0546f,0f,0f,0f,1f],start_interpolation: 0,interpolation_duration: 1}
$data merge entity $(bone_magazine1) {transformation: [0f,0f,0f,0.1523f,0f,0f,0f,-0.9593f,0f,0f,0f,0.2019f,0f,0f,0f,1f],start_interpolation: 0,interpolation_duration: 1}
$data merge entity $(bone_left_arm) {transformation: [-0.999f,0.0403f,0.0197f,0.1701f,0.0399f,0.999f,-0.0218f,-0.5771f,-0.0206f,-0.021f,-0.9996f,0.0784f,0f,0f,0f,1f],start_interpolation: 0,interpolation_duration: 1}
data modify entity @s data merge value {"cameras":{},"locators":{"barrel1":{"px":0.20877111822744984,"py":-0.4718864521957609,"pz":0.48615899244034566,"ry":329.58676117251156,"rx":-4.688186316432023}}}