# This file was generated by Animated Java via MC-Build. It is not recommended to edit this file directly.
$data merge entity $(bone_slide) {transformation: [-0.4687f,0.7346f,-0.4905f,0.1419f,0.8676f,0.4873f,-0.0991f,-0.4731f,0.1663f,-0.472f,-0.8658f,0.2716f,0f,0f,0f,1f],start_interpolation: 0,interpolation_duration: 1}
$data merge entity $(bone_barrel) {transformation: [-0.4687f,0.7346f,-0.4905f,0.1613f,0.8676f,0.4873f,-0.0991f,-0.6019f,0.1663f,-0.472f,-0.8658f,0.3403f,0f,0f,0f,1f],start_interpolation: 0,interpolation_duration: 1}
$data merge entity $(bone_magazine) {transformation: [-0.4687f,0.7346f,-0.4905f,-0.0252f,0.8676f,0.4873f,-0.0991f,-0.5521f,0.1663f,-0.472f,-0.8658f,0.2128f,0f,0f,0f,1f],start_interpolation: 0,interpolation_duration: 1}
$data merge entity $(bone_grip) {transformation: [-0.4687f,0.7346f,-0.4905f,-0.0252f,0.8676f,0.4873f,-0.0991f,-0.5521f,0.1663f,-0.472f,-0.8658f,0.2128f,0f,0f,0f,1f],start_interpolation: 0,interpolation_duration: 1}
$data merge entity $(bone_trigger) {transformation: [-0.4687f,0.7346f,-0.4905f,-0.0069f,0.8676f,0.4873f,-0.0991f,-0.5469f,0.1663f,-0.472f,-0.8658f,0.2372f,0f,0f,0f,1f],start_interpolation: 0,interpolation_duration: 1}
$data merge entity $(bone_trigger_gaurd) {transformation: [-0.4687f,0.7346f,-0.4905f,0.0302f,0.8676f,0.4873f,-0.0991f,-0.5296f,0.1663f,-0.472f,-0.8658f,0.2517f,0f,0f,0f,1f],start_interpolation: 0,interpolation_duration: 1}
$data merge entity $(bone_right_arm) {transformation: [-0.4687f,-0.4905f,-0.7346f,-0.2178f,0.8676f,-0.0991f,-0.4873f,-0.5651f,0.1663f,-0.8658f,0.472f,-0.0555f,0f,0f,0f,1f],start_interpolation: 0,interpolation_duration: 1}
$data merge entity $(bone_magazine1) {transformation: [0f,0f,0f,0.1502f,0f,0f,0f,-0.9588f,0f,0f,0f,0.206f,0f,0f,0f,1f],start_interpolation: 0,interpolation_duration: 1}
$data merge entity $(bone_left_arm) {transformation: [-0.9988f,0.0445f,0.0211f,0.1697f,0.0438f,0.9985f,-0.0329f,-0.5781f,-0.0226f,-0.0319f,-0.9992f,0.0782f,0f,0f,0f,1f],start_interpolation: 0,interpolation_duration: 1}
data modify entity @s data merge value {"cameras":{},"locators":{"barrel1":{"px":0.19879771959135087,"py":-0.45910738039279636,"pz":0.49043516504537754,"ry":330.46390450020465,"rx":-5.686986197848077}}}