# This file was generated by Animated Java via MC-Build. It is not recommended to edit this file directly.
$data merge entity $(bone_slide) {transformation: [-0.5078f,0.7212f,-0.4711f,0.1319f,0.8468f,0.5183f,-0.1193f,-0.459f,0.1581f,-0.4595f,-0.874f,0.2768f,0f,0f,0f,1f],start_interpolation: 0,interpolation_duration: 1}
$data merge entity $(bone_barrel) {transformation: [-0.5078f,0.7212f,-0.4711f,0.1556f,0.8468f,0.5183f,-0.1193f,-0.5869f,0.1581f,-0.4595f,-0.874f,0.3459f,0f,0f,0f,1f],start_interpolation: 0,interpolation_duration: 1}
$data merge entity $(bone_magazine) {transformation: [-0.5078f,0.7212f,-0.4711f,-0.0306f,0.8468f,0.5183f,-0.1193f,-0.545f,0.1581f,-0.4595f,-0.874f,0.2152f,0f,0f,0f,1f],start_interpolation: 0,interpolation_duration: 1}
$data merge entity $(bone_grip) {transformation: [-0.5078f,0.7212f,-0.4711f,-0.0306f,0.8468f,0.5183f,-0.1193f,-0.545f,0.1581f,-0.4595f,-0.874f,0.2152f,0f,0f,0f,1f],start_interpolation: 0,interpolation_duration: 1}
$data merge entity $(bone_trigger) {transformation: [-0.5078f,0.7212f,-0.4711f,-0.013f,0.8468f,0.5183f,-0.1193f,-0.5391f,0.1581f,-0.4595f,-0.874f,0.2399f,0f,0f,0f,1f],start_interpolation: 0,interpolation_duration: 1}
$data merge entity $(bone_trigger_gaurd) {transformation: [-0.5078f,0.7212f,-0.4711f,0.0231f,0.8468f,0.5183f,-0.1193f,-0.5202f,0.1581f,-0.4595f,-0.874f,0.255f,0f,0f,0f,1f],start_interpolation: 0,interpolation_duration: 1}
$data merge entity $(bone_right_arm) {transformation: [-0.5078f,-0.4711f,-0.7212f,-0.2179f,0.8468f,-0.1193f,-0.5183f,-0.566f,0.1581f,-0.874f,0.4595f,-0.0563f,0f,0f,0f,1f],start_interpolation: 0,interpolation_duration: 1}
$data merge entity $(bone_magazine1) {transformation: [0f,0f,0f,0.148f,0f,0f,0f,-0.9582f,0f,0f,0f,0.2101f,0f,0f,0f,1f],start_interpolation: 0,interpolation_duration: 1}
$data merge entity $(bone_left_arm) {transformation: [-0.9986f,0.0487f,0.0225f,0.1693f,0.0477f,0.9979f,-0.0443f,-0.5791f,-0.0246f,-0.0431f,-0.9988f,0.0781f,0f,0f,0f,1f],start_interpolation: 0,interpolation_duration: 1}
data modify entity @s data merge value {"cameras":{},"locators":{"barrel1":{"px":0.1844390193151468,"py":-0.4427449612540027,"pz":0.4965988912068751,"ry":331.6750172137839,"rx":-6.851660989598534}}}