# This file was generated by Animated Java via MC-Build. It is not recommended to edit this file directly.
$data merge entity $(bone_slide) {transformation: [-0.5623f,0.6962f,-0.4462f,0.1181f,0.8124f,0.5659f,-0.1407f,-0.4414f,0.1545f,-0.4416f,-0.8838f,0.2835f,0f,0f,0f,1f],start_interpolation: 0,interpolation_duration: 1}
$data merge entity $(bone_barrel) {transformation: [-0.5623f,0.6962f,-0.4462f,0.1484f,0.8124f,0.5659f,-0.1407f,-0.5681f,0.1545f,-0.4416f,-0.8838f,0.3521f,0f,0f,0f,1f],start_interpolation: 0,interpolation_duration: 1}
$data merge entity $(bone_magazine) {transformation: [-0.5623f,0.6962f,-0.4462f,-0.0376f,0.8124f,0.5659f,-0.1407f,-0.5367f,0.1545f,-0.4416f,-0.8838f,0.2181f,0f,0f,0f,1f],start_interpolation: 0,interpolation_duration: 1}
$data merge entity $(bone_grip) {transformation: [-0.5623f,0.6962f,-0.4462f,-0.0376f,0.8124f,0.5659f,-0.1407f,-0.5367f,0.1545f,-0.4416f,-0.8838f,0.2181f,0f,0f,0f,1f],start_interpolation: 0,interpolation_duration: 1}
$data merge entity $(bone_trigger) {transformation: [-0.5623f,0.6962f,-0.4462f,-0.0209f,0.8124f,0.5659f,-0.1407f,-0.5299f,0.1545f,-0.4416f,-0.8838f,0.2432f,0f,0f,0f,1f],start_interpolation: 0,interpolation_duration: 1}
$data merge entity $(bone_trigger_gaurd) {transformation: [-0.5623f,0.6962f,-0.4462f,0.0137f,0.8124f,0.5659f,-0.1407f,-0.509f,0.1545f,-0.4416f,-0.8838f,0.2592f,0f,0f,0f,1f],start_interpolation: 0,interpolation_duration: 1}
$data merge entity $(bone_right_arm) {transformation: [-0.5623f,-0.4462f,-0.6962f,-0.2181f,0.8124f,-0.1407f,-0.5659f,-0.5669f,0.1545f,-0.8838f,0.4416f,-0.0571f,0f,0f,0f,1f],start_interpolation: 0,interpolation_duration: 1}
$data merge entity $(bone_magazine1) {transformation: [0f,0f,0f,0.1457f,0f,0f,0f,-0.9576f,0f,0f,0f,0.2144f,0f,0f,0f,1f],start_interpolation: 0,interpolation_duration: 1}
$data merge entity $(bone_left_arm) {transformation: [-0.9983f,0.0532f,0.0238f,0.1689f,0.0518f,0.9971f,-0.0559f,-0.5802f,-0.0267f,-0.0546f,-0.9982f,0.0781f,0f,0f,0f,1f],start_interpolation: 0,interpolation_duration: 1}
data modify entity @s data merge value {"cameras":{},"locators":{"barrel1":{"px":0.16536226526751835,"py":-0.42375051235726674,"pz":0.5043902697302769,"ry":333.21244048623913,"rx":-8.089598520533398}}}