# This file was generated by Animated Java via MC-Build. It is not recommended to edit this file directly.
$data merge entity $(bone_slide) {transformation: [-0.6725f,0.624f,-0.3981f,0.088f,0.7219f,0.6716f,-0.1668f,-0.4106f,0.1633f,-0.3995f,-0.9021f,0.2976f,0f,0f,0f,1f],start_interpolation: 0,interpolation_duration: 1}
$data merge entity $(bone_barrel) {transformation: [-0.6725f,0.624f,-0.3981f,0.1335f,0.7219f,0.6716f,-0.1668f,-0.5346f,0.1633f,-0.3995f,-0.9021f,0.3628f,0f,0f,0f,1f],start_interpolation: 0,interpolation_duration: 1}
$data merge entity $(bone_magazine) {transformation: [-0.6725f,0.624f,-0.3981f,-0.0513f,0.7219f,0.6716f,-0.1668f,-0.5238f,0.1633f,-0.3995f,-0.9021f,0.224f,0f,0f,0f,1f],start_interpolation: 0,interpolation_duration: 1}
$data merge entity $(bone_grip) {transformation: [-0.6725f,0.624f,-0.3981f,-0.0513f,0.7219f,0.6716f,-0.1668f,-0.5238f,0.1633f,-0.3995f,-0.9021f,0.224f,0f,0f,0f,1f],start_interpolation: 0,interpolation_duration: 1}
$data merge entity $(bone_trigger) {transformation: [-0.6725f,0.624f,-0.3981f,-0.0364f,0.7219f,0.6716f,-0.1668f,-0.5157f,0.1633f,-0.3995f,-0.9021f,0.2498f,0f,0f,0f,1f],start_interpolation: 0,interpolation_duration: 1}
$data merge entity $(bone_trigger_gaurd) {transformation: [-0.6725f,0.624f,-0.3981f,-0.0054f,0.7219f,0.6716f,-0.1668f,-0.4909f,0.1633f,-0.3995f,-0.9021f,0.2676f,0f,0f,0f,1f],start_interpolation: 0,interpolation_duration: 1}
$data merge entity $(bone_right_arm) {transformation: [-0.6725f,-0.3981f,-0.624f,-0.2182f,0.7219f,-0.1668f,-0.6716f,-0.5679f,0.1633f,-0.9021f,0.3995f,-0.0579f,0f,0f,0f,1f],start_interpolation: 0,interpolation_duration: 1}
$data merge entity $(bone_magazine1) {transformation: [0f,0f,0f,0.1434f,0f,0f,0f,-0.9569f,0f,0f,0f,0.2188f,0f,0f,0f,1f],start_interpolation: 0,interpolation_duration: 1}
$data merge entity $(bone_left_arm) {transformation: [-0.998f,0.0577f,0.025f,0.1685f,0.0559f,0.9961f,-0.0678f,-0.5812f,-0.0288f,-0.0663f,-0.9974f,0.0781f,0f,0f,0f,1f],start_interpolation: 0,interpolation_duration: 1}
data modify entity @s data merge value {"cameras":{},"locators":{"barrel1":{"px":0.12627184649507295,"py":-0.3950981438353978,"pz":0.5203010953689755,"ry":336.18745859427554,"rx":-9.599444666484015}}}