# This file was generated by Animated Java via MC-Build. It is not recommended to edit this file directly.
$data merge entity $(bone_slide) {transformation: [-0.9094f,0.2926f,-0.2955f,-0.0036f,0.3524f,0.9195f,-0.1742f,-0.3581f,0.2207f,-0.2625f,-0.9393f,0.3329f,0f,0f,0f,1f],start_interpolation: 0,interpolation_duration: 1}
$data merge entity $(bone_barrel) {transformation: [-0.9094f,0.2926f,-0.2955f,0.0888f,0.3524f,0.9195f,-0.1742f,-0.4613f,0.2207f,-0.2625f,-0.9393f,0.3829f,0f,0f,0f,1f],start_interpolation: 0,interpolation_duration: 1}
$data merge entity $(bone_magazine) {transformation: [-0.9094f,0.2926f,-0.2955f,-0.0842f,0.3524f,0.9195f,-0.1742f,-0.5053f,0.2207f,-0.2625f,-0.9393f,0.2358f,0f,0f,0f,1f],start_interpolation: 0,interpolation_duration: 1}
$data merge entity $(bone_grip) {transformation: [-0.9094f,0.2926f,-0.2955f,-0.0842f,0.3524f,0.9195f,-0.1742f,-0.5053f,0.2207f,-0.2625f,-0.9393f,0.2358f,0f,0f,0f,1f],start_interpolation: 0,interpolation_duration: 1}
$data merge entity $(bone_trigger) {transformation: [-0.9094f,0.2926f,-0.2955f,-0.0739f,0.3524f,0.9195f,-0.1742f,-0.496f,0.2207f,-0.2625f,-0.9393f,0.2634f,0f,0f,0f,1f],start_interpolation: 0,interpolation_duration: 1}
$data merge entity $(bone_trigger_gaurd) {transformation: [-0.9094f,0.2926f,-0.2955f,-0.0558f,0.3524f,0.9195f,-0.1742f,-0.4638f,0.2207f,-0.2625f,-0.9393f,0.2863f,0f,0f,0f,1f],start_interpolation: 0,interpolation_duration: 1}
$data merge entity $(bone_right_arm) {transformation: [-0.9094f,-0.2955f,-0.2926f,-0.2186f,0.3524f,-0.1742f,-0.9195f,-0.5699f,0.2207f,-0.9393f,0.2625f,-0.0592f,0f,0f,0f,1f],start_interpolation: 0,interpolation_duration: 1}
$data merge entity $(bone_magazine1) {transformation: [0f,0f,0f,0.1387f,0f,0f,0f,-0.9554f,0f,0f,0f,0.2279f,0f,0f,0f,1f],start_interpolation: 0,interpolation_duration: 1}
$data merge entity $(bone_left_arm) {transformation: [-0.9974f,0.067f,0.0271f,0.1676f,0.0643f,0.9937f,-0.0923f,-0.5834f,-0.0332f,-0.0903f,-0.9954f,0.0782f,0f,0f,0f,1f],start_interpolation: 0,interpolation_duration: 1}
data modify entity @s data merge value {"cameras":{},"locators":{"barrel1":{"px":0.025176771515635132,"py":-0.36256064316898234,"pz":0.5575782153592425,"ry":342.53774248577236,"rx":-10.030746189110621}}}