# This file was generated by Animated Java via MC-Build. It is not recommended to edit this file directly.
$data merge entity $(bone_slide) {transformation: [-0.9577f,0.0544f,-0.2824f,-0.0451f,0.1014f,0.9827f,-0.1546f,-0.3498f,0.2691f,-0.1768f,-0.9467f,0.3474f,0f,0f,0f,1f],start_interpolation: 0,interpolation_duration: 1}
$data merge entity $(bone_barrel) {transformation: [-0.9577f,0.0544f,-0.2824f,0.0711f,0.1014f,0.9827f,-0.1546f,-0.4318f,0.2691f,-0.1768f,-0.9467f,0.3855f,0f,0f,0f,1f],start_interpolation: 0,interpolation_duration: 1}
$data merge entity $(bone_magazine) {transformation: [-0.9577f,0.0544f,-0.2824f,-0.0921f,0.1014f,0.9827f,-0.1546f,-0.5028f,0.2691f,-0.1768f,-0.9467f,0.2378f,0f,0f,0f,1f],start_interpolation: 0,interpolation_duration: 1}
$data merge entity $(bone_grip) {transformation: [-0.9577f,0.0544f,-0.2824f,-0.0921f,0.1014f,0.9827f,-0.1546f,-0.5028f,0.2691f,-0.1768f,-0.9467f,0.2378f,0f,0f,0f,1f],start_interpolation: 0,interpolation_duration: 1}
$data merge entity $(bone_trigger) {transformation: [-0.9577f,0.0544f,-0.2824f,-0.0832f,0.1014f,0.9827f,-0.1546f,-0.4937f,0.2691f,-0.1768f,-0.9467f,0.266f,0f,0f,0f,1f],start_interpolation: 0,interpolation_duration: 1}
$data merge entity $(bone_trigger_gaurd) {transformation: [-0.9577f,0.0544f,-0.2824f,-0.0725f,0.1014f,0.9827f,-0.1546f,-0.4603f,0.2691f,-0.1768f,-0.9467f,0.2916f,0f,0f,0f,1f],start_interpolation: 0,interpolation_duration: 1}
$data merge entity $(bone_right_arm) {transformation: [-0.9577f,-0.2824f,-0.0544f,-0.2188f,0.1014f,-0.1546f,-0.9827f,-0.5709f,0.2691f,-0.9467f,0.1768f,-0.0598f,0f,0f,0f,1f],start_interpolation: 0,interpolation_duration: 1}
$data merge entity $(bone_magazine1) {transformation: [0f,0f,0f,0.1362f,0f,0f,0f,-0.9545f,0f,0f,0f,0.2326f,0f,0f,0f,1f],start_interpolation: 0,interpolation_duration: 1}
$data merge entity $(bone_left_arm) {transformation: [-0.997f,0.0718f,0.0281f,0.1671f,0.0685f,0.9921f,-0.1047f,-0.5845f,-0.0354f,-0.1025f,-0.9941f,0.0783f,0f,0f,0f,1f],start_interpolation: 0,interpolation_duration: 1}
data modify entity @s data merge value {"cameras":{},"locators":{"barrel1":{"px":-0.00723730508210213,"py":-0.367537649776581,"pz":0.5700633489220448,"ry":343.38997030758253,"rx":-8.895942488292244}}}