# This file was generated by Animated Java via MC-Build. It is not recommended to edit this file directly.
$data merge entity $(bone_slide) {transformation: [-0.9337f,-0.1858f,-0.3061f,-0.0722f,-0.1486f,0.9788f,-0.1408f,-0.3493f,0.3258f,-0.086f,-0.9415f,0.3565f,0f,0f,0f,1f],start_interpolation: 0,interpolation_duration: 1}
$data merge entity $(bone_barrel) {transformation: [-0.9337f,-0.1858f,-0.3061f,0.0622f,-0.1486f,0.9788f,-0.1408f,-0.4044f,0.3258f,-0.086f,-0.9415f,0.3808f,0f,0f,0f,1f],start_interpolation: 0,interpolation_duration: 1}
$data merge entity $(bone_magazine) {transformation: [-0.9337f,-0.1858f,-0.3061f,-0.0905f,-0.1486f,0.9788f,-0.1408f,-0.4998f,0.3258f,-0.086f,-0.9415f,0.2355f,0f,0f,0f,1f],start_interpolation: 0,interpolation_duration: 1}
$data merge entity $(bone_grip) {transformation: [-0.9337f,-0.1858f,-0.3061f,-0.0905f,-0.1486f,0.9788f,-0.1408f,-0.4998f,0.3258f,-0.086f,-0.9415f,0.2355f,0f,0f,0f,1f],start_interpolation: 0,interpolation_duration: 1}
$data merge entity $(bone_trigger) {transformation: [-0.9337f,-0.1858f,-0.3061f,-0.0819f,-0.1486f,0.9788f,-0.1408f,-0.4912f,0.3258f,-0.086f,-0.9415f,0.264f,0f,0f,0f,1f],start_interpolation: 0,interpolation_duration: 1}
$data merge entity $(bone_trigger_gaurd) {transformation: [-0.9337f,-0.1858f,-0.3061f,-0.0773f,-0.1486f,0.9788f,-0.1408f,-0.4584f,0.3258f,-0.086f,-0.9415f,0.292f,0f,0f,0f,1f],start_interpolation: 0,interpolation_duration: 1}
$data merge entity $(bone_right_arm) {transformation: [-0.9337f,-0.3061f,0.1858f,-0.219f,-0.1486f,-0.1408f,-0.9788f,-0.5719f,0.3258f,-0.9415f,0.086f,-0.0603f,0f,0f,0f,1f],start_interpolation: 0,interpolation_duration: 1}
$data merge entity $(bone_magazine1) {transformation: [0f,0f,0f,0.1338f,0f,0f,0f,-0.9535f,0f,0f,0f,0.2373f,0f,0f,0f,1f],start_interpolation: 0,interpolation_duration: 1}
$data merge entity $(bone_left_arm) {transformation: [-0.9966f,0.0767f,0.0289f,0.1667f,0.0728f,0.9904f,-0.1173f,-0.5857f,-0.0376f,-0.1148f,-0.9927f,0.0784f,0f,0f,0f,1f],start_interpolation: 0,interpolation_duration: 1}
data modify entity @s data merge value {"cameras":{},"locators":{"barrel1":{"px":-0.015508220464746814,"py":-0.3753079996419506,"pz":0.5743099576868512,"ry":341.9909763310169,"rx":-8.096940195926248}}}