# This file was generated by Animated Java via MC-Build. It is not recommended to edit this file directly.
$data merge entity $(bone_slide) {transformation: [-0.7405f,-0.5361f,-0.4053f,-0.087f,-0.5123f,0.8406f,-0.1759f,-0.3439f,0.435f,0.0774f,-0.8971f,0.3563f,0f,0f,0f,1f],start_interpolation: 0,interpolation_duration: 1}
$data merge entity $(bone_barrel) {transformation: [-0.7405f,-0.5361f,-0.4053f,0.0602f,-0.5123f,0.8406f,-0.1759f,-0.346f,0.435f,0.0774f,-0.8971f,0.353f,0f,0f,0f,1f],start_interpolation: 0,interpolation_duration: 1}
$data merge entity $(bone_magazine) {transformation: [-0.7405f,-0.5361f,-0.4053f,-0.0725f,-0.5123f,0.8406f,-0.1759f,-0.4808f,0.435f,0.0774f,-0.8971f,0.2198f,0f,0f,0f,1f],start_interpolation: 0,interpolation_duration: 1}
$data merge entity $(bone_grip) {transformation: [-0.7405f,-0.5361f,-0.4053f,-0.0725f,-0.5123f,0.8406f,-0.1759f,-0.4808f,0.435f,0.0774f,-0.8971f,0.2198f,0f,0f,0f,1f],start_interpolation: 0,interpolation_duration: 1}
$data merge entity $(bone_trigger) {transformation: [-0.7405f,-0.5361f,-0.4053f,-0.0624f,-0.5123f,0.8406f,-0.1759f,-0.4717f,0.435f,0.0774f,-0.8971f,0.2476f,0f,0f,0f,1f],start_interpolation: 0,interpolation_duration: 1}
$data merge entity $(bone_trigger_gaurd) {transformation: [-0.7405f,-0.5361f,-0.4053f,-0.0647f,-0.5123f,0.8406f,-0.1759f,-0.4418f,0.435f,0.0774f,-0.8971f,0.2789f,0f,0f,0f,1f],start_interpolation: 0,interpolation_duration: 1}
$data merge entity $(bone_right_arm) {transformation: [-0.7405f,-0.4053f,0.5361f,-0.2195f,-0.5123f,-0.1759f,-0.8406f,-0.5739f,0.435f,-0.8971f,-0.0774f,-0.0612f,0f,0f,0f,1f],start_interpolation: 0,interpolation_duration: 1}
$data merge entity $(bone_magazine1) {transformation: [0f,0f,0f,0.1289f,0f,0f,0f,-0.9512f,0f,0f,0f,0.247f,0f,0f,0f,1f],start_interpolation: 0,interpolation_duration: 1}
$data merge entity $(bone_left_arm) {transformation: [-0.9958f,0.0866f,0.0301f,0.1657f,0.0815f,0.9864f,-0.1427f,-0.5879f,-0.0421f,-0.1397f,-0.9893f,0.0789f,0f,0f,0f,1f],start_interpolation: 0,interpolation_duration: 1}
data modify entity @s data merge value {"cameras":{},"locators":{"barrel1":{"px":0.014775974132104297,"py":-0.36257348833242975,"pz":0.5578607760727405,"ry":335.6881477024488,"rx":-10.12827462066774}}}