# This file was generated by Animated Java via MC-Build. It is not recommended to edit this file directly.
$data merge entity $(bone_slide) {transformation: [-0.6456f,-0.6218f,-0.4433f,-0.0859f,-0.5991f,0.7724f,-0.211f,-0.336f,0.4737f,0.1293f,-0.8712f,0.3505f,0f,0f,0f,1f],start_interpolation: 0,interpolation_duration: 1}
$data merge entity $(bone_barrel) {transformation: [-0.6456f,-0.6218f,-0.4433f,0.0599f,-0.5991f,0.7724f,-0.211f,-0.3211f,0.4737f,0.1293f,-0.8712f,0.3372f,0f,0f,0f,1f],start_interpolation: 0,interpolation_duration: 1}
$data merge entity $(bone_magazine) {transformation: [-0.6456f,-0.6218f,-0.4433f,-0.0653f,-0.5991f,0.7724f,-0.211f,-0.4688f,0.4737f,0.1293f,-0.8712f,0.2107f,0f,0f,0f,1f],start_interpolation: 0,interpolation_duration: 1}
$data merge entity $(bone_grip) {transformation: [-0.6456f,-0.6218f,-0.4433f,-0.0653f,-0.5991f,0.7724f,-0.211f,-0.4688f,0.4737f,0.1293f,-0.8712f,0.2107f,0f,0f,0f,1f],start_interpolation: 0,interpolation_duration: 1}
$data merge entity $(bone_trigger) {transformation: [-0.6456f,-0.6218f,-0.4433f,-0.0545f,-0.5991f,0.7724f,-0.211f,-0.4589f,0.4737f,0.1293f,-0.8712f,0.2379f,0f,0f,0f,1f],start_interpolation: 0,interpolation_duration: 1}
$data merge entity $(bone_trigger_gaurd) {transformation: [-0.6456f,-0.6218f,-0.4433f,-0.058f,-0.5991f,0.7724f,-0.211f,-0.4298f,0.4737f,0.1293f,-0.8712f,0.2699f,0f,0f,0f,1f],start_interpolation: 0,interpolation_duration: 1}
$data merge entity $(bone_right_arm) {transformation: [-0.6456f,-0.4433f,0.6218f,-0.2198f,-0.5991f,-0.211f,-0.7724f,-0.575f,0.4737f,-0.8712f,-0.1293f,-0.0616f,0f,0f,0f,1f],start_interpolation: 0,interpolation_duration: 1}
$data merge entity $(bone_magazine1) {transformation: [0f,0f,0f,0.1264f,0f,0f,0f,-0.95f,0f,0f,0f,0.2518f,0f,0f,0f,1f],start_interpolation: 0,interpolation_duration: 1}
$data merge entity $(bone_left_arm) {transformation: [-0.9953f,0.0916f,0.0305f,0.1652f,0.0858f,0.9841f,-0.1555f,-0.589f,-0.0443f,-0.1521f,-0.9874f,0.0792f,0f,0f,0f,1f],start_interpolation: 0,interpolation_duration: 1}
data modify entity @s data merge value {"cameras":{},"locators":{"barrel1":{"px":0.030924609427157496,"py":-0.34514150231402047,"pz":0.5443575925279633,"ry":333.0284048836333,"rx":-12.183845175881748}}}