# This file was generated by Animated Java via MC-Build. It is not recommended to edit this file directly.
$data merge entity $(bone_slide) {transformation: [-0.9902f,0.0957f,0.1017f,-0.2137f,0.13f,0.8978f,0.4209f,-0.6907f,-0.0511f,0.43f,-0.9014f,0.5344f,0f,0f,0f,1f],start_interpolation: 0,interpolation_duration: 1}
$data merge entity $(bone_barrel) {transformation: [-0.9902f,0.0957f,0.1017f,-0.1188f,0.13f,0.8978f,0.4209f,-0.8012f,-0.0511f,0.43f,-0.9014f,0.5559f,0f,0f,0f,1f],start_interpolation: 0,interpolation_duration: 1}
$data merge entity $(bone_magazine) {transformation: [-0.9902f,0.0957f,0.1017f,-0.2121f,0.13f,0.8978f,0.4209f,-0.7513f,-0.0511f,0.43f,-0.9014f,0.3501f,0f,0f,0f,1f],start_interpolation: 0,interpolation_duration: 1}
$data merge entity $(bone_grip) {transformation: [-0.9902f,0.0957f,0.1017f,-0.2121f,0.13f,0.8978f,0.4209f,-0.7513f,-0.0511f,0.43f,-0.9014f,0.3501f,0f,0f,0f,1f],start_interpolation: 0,interpolation_duration: 1}
$data merge entity $(bone_trigger) {transformation: [-0.9902f,0.0957f,0.1017f,-0.2148f,0.13f,0.8978f,0.4209f,-0.7602f,-0.0511f,0.43f,-0.9014f,0.3796f,0f,0f,0f,1f],start_interpolation: 0,interpolation_duration: 1}
$data merge entity $(bone_trigger_gaurd) {transformation: [-0.9902f,0.0957f,0.1017f,-0.2154f,0.13f,0.8978f,0.4209f,-0.748f,-0.0511f,0.43f,-0.9014f,0.4213f,0f,0f,0f,1f],start_interpolation: 0,interpolation_duration: 1}
$data merge entity $(bone_right_arm) {transformation: [-0.9902f,0.1017f,-0.0957f,-0.2148f,0.13f,0.4209f,-0.8978f,-0.6278f,-0.0511f,-0.9014f,-0.43f,0.0436f,0f,0f,0f,1f],start_interpolation: 0,interpolation_duration: 1}
$data merge entity $(bone_magazine1) {transformation: [0f,0f,0f,-0.0219f,0f,0f,0f,-0.6949f,0f,0f,0f,0.5063f,0f,0f,0f,1f],start_interpolation: 0,interpolation_duration: 1}
$data merge entity $(bone_left_arm) {transformation: [-0.9556f,0.1084f,0.2738f,0.0515f,-0.2084f,0.408f,-0.8889f,-0.6405f,-0.2081f,-0.9065f,-0.3673f,0.1148f,0f,0f,0f,1f],start_interpolation: 0,interpolation_duration: 1}
data modify entity @s data merge value {"cameras":{},"locators":{"barrel1":{"px":-0.2628238790457848,"py":-0.8289753039292237,"pz":0.7069307037392785,"ry":6.440230632574838,"rx":24.88837676026025}}}