# This file was generated by Animated Java via MC-Build. It is not recommended to edit this file directly.
$data merge entity $(bone_slide) {transformation: [-0.6242f,-0.637f,-0.4523f,-0.0851f,-0.6097f,0.7592f,-0.2277f,-0.3308f,0.4884f,0.1336f,-0.8623f,0.3462f,0f,0f,0f,1f],start_interpolation: 0,interpolation_duration: 1}
$data merge entity $(bone_barrel) {transformation: [-0.6242f,-0.637f,-0.4523f,0.0602f,-0.6097f,0.7592f,-0.2277f,-0.3128f,0.4884f,0.1336f,-0.8623f,0.3305f,0f,0f,0f,1f],start_interpolation: 0,interpolation_duration: 1}
$data merge entity $(bone_magazine) {transformation: [-0.6242f,-0.637f,-0.4523f,-0.0637f,-0.6097f,0.7592f,-0.2277f,-0.4642f,0.4884f,0.1336f,-0.8623f,0.207f,0f,0f,0f,1f],start_interpolation: 0,interpolation_duration: 1}
$data merge entity $(bone_grip) {transformation: [-0.6242f,-0.637f,-0.4523f,-0.0637f,-0.6097f,0.7592f,-0.2277f,-0.4642f,0.4884f,0.1336f,-0.8623f,0.207f,0f,0f,0f,1f],start_interpolation: 0,interpolation_duration: 1}
$data merge entity $(bone_trigger) {transformation: [-0.6242f,-0.637f,-0.4523f,-0.0526f,-0.6097f,0.7592f,-0.2277f,-0.4539f,0.4884f,0.1336f,-0.8623f,0.234f,0f,0f,0f,1f],start_interpolation: 0,interpolation_duration: 1}
$data merge entity $(bone_trigger_gaurd) {transformation: [-0.6242f,-0.637f,-0.4523f,-0.0563f,-0.6097f,0.7592f,-0.2277f,-0.4246f,0.4884f,0.1336f,-0.8623f,0.2659f,0f,0f,0f,1f],start_interpolation: 0,interpolation_duration: 1}
$data merge entity $(bone_right_arm) {transformation: [-0.6242f,-0.4523f,0.637f,-0.22f,-0.6097f,-0.2277f,-0.7592f,-0.576f,0.4884f,-0.8623f,-0.1336f,-0.0619f,0f,0f,0f,1f],start_interpolation: 0,interpolation_duration: 1}
$data merge entity $(bone_magazine1) {transformation: [0f,0f,0f,0.124f,0f,0f,0f,-0.9487f,0f,0f,0f,0.2567f,0f,0f,0f,1f],start_interpolation: 0,interpolation_duration: 1}
$data merge entity $(bone_left_arm) {transformation: [-0.9948f,0.0967f,0.0309f,0.1648f,0.0901f,0.9816f,-0.1683f,-0.5902f,-0.0466f,-0.1646f,-0.9853f,0.0795f,0f,0f,0f,1f],start_interpolation: 0,interpolation_duration: 1}
data modify entity @s data merge value {"cameras":{},"locators":{"barrel1":{"px":0.03505308209824212,"py":-0.3358724970035864,"pz":0.5382030992359703,"ry":332.32237915082516,"rx":-13.16419536588566}}}