# This file was generated by Animated Java via MC-Build. It is not recommended to edit this file directly.
$data merge entity $(bone_slide) {transformation: [-0.6054f,-0.6493f,-0.4604f,-0.0841f,-0.6169f,0.7483f,-0.2441f,-0.3256f,0.503f,0.1362f,-0.8535f,0.3417f,0f,0f,0f,1f],start_interpolation: 0,interpolation_duration: 1}
$data merge entity $(bone_barrel) {transformation: [-0.6054f,-0.6493f,-0.4604f,0.0606f,-0.6169f,0.7483f,-0.2441f,-0.305f,0.503f,0.1362f,-0.8535f,0.3237f,0f,0f,0f,1f],start_interpolation: 0,interpolation_duration: 1}
$data merge entity $(bone_magazine) {transformation: [-0.6054f,-0.6493f,-0.4604f,-0.0622f,-0.6169f,0.7483f,-0.2441f,-0.4598f,0.503f,0.1362f,-0.8535f,0.2034f,0f,0f,0f,1f],start_interpolation: 0,interpolation_duration: 1}
$data merge entity $(bone_grip) {transformation: [-0.6054f,-0.6493f,-0.4604f,-0.0622f,-0.6169f,0.7483f,-0.2441f,-0.4598f,0.503f,0.1362f,-0.8535f,0.2034f,0f,0f,0f,1f],start_interpolation: 0,interpolation_duration: 1}
$data merge entity $(bone_trigger) {transformation: [-0.6054f,-0.6493f,-0.4604f,-0.0509f,-0.6169f,0.7483f,-0.2441f,-0.4491f,0.503f,0.1362f,-0.8535f,0.2302f,0f,0f,0f,1f],start_interpolation: 0,interpolation_duration: 1}
$data merge entity $(bone_trigger_gaurd) {transformation: [-0.6054f,-0.6493f,-0.4604f,-0.0547f,-0.6169f,0.7483f,-0.2441f,-0.4196f,0.503f,0.1362f,-0.8535f,0.2618f,0f,0f,0f,1f],start_interpolation: 0,interpolation_duration: 1}
$data merge entity $(bone_right_arm) {transformation: [-0.6054f,-0.4604f,0.6493f,-0.2202f,-0.6169f,-0.2441f,-0.7483f,-0.577f,0.503f,-0.8535f,-0.1362f,-0.0621f,0f,0f,0f,1f],start_interpolation: 0,interpolation_duration: 1}
$data merge entity $(bone_magazine1) {transformation: [0f,0f,0f,0.1215f,0f,0f,0f,-0.9473f,0f,0f,0f,0.2615f,0f,0f,0f,1f],start_interpolation: 0,interpolation_duration: 1}
$data merge entity $(bone_left_arm) {transformation: [-0.9943f,0.1017f,0.031f,0.1643f,0.0945f,0.9789f,-0.181f,-0.5913f,-0.0488f,-0.1771f,-0.983f,0.0798f,0f,0f,0f,1f],start_interpolation: 0,interpolation_duration: 1}
data modify entity @s data merge value {"cameras":{},"locators":{"barrel1":{"px":0.038905862213984316,"py":-0.3266233951118028,"pz":0.5319688118590418,"ry":331.65755949259665,"rx":-14.130049424752208}}}