# This file was generated by Animated Java via MC-Build. It is not recommended to edit this file directly.
$data merge entity $(bone_slide) {transformation: [-0.5892f,-0.659f,-0.4676f,-0.083f,-0.6208f,0.7396f,-0.26f,-0.3204f,0.5171f,0.1371f,-0.8448f,0.3371f,0f,0f,0f,1f],start_interpolation: 0,interpolation_duration: 1}
$data merge entity $(bone_barrel) {transformation: [-0.5892f,-0.659f,-0.4676f,0.0611f,-0.6208f,0.7396f,-0.26f,-0.2977f,0.5171f,0.1371f,-0.8448f,0.317f,0f,0f,0f,1f],start_interpolation: 0,interpolation_duration: 1}
$data merge entity $(bone_magazine) {transformation: [-0.5892f,-0.659f,-0.4676f,-0.0608f,-0.6208f,0.7396f,-0.26f,-0.4557f,0.5171f,0.1371f,-0.8448f,0.1999f,0f,0f,0f,1f],start_interpolation: 0,interpolation_duration: 1}
$data merge entity $(bone_grip) {transformation: [-0.5892f,-0.659f,-0.4676f,-0.0608f,-0.6208f,0.7396f,-0.26f,-0.4557f,0.5171f,0.1371f,-0.8448f,0.1999f,0f,0f,0f,1f],start_interpolation: 0,interpolation_duration: 1}
$data merge entity $(bone_trigger) {transformation: [-0.5892f,-0.659f,-0.4676f,-0.0494f,-0.6208f,0.7396f,-0.26f,-0.4445f,0.5171f,0.1371f,-0.8448f,0.2264f,0f,0f,0f,1f],start_interpolation: 0,interpolation_duration: 1}
$data merge entity $(bone_trigger_gaurd) {transformation: [-0.5892f,-0.659f,-0.4676f,-0.0532f,-0.6208f,0.7396f,-0.26f,-0.4147f,0.5171f,0.1371f,-0.8448f,0.2578f,0f,0f,0f,1f],start_interpolation: 0,interpolation_duration: 1}
$data merge entity $(bone_right_arm) {transformation: [-0.5892f,-0.4676f,0.659f,-0.2205f,-0.6208f,-0.26f,-0.7396f,-0.578f,0.5171f,-0.8448f,-0.1371f,-0.0623f,0f,0f,0f,1f],start_interpolation: 0,interpolation_duration: 1}
$data merge entity $(bone_magazine1) {transformation: [0f,0f,0f,0.1191f,0f,0f,0f,-0.9458f,0f,0f,0f,0.2664f,0f,0f,0f,1f],start_interpolation: 0,interpolation_duration: 1}
$data merge entity $(bone_left_arm) {transformation: [-0.9938f,0.1067f,0.0311f,0.1638f,0.0988f,0.9761f,-0.1937f,-0.5924f,-0.051f,-0.1894f,-0.9806f,0.0802f,0f,0f,0f,1f],start_interpolation: 0,interpolation_duration: 1}
data modify entity @s data merge value {"cameras":{},"locators":{"barrel1":{"px":0.042459156860976024,"py":-0.31752812711640677,"pz":0.5257306631261853,"ry":331.03635658129053,"rx":-15.069495111432706}}}