# This file was generated by Animated Java via MC-Build. It is not recommended to edit this file directly.
$data merge entity $(bone_slide) {transformation: [-0.5756f,-0.6664f,-0.474f,-0.0818f,-0.622f,0.733f,-0.2752f,-0.3152f,0.5308f,0.1364f,-0.8364f,0.3324f,0f,0f,0f,1f],start_interpolation: 0,interpolation_duration: 1}
$data merge entity $(bone_barrel) {transformation: [-0.5756f,-0.6664f,-0.474f,0.0617f,-0.622f,0.733f,-0.2752f,-0.291f,0.5308f,0.1364f,-0.8364f,0.3104f,0f,0f,0f,1f],start_interpolation: 0,interpolation_duration: 1}
$data merge entity $(bone_magazine) {transformation: [-0.5756f,-0.6664f,-0.474f,-0.0596f,-0.622f,0.733f,-0.2752f,-0.4518f,0.5308f,0.1364f,-0.8364f,0.1965f,0f,0f,0f,1f],start_interpolation: 0,interpolation_duration: 1}
$data merge entity $(bone_grip) {transformation: [-0.5756f,-0.6664f,-0.474f,-0.0596f,-0.622f,0.733f,-0.2752f,-0.4518f,0.5308f,0.1364f,-0.8364f,0.1965f,0f,0f,0f,1f],start_interpolation: 0,interpolation_duration: 1}
$data merge entity $(bone_trigger) {transformation: [-0.5756f,-0.6664f,-0.474f,-0.048f,-0.622f,0.733f,-0.2752f,-0.4401f,0.5308f,0.1364f,-0.8364f,0.2227f,0f,0f,0f,1f],start_interpolation: 0,interpolation_duration: 1}
$data merge entity $(bone_trigger_gaurd) {transformation: [-0.5756f,-0.6664f,-0.474f,-0.0518f,-0.622f,0.733f,-0.2752f,-0.41f,0.5308f,0.1364f,-0.8364f,0.2538f,0f,0f,0f,1f],start_interpolation: 0,interpolation_duration: 1}
$data merge entity $(bone_right_arm) {transformation: [-0.5756f,-0.474f,0.6664f,-0.2207f,-0.622f,-0.2752f,-0.733f,-0.579f,0.5308f,-0.8364f,-0.1364f,-0.0625f,0f,0f,0f,1f],start_interpolation: 0,interpolation_duration: 1}
$data merge entity $(bone_magazine1) {transformation: [0f,0f,0f,0.1168f,0f,0f,0f,-0.9442f,0f,0f,0f,0.2712f,0f,0f,0f,1f],start_interpolation: 0,interpolation_duration: 1}
$data merge entity $(bone_left_arm) {transformation: [-0.9933f,0.1118f,0.031f,0.1634f,0.103f,0.973f,-0.2063f,-0.5934f,-0.0532f,-0.2017f,-0.978f,0.0806f,0f,0f,0f,1f],start_interpolation: 0,interpolation_duration: 1}
data modify entity @s data merge value {"cameras":{},"locators":{"barrel1":{"px":0.045706192533007714,"py":-0.30869936295488887,"pz":0.5195596411420705,"ry":330.46027815724176,"rx":-15.972627850490875}}}