# This file was generated by Animated Java via MC-Build. It is not recommended to edit this file directly.
$data merge entity $(bone_slide) {transformation: [-0.5646f,-0.6717f,-0.4796f,-0.0806f,-0.6208f,0.7286f,-0.2896f,-0.3101f,0.5439f,0.1342f,-0.8283f,0.3278f,0f,0f,0f,1f],start_interpolation: 0,interpolation_duration: 1}
$data merge entity $(bone_barrel) {transformation: [-0.5646f,-0.6717f,-0.4796f,0.0625f,-0.6208f,0.7286f,-0.2896f,-0.2849f,0.5439f,0.1342f,-0.8283f,0.304f,0f,0f,0f,1f],start_interpolation: 0,interpolation_duration: 1}
$data merge entity $(bone_magazine) {transformation: [-0.5646f,-0.6717f,-0.4796f,-0.0585f,-0.6208f,0.7286f,-0.2896f,-0.4481f,0.5439f,0.1342f,-0.8283f,0.1933f,0f,0f,0f,1f],start_interpolation: 0,interpolation_duration: 1}
$data merge entity $(bone_grip) {transformation: [-0.5646f,-0.6717f,-0.4796f,-0.0585f,-0.6208f,0.7286f,-0.2896f,-0.4481f,0.5439f,0.1342f,-0.8283f,0.1933f,0f,0f,0f,1f],start_interpolation: 0,interpolation_duration: 1}
$data merge entity $(bone_trigger) {transformation: [-0.5646f,-0.6717f,-0.4796f,-0.0467f,-0.6208f,0.7286f,-0.2896f,-0.4361f,0.5439f,0.1342f,-0.8283f,0.2192f,0f,0f,0f,1f],start_interpolation: 0,interpolation_duration: 1}
$data merge entity $(bone_trigger_gaurd) {transformation: [-0.5646f,-0.6717f,-0.4796f,-0.0506f,-0.6208f,0.7286f,-0.2896f,-0.4057f,0.5439f,0.1342f,-0.8283f,0.25f,0f,0f,0f,1f],start_interpolation: 0,interpolation_duration: 1}
$data merge entity $(bone_right_arm) {transformation: [-0.5646f,-0.4796f,0.6717f,-0.221f,-0.6208f,-0.2896f,-0.7286f,-0.5799f,0.5439f,-0.8283f,-0.1342f,-0.0626f,0f,0f,0f,1f],start_interpolation: 0,interpolation_duration: 1}
$data merge entity $(bone_magazine1) {transformation: [0f,0f,0f,0.1144f,0f,0f,0f,-0.9426f,0f,0f,0f,0.276f,0f,0f,0f,1f],start_interpolation: 0,interpolation_duration: 1}
$data merge entity $(bone_left_arm) {transformation: [-0.9927f,0.1167f,0.0308f,0.163f,0.1073f,0.9698f,-0.2188f,-0.5945f,-0.0554f,-0.2139f,-0.9753f,0.081f,0f,0f,0f,1f],start_interpolation: 0,interpolation_duration: 1}
data modify entity @s data merge value {"cameras":{},"locators":{"barrel1":{"px":0.048651624195996085,"py":-0.3002292536834914,"pz":0.5135216346537105,"ry":329.9302827827643,"rx":-16.831425300224286}}}