# This file was generated by Animated Java via MC-Build. It is not recommended to edit this file directly.
$data merge entity $(bone_slide) {transformation: [-0.5468f,-0.6774f,-0.492f,-0.0769f,-0.6051f,0.7259f,-0.327f,-0.2962f,0.5787f,0.1189f,-0.8068f,0.3141f,0f,0f,0f,1f],start_interpolation: 0,interpolation_duration: 1}
$data merge entity $(bone_barrel) {transformation: [-0.5468f,-0.6774f,-0.492f,0.0654f,-0.6051f,0.7259f,-0.327f,-0.2704f,0.5787f,0.1189f,-0.8068f,0.2866f,0f,0f,0f,1f],start_interpolation: 0,interpolation_duration: 1}
$data merge entity $(bone_magazine) {transformation: [-0.5468f,-0.6774f,-0.492f,-0.0557f,-0.6051f,0.7259f,-0.327f,-0.4391f,0.5787f,0.1189f,-0.8068f,0.1847f,0f,0f,0f,1f],start_interpolation: 0,interpolation_duration: 1}
$data merge entity $(bone_grip) {transformation: [-0.5468f,-0.6774f,-0.492f,-0.0557f,-0.6051f,0.7259f,-0.327f,-0.4391f,0.5787f,0.1189f,-0.8068f,0.1847f,0f,0f,0f,1f],start_interpolation: 0,interpolation_duration: 1}
$data merge entity $(bone_trigger) {transformation: [-0.5468f,-0.6774f,-0.492f,-0.0436f,-0.6051f,0.7259f,-0.327f,-0.4259f,0.5787f,0.1189f,-0.8068f,0.21f,0f,0f,0f,1f],start_interpolation: 0,interpolation_duration: 1}
$data merge entity $(bone_trigger_gaurd) {transformation: [-0.5468f,-0.6774f,-0.492f,-0.0472f,-0.6051f,0.7259f,-0.327f,-0.3944f,0.5787f,0.1189f,-0.8068f,0.2396f,0f,0f,0f,1f],start_interpolation: 0,interpolation_duration: 1}
$data merge entity $(bone_right_arm) {transformation: [-0.5468f,-0.492f,0.6774f,-0.2216f,-0.6051f,-0.327f,-0.7259f,-0.5826f,0.5787f,-0.8068f,-0.1189f,-0.0626f,0f,0f,0f,1f],start_interpolation: 0,interpolation_duration: 1}
$data merge entity $(bone_magazine1) {transformation: [0f,0f,0f,0.1078f,0f,0f,0f,-0.9373f,0f,0f,0f,0.2901f,0f,0f,0f,1f],start_interpolation: 0,interpolation_duration: 1}
$data merge entity $(bone_left_arm) {transformation: [-0.9909f,0.1314f,0.0295f,0.1618f,0.1196f,0.9594f,-0.2554f,-0.5974f,-0.0619f,-0.2495f,-0.9664f,0.0824f,0f,0f,0f,1f],start_interpolation: 0,interpolation_duration: 1}
data modify entity @s data merge value {"cameras":{},"locators":{"barrel1":{"px":0.05580818683327102,"py":-0.27761773453780203,"pz":0.4967872398690004,"ry":328.6231207400923,"rx":-19.086286833333386}}}