# This file was generated by Animated Java via MC-Build. It is not recommended to edit this file directly.
$data merge entity $(bone_slide) {transformation: [-0.5455f,-0.6764f,-0.4949f,-0.0756f,-0.5966f,0.7281f,-0.3374f,-0.2921f,0.5886f,0.1112f,-0.8008f,0.3099f,0f,0f,0f,1f],start_interpolation: 0,interpolation_duration: 1}
$data merge entity $(bone_barrel) {transformation: [-0.5455f,-0.6764f,-0.4949f,0.0666f,-0.5966f,0.7281f,-0.3374f,-0.2668f,0.5886f,0.1112f,-0.8008f,0.2815f,0f,0f,0f,1f],start_interpolation: 0,interpolation_duration: 1}
$data merge entity $(bone_magazine) {transformation: [-0.5455f,-0.6764f,-0.4949f,-0.055f,-0.5966f,0.7281f,-0.3374f,-0.4368f,0.5886f,0.1112f,-0.8008f,0.1824f,0f,0f,0f,1f],start_interpolation: 0,interpolation_duration: 1}
$data merge entity $(bone_grip) {transformation: [-0.5455f,-0.6764f,-0.4949f,-0.055f,-0.5966f,0.7281f,-0.3374f,-0.4368f,0.5886f,0.1112f,-0.8008f,0.1824f,0f,0f,0f,1f],start_interpolation: 0,interpolation_duration: 1}
$data merge entity $(bone_trigger) {transformation: [-0.5455f,-0.6764f,-0.4949f,-0.0428f,-0.5966f,0.7281f,-0.3374f,-0.4232f,0.5886f,0.1112f,-0.8008f,0.2074f,0f,0f,0f,1f],start_interpolation: 0,interpolation_duration: 1}
$data merge entity $(bone_trigger_gaurd) {transformation: [-0.5455f,-0.6764f,-0.4949f,-0.0463f,-0.5966f,0.7281f,-0.3374f,-0.3913f,0.5886f,0.1112f,-0.8008f,0.2366f,0f,0f,0f,1f],start_interpolation: 0,interpolation_duration: 1}
$data merge entity $(bone_right_arm) {transformation: [-0.5455f,-0.4949f,0.6764f,-0.2217f,-0.5966f,-0.3374f,-0.7281f,-0.5834f,0.5886f,-0.8008f,-0.1112f,-0.0625f,0f,0f,0f,1f],start_interpolation: 0,interpolation_duration: 1}
$data merge entity $(bone_magazine1) {transformation: [0f,0f,0f,0.1057f,0f,0f,0f,-0.9354f,0f,0f,0f,0.2947f,0f,0f,0f,1f],start_interpolation: 0,interpolation_duration: 1}
$data merge entity $(bone_left_arm) {transformation: [-0.9903f,0.1361f,0.0289f,0.1615f,0.1236f,0.9557f,-0.2672f,-0.5983f,-0.0639f,-0.261f,-0.9632f,0.0829f,0f,0f,0f,1f],start_interpolation: 0,interpolation_duration: 1}
data modify entity @s data merge value {"cameras":{},"locators":{"barrel1":{"px":0.05768385444413453,"py":-0.2711513719359649,"pz":0.4918376183805312,"ry":328.2837334481079,"rx":-19.71917859245257}}}