# This file was generated by Animated Java via MC-Build. It is not recommended to edit this file directly.
$data merge entity $(bone_slide) {transformation: [-0.9931f,0.1011f,0.0593f,-0.1942f,0.1128f,0.9618f,0.2493f,-0.5758f,-0.0318f,0.2542f,-0.9666f,0.5392f,0f,0f,0f,1f],start_interpolation: 0,interpolation_duration: 1}
$data merge entity $(bone_barrel) {transformation: [-0.9931f,0.1011f,0.0593f,-0.0971f,0.1128f,0.9618f,0.2493f,-0.68f,-0.0318f,0.2542f,-0.9666f,0.5764f,0f,0f,0f,1f],start_interpolation: 0,interpolation_duration: 1}
$data merge entity $(bone_magazine) {transformation: [-0.9931f,0.1011f,0.0593f,-0.1993f,0.1128f,0.9618f,0.2493f,-0.6691f,-0.0318f,0.2542f,-0.9666f,0.3692f,0f,0f,0f,1f],start_interpolation: 0,interpolation_duration: 1}
$data merge entity $(bone_grip) {transformation: [-0.9931f,0.1011f,0.0593f,-0.1993f,0.1128f,0.9618f,0.2493f,-0.6691f,-0.0318f,0.2542f,-0.9666f,0.3692f,0f,0f,0f,1f],start_interpolation: 0,interpolation_duration: 1}
$data merge entity $(bone_trigger) {transformation: [-0.9931f,0.1011f,0.0593f,-0.2007f,0.1128f,0.9618f,0.2493f,-0.6725f,-0.0318f,0.2542f,-0.9666f,0.3999f,0f,0f,0f,1f],start_interpolation: 0,interpolation_duration: 1}
$data merge entity $(bone_trigger_gaurd) {transformation: [-0.9931f,0.1011f,0.0593f,-0.1997f,0.1128f,0.9618f,0.2493f,-0.6528f,-0.0318f,0.2542f,-0.9666f,0.4386f,0f,0f,0f,1f],start_interpolation: 0,interpolation_duration: 1}
$data merge entity $(bone_right_arm) {transformation: [-0.9931f,0.0593f,-0.1011f,-0.2161f,0.1128f,0.2493f,-0.9618f,-0.6038f,-0.0318f,-0.9666f,-0.2542f,0.0456f,0f,0f,0f,1f],start_interpolation: 0,interpolation_duration: 1}
$data merge entity $(bone_magazine1) {transformation: [0f,0f,0f,-0.0868f,0f,0f,0f,-0.6187f,0f,0f,0f,0.4834f,0f,0f,0f,1f],start_interpolation: 0,interpolation_duration: 1}
$data merge entity $(bone_left_arm) {transformation: [-0.9215f,0.177f,0.3456f,0.0213f,-0.2877f,0.2863f,-0.9139f,-0.6141f,-0.2607f,-0.9416f,-0.2129f,0.0963f,0f,0f,0f,1f],start_interpolation: 0,interpolation_duration: 1}
data modify entity @s data merge value {"cameras":{},"locators":{"barrel1":{"px":-0.23437903285806969,"py":-0.6804271840621252,"pz":0.7360108122697131,"ry":3.5092213581646376,"rx":14.434026419259608}}}