# This file was generated by Animated Java via MC-Build. It is not recommended to edit this file directly.
$data merge entity $(bone_slide) {transformation: [-0.5493f,-0.6704f,-0.4988f,-0.073f,-0.5761f,0.7362f,-0.3551f,-0.2848f,0.6053f,0.0923f,-0.7907f,0.302f,0f,0f,0f,1f],start_interpolation: 0,interpolation_duration: 1}
$data merge entity $(bone_barrel) {transformation: [-0.5493f,-0.6704f,-0.4988f,0.0694f,-0.5761f,0.7362f,-0.3551f,-0.2614f,0.6053f,0.0923f,-0.7907f,0.2728f,0f,0f,0f,1f],start_interpolation: 0,interpolation_duration: 1}
$data merge entity $(bone_magazine) {transformation: [-0.5493f,-0.6704f,-0.4988f,-0.0537f,-0.5761f,0.7362f,-0.3551f,-0.433f,0.6053f,0.0923f,-0.7907f,0.1784f,0f,0f,0f,1f],start_interpolation: 0,interpolation_duration: 1}
$data merge entity $(bone_grip) {transformation: [-0.5493f,-0.6704f,-0.4988f,-0.0537f,-0.5761f,0.7362f,-0.3551f,-0.433f,0.6053f,0.0923f,-0.7907f,0.1784f,0f,0f,0f,1f],start_interpolation: 0,interpolation_duration: 1}
$data merge entity $(bone_trigger) {transformation: [-0.5493f,-0.6704f,-0.4988f,-0.0414f,-0.5761f,0.7362f,-0.3551f,-0.4189f,0.6053f,0.0923f,-0.7907f,0.203f,0f,0f,0f,1f],start_interpolation: 0,interpolation_duration: 1}
$data merge entity $(bone_trigger_gaurd) {transformation: [-0.5493f,-0.6704f,-0.4988f,-0.0445f,-0.5761f,0.7362f,-0.3551f,-0.3861f,0.6053f,0.0923f,-0.7907f,0.2313f,0f,0f,0f,1f],start_interpolation: 0,interpolation_duration: 1}
$data merge entity $(bone_right_arm) {transformation: [-0.5493f,-0.4988f,0.6704f,-0.222f,-0.5761f,-0.3551f,-0.7362f,-0.5849f,0.6053f,-0.7907f,-0.0923f,-0.0621f,0f,0f,0f,1f],start_interpolation: 0,interpolation_duration: 1}
$data merge entity $(bone_magazine1) {transformation: [0f,0f,0f,0.1018f,0f,0f,0f,-0.9314f,0f,0f,0f,0.3036f,0f,0f,0f,1f],start_interpolation: 0,interpolation_duration: 1}
$data merge entity $(bone_left_arm) {transformation: [-0.989f,0.1453f,0.0272f,0.1609f,0.1313f,0.948f,-0.29f,-0.5999f,-0.068f,-0.2832f,-0.9567f,0.084f,0f,0f,0f,1f],start_interpolation: 0,interpolation_duration: 1}
data modify entity @s data merge value {"cameras":{},"locators":{"barrel1":{"px":0.06074206158984549,"py":-0.25994421875070217,"pz":0.48313511678343957,"ry":327.7543616057669,"rx":-20.79766700898997}}}