# This file was generated by Animated Java via MC-Build. It is not recommended to edit this file directly.
$data merge entity $(bone_slide) {transformation: [-0.5605f,-0.6599f,-0.5004f,-0.0704f,-0.5518f,0.7481f,-0.3686f,-0.2787f,0.6176f,0.0695f,-0.7834f,0.2952f,0f,0f,0f,1f],start_interpolation: 0,interpolation_duration: 1}
$data merge entity $(bone_barrel) {transformation: [-0.5605f,-0.6599f,-0.5004f,0.0725f,-0.5518f,0.7481f,-0.3686f,-0.2582f,0.6176f,0.0695f,-0.7834f,0.2661f,0f,0f,0f,1f],start_interpolation: 0,interpolation_duration: 1}
$data merge entity $(bone_magazine) {transformation: [-0.5605f,-0.6599f,-0.5004f,-0.0527f,-0.5518f,0.7481f,-0.3686f,-0.4304f,0.6176f,0.0695f,-0.7834f,0.1757f,0f,0f,0f,1f],start_interpolation: 0,interpolation_duration: 1}
$data merge entity $(bone_grip) {transformation: [-0.5605f,-0.6599f,-0.5004f,-0.0527f,-0.5518f,0.7481f,-0.3686f,-0.4304f,0.6176f,0.0695f,-0.7834f,0.1757f,0f,0f,0f,1f],start_interpolation: 0,interpolation_duration: 1}
$data merge entity $(bone_trigger) {transformation: [-0.5605f,-0.6599f,-0.5004f,-0.0403f,-0.5518f,0.7481f,-0.3686f,-0.4159f,0.6176f,0.0695f,-0.7834f,0.2f,0f,0f,0f,1f],start_interpolation: 0,interpolation_duration: 1}
$data merge entity $(bone_trigger_gaurd) {transformation: [-0.5605f,-0.6599f,-0.5004f,-0.0431f,-0.5518f,0.7481f,-0.3686f,-0.3823f,0.6176f,0.0695f,-0.7834f,0.2274f,0f,0f,0f,1f],start_interpolation: 0,interpolation_duration: 1}
$data merge entity $(bone_right_arm) {transformation: [-0.5605f,-0.5004f,0.6599f,-0.2221f,-0.5518f,-0.3686f,-0.7481f,-0.5861f,0.6176f,-0.7834f,-0.0695f,-0.0616f,0f,0f,0f,1f],start_interpolation: 0,interpolation_duration: 1}
$data merge entity $(bone_magazine1) {transformation: [0f,0f,0f,0.0983f,0f,0f,0f,-0.9273f,0f,0f,0f,0.3121f,0f,0f,0f,1f],start_interpolation: 0,interpolation_duration: 1}
$data merge entity $(bone_left_arm) {transformation: [-0.9877f,0.154f,0.0253f,0.1605f,0.1386f,0.9401f,-0.3115f,-0.6013f,-0.0718f,-0.3042f,-0.9499f,0.0852f,0f,0f,0f,1f],start_interpolation: 0,interpolation_duration: 1}
data modify entity @s data merge value {"cameras":{},"locators":{"barrel1":{"px":0.06290624621543278,"py":-0.2510523677398814,"pz":0.47625438804445774,"ry":327.43180608287776,"rx":-21.627005973116404}}}