# This file was generated by Animated Java via MC-Build. It is not recommended to edit this file directly.
$data merge entity $(bone_slide) {transformation: [-0.5685f,-0.6531f,-0.5004f,-0.0691f,-0.5385f,0.7552f,-0.3738f,-0.2762f,0.622f,0.057f,-0.781f,0.2922f,0f,0f,0f,1f],start_interpolation: 0,interpolation_duration: 1}
$data merge entity $(bone_barrel) {transformation: [-0.5685f,-0.6531f,-0.5004f,0.0741f,-0.5385f,0.7552f,-0.3738f,-0.2573f,0.622f,0.057f,-0.781f,0.2635f,0f,0f,0f,1f],start_interpolation: 0,interpolation_duration: 1}
$data merge entity $(bone_magazine) {transformation: [-0.5685f,-0.6531f,-0.5004f,-0.0523f,-0.5385f,0.7552f,-0.3738f,-0.4295f,0.622f,0.057f,-0.781f,0.1747f,0f,0f,0f,1f],start_interpolation: 0,interpolation_duration: 1}
$data merge entity $(bone_grip) {transformation: [-0.5685f,-0.6531f,-0.5004f,-0.0523f,-0.5385f,0.7552f,-0.3738f,-0.4295f,0.622f,0.057f,-0.781f,0.1747f,0f,0f,0f,1f],start_interpolation: 0,interpolation_duration: 1}
$data merge entity $(bone_trigger) {transformation: [-0.5685f,-0.6531f,-0.5004f,-0.0399f,-0.5385f,0.7552f,-0.3738f,-0.4148f,0.622f,0.057f,-0.781f,0.1989f,0f,0f,0f,1f],start_interpolation: 0,interpolation_duration: 1}
$data merge entity $(bone_trigger_gaurd) {transformation: [-0.5685f,-0.6531f,-0.5004f,-0.0425f,-0.5385f,0.7552f,-0.3738f,-0.3809f,0.622f,0.057f,-0.781f,0.2259f,0f,0f,0f,1f],start_interpolation: 0,interpolation_duration: 1}
$data merge entity $(bone_right_arm) {transformation: [-0.5685f,-0.5004f,0.6531f,-0.2222f,-0.5385f,-0.3738f,-0.7552f,-0.5867f,0.622f,-0.781f,-0.057f,-0.0613f,0f,0f,0f,1f],start_interpolation: 0,interpolation_duration: 1}
$data merge entity $(bone_magazine1) {transformation: [0f,0f,0f,0.0967f,0f,0f,0f,-0.9252f,0f,0f,0f,0.3161f,0f,0f,0f,1f],start_interpolation: 0,interpolation_duration: 1}
$data merge entity $(bone_left_arm) {transformation: [-0.9871f,0.1581f,0.0243f,0.1604f,0.142f,0.9361f,-0.3218f,-0.602f,-0.0736f,-0.3142f,-0.9465f,0.0858f,0f,0f,0f,1f],start_interpolation: 0,interpolation_duration: 1}
data modify entity @s data merge value {"cameras":{},"locators":{"barrel1":{"px":0.06364714681919548,"py":-0.24745791634655293,"pz":0.47356837390109013,"ry":327.3515253460058,"rx":-21.950536863094907}}}