# This file was generated by Animated Java via MC-Build. It is not recommended to edit this file directly.
$data merge entity $(bone_slide) {transformation: [-0.5778f,-0.6452f,-0.4998f,-0.0678f,-0.5247f,0.7627f,-0.3781f,-0.2739f,0.6251f,0.0438f,-0.7793f,0.2897f,0f,0f,0f,1f],start_interpolation: 0,interpolation_duration: 1}
$data merge entity $(bone_barrel) {transformation: [-0.5778f,-0.6452f,-0.4998f,0.0757f,-0.5247f,0.7627f,-0.3781f,-0.257f,0.6251f,0.0438f,-0.7793f,0.2616f,0f,0f,0f,1f],start_interpolation: 0,interpolation_duration: 1}
$data merge entity $(bone_magazine) {transformation: [-0.5778f,-0.6452f,-0.4998f,-0.052f,-0.5247f,0.7627f,-0.3781f,-0.4289f,0.6251f,0.0438f,-0.7793f,0.1742f,0f,0f,0f,1f],start_interpolation: 0,interpolation_duration: 1}
$data merge entity $(bone_grip) {transformation: [-0.5778f,-0.6452f,-0.4998f,-0.052f,-0.5247f,0.7627f,-0.3781f,-0.4289f,0.6251f,0.0438f,-0.7793f,0.1742f,0f,0f,0f,1f],start_interpolation: 0,interpolation_duration: 1}
$data merge entity $(bone_trigger) {transformation: [-0.5778f,-0.6452f,-0.4998f,-0.0395f,-0.5247f,0.7627f,-0.3781f,-0.414f,0.6251f,0.0438f,-0.7793f,0.1982f,0f,0f,0f,1f],start_interpolation: 0,interpolation_duration: 1}
$data merge entity $(bone_trigger_gaurd) {transformation: [-0.5778f,-0.6452f,-0.4998f,-0.042f,-0.5247f,0.7627f,-0.3781f,-0.3797f,0.6251f,0.0438f,-0.7793f,0.2248f,0f,0f,0f,1f],start_interpolation: 0,interpolation_duration: 1}
$data merge entity $(bone_right_arm) {transformation: [-0.5778f,-0.4998f,0.6452f,-0.2221f,-0.5247f,-0.3781f,-0.7627f,-0.5872f,0.6251f,-0.7793f,-0.0438f,-0.0609f,0f,0f,0f,1f],start_interpolation: 0,interpolation_duration: 1}
$data merge entity $(bone_magazine1) {transformation: [0f,0f,0f,0.0952f,0f,0f,0f,-0.9231f,0f,0f,0f,0.3201f,0f,0f,0f,1f],start_interpolation: 0,interpolation_duration: 1}
$data merge entity $(bone_left_arm) {transformation: [-0.9865f,0.1621f,0.0231f,0.1603f,0.1454f,0.9321f,-0.3317f,-0.6025f,-0.0753f,-0.3238f,-0.9431f,0.0864f,0f,0f,0f,1f],start_interpolation: 0,interpolation_duration: 1}
data modify entity @s data merge value {"cameras":{},"locators":{"barrel1":{"px":0.06414792637010042,"py":-0.24441406872607896,"pz":0.47141683256765654,"ry":327.3273354391131,"rx":-22.215297633031906}}}