# This file was generated by Animated Java via MC-Build. It is not recommended to edit this file directly.
$data merge entity $(bone_slide) {transformation: [-0.5885f,-0.6365f,-0.4986f,-0.0666f,-0.5104f,0.7707f,-0.3814f,-0.272f,0.627f,0.03f,-0.7784f,0.2875f,0f,0f,0f,1f],start_interpolation: 0,interpolation_duration: 1}
$data merge entity $(bone_barrel) {transformation: [-0.5885f,-0.6365f,-0.4986f,0.0773f,-0.5104f,0.7707f,-0.3814f,-0.2571f,0.627f,0.03f,-0.7784f,0.2602f,0f,0f,0f,1f],start_interpolation: 0,interpolation_duration: 1}
$data merge entity $(bone_magazine) {transformation: [-0.5885f,-0.6365f,-0.4986f,-0.0518f,-0.5104f,0.7707f,-0.3814f,-0.4286f,0.627f,0.03f,-0.7784f,0.1739f,0f,0f,0f,1f],start_interpolation: 0,interpolation_duration: 1}
$data merge entity $(bone_grip) {transformation: [-0.5885f,-0.6365f,-0.4986f,-0.0518f,-0.5104f,0.7707f,-0.3814f,-0.4286f,0.627f,0.03f,-0.7784f,0.1739f,0f,0f,0f,1f],start_interpolation: 0,interpolation_duration: 1}
$data merge entity $(bone_trigger) {transformation: [-0.5885f,-0.6365f,-0.4986f,-0.0393f,-0.5104f,0.7707f,-0.3814f,-0.4135f,0.627f,0.03f,-0.7784f,0.1979f,0f,0f,0f,1f],start_interpolation: 0,interpolation_duration: 1}
$data merge entity $(bone_trigger_gaurd) {transformation: [-0.5885f,-0.6365f,-0.4986f,-0.0415f,-0.5104f,0.7707f,-0.3814f,-0.3789f,0.627f,0.03f,-0.7784f,0.224f,0f,0f,0f,1f],start_interpolation: 0,interpolation_duration: 1}
$data merge entity $(bone_right_arm) {transformation: [-0.5885f,-0.4986f,0.6365f,-0.2221f,-0.5104f,-0.3814f,-0.7707f,-0.5876f,0.627f,-0.7784f,-0.03f,-0.0605f,0f,0f,0f,1f],start_interpolation: 0,interpolation_duration: 1}
$data merge entity $(bone_magazine1) {transformation: [0f,0f,0f,0.0939f,0f,0f,0f,-0.921f,0f,0f,0f,0.3239f,0f,0f,0f,1f],start_interpolation: 0,interpolation_duration: 1}
$data merge entity $(bone_left_arm) {transformation: [-0.9859f,0.1659f,0.022f,0.1603f,0.1486f,0.9282f,-0.3412f,-0.603f,-0.077f,-0.3331f,-0.9397f,0.087f,0f,0f,0f,1f],start_interpolation: 0,interpolation_duration: 1}
data modify entity @s data merge value {"cameras":{},"locators":{"barrel1":{"px":0.06439329678408098,"py":-0.24190494746341049,"pz":0.46981992213160284,"ry":327.36092254730863,"rx":-22.423071645000604}}}