# This file was generated by Animated Java via MC-Build. It is not recommended to edit this file directly.
$data merge entity $(bone_slide) {transformation: [-0.6002f,-0.6269f,-0.4968f,-0.0655f,-0.4959f,0.7789f,-0.3839f,-0.2704f,0.6276f,0.0159f,-0.7784f,0.2857f,0f,0f,0f,1f],start_interpolation: 0,interpolation_duration: 1}
$data merge entity $(bone_barrel) {transformation: [-0.6002f,-0.6269f,-0.4968f,0.0789f,-0.4959f,0.7789f,-0.3839f,-0.2577f,0.6276f,0.0159f,-0.7784f,0.2595f,0f,0f,0f,1f],start_interpolation: 0,interpolation_duration: 1}
$data merge entity $(bone_magazine) {transformation: [-0.6002f,-0.6269f,-0.4968f,-0.0517f,-0.4959f,0.7789f,-0.3839f,-0.4284f,0.6276f,0.0159f,-0.7784f,0.174f,0f,0f,0f,1f],start_interpolation: 0,interpolation_duration: 1}
$data merge entity $(bone_grip) {transformation: [-0.6002f,-0.6269f,-0.4968f,-0.0517f,-0.4959f,0.7789f,-0.3839f,-0.4284f,0.6276f,0.0159f,-0.7784f,0.174f,0f,0f,0f,1f],start_interpolation: 0,interpolation_duration: 1}
$data merge entity $(bone_trigger) {transformation: [-0.6002f,-0.6269f,-0.4968f,-0.0392f,-0.4959f,0.7789f,-0.3839f,-0.4133f,0.6276f,0.0159f,-0.7784f,0.1979f,0f,0f,0f,1f],start_interpolation: 0,interpolation_duration: 1}
$data merge entity $(bone_trigger_gaurd) {transformation: [-0.6002f,-0.6269f,-0.4968f,-0.0412f,-0.4959f,0.7789f,-0.3839f,-0.3783f,0.6276f,0.0159f,-0.7784f,0.2236f,0f,0f,0f,1f],start_interpolation: 0,interpolation_duration: 1}
$data merge entity $(bone_right_arm) {transformation: [-0.6002f,-0.4968f,0.6269f,-0.222f,-0.4959f,-0.3839f,-0.7789f,-0.5879f,0.6276f,-0.7784f,-0.0159f,-0.0601f,0f,0f,0f,1f],start_interpolation: 0,interpolation_duration: 1}
$data merge entity $(bone_magazine1) {transformation: [0f,0f,0f,0.0926f,0f,0f,0f,-0.9188f,0f,0f,0f,0.3275f,0f,0f,0f,1f],start_interpolation: 0,interpolation_duration: 1}
$data merge entity $(bone_left_arm) {transformation: [-0.9853f,0.1695f,0.0208f,0.1603f,0.1517f,0.9243f,-0.3503f,-0.6034f,-0.0786f,-0.342f,-0.9364f,0.0877f,0f,0f,0f,1f],start_interpolation: 0,interpolation_duration: 1}
data modify entity @s data merge value {"cameras":{},"locators":{"barrel1":{"px":0.06436357978761478,"py":-0.23991334624401192,"pz":0.46879524405965434,"ry":327.4540327638493,"rx":-22.575761953416993}}}