# This file was generated by Animated Java via MC-Build. It is not recommended to edit this file directly.
$data merge entity $(bone_slide) {transformation: [-0.6128f,-0.6165f,-0.4943f,-0.0644f,-0.4811f,0.7873f,-0.3855f,-0.2692f,0.6269f,0.0016f,-0.7791f,0.2843f,0f,0f,0f,1f],start_interpolation: 0,interpolation_duration: 1}
$data merge entity $(bone_barrel) {transformation: [-0.6128f,-0.6165f,-0.4943f,0.0803f,-0.4811f,0.7873f,-0.3855f,-0.2586f,0.6269f,0.0016f,-0.7791f,0.2594f,0f,0f,0f,1f],start_interpolation: 0,interpolation_duration: 1}
$data merge entity $(bone_magazine) {transformation: [-0.6128f,-0.6165f,-0.4943f,-0.0517f,-0.4811f,0.7873f,-0.3855f,-0.4285f,0.6269f,0.0016f,-0.7791f,0.1745f,0f,0f,0f,1f],start_interpolation: 0,interpolation_duration: 1}
$data merge entity $(bone_grip) {transformation: [-0.6128f,-0.6165f,-0.4943f,-0.0517f,-0.4811f,0.7873f,-0.3855f,-0.4285f,0.6269f,0.0016f,-0.7791f,0.1745f,0f,0f,0f,1f],start_interpolation: 0,interpolation_duration: 1}
$data merge entity $(bone_trigger) {transformation: [-0.6128f,-0.6165f,-0.4943f,-0.0392f,-0.4811f,0.7873f,-0.3855f,-0.4133f,0.6269f,0.0016f,-0.7791f,0.1983f,0f,0f,0f,1f],start_interpolation: 0,interpolation_duration: 1}
$data merge entity $(bone_trigger_gaurd) {transformation: [-0.6128f,-0.6165f,-0.4943f,-0.041f,-0.4811f,0.7873f,-0.3855f,-0.378f,0.6269f,0.0016f,-0.7791f,0.2236f,0f,0f,0f,1f],start_interpolation: 0,interpolation_duration: 1}
$data merge entity $(bone_right_arm) {transformation: [-0.6128f,-0.4943f,0.6165f,-0.2218f,-0.4811f,-0.3855f,-0.7873f,-0.5882f,0.6269f,-0.7791f,-0.0016f,-0.0596f,0f,0f,0f,1f],start_interpolation: 0,interpolation_duration: 1}
$data merge entity $(bone_magazine1) {transformation: [0f,0f,0f,0.0915f,0f,0f,0f,-0.9167f,0f,0f,0f,0.3311f,0f,0f,0f,1f],start_interpolation: 0,interpolation_duration: 1}
$data merge entity $(bone_left_arm) {transformation: [-0.9847f,0.173f,0.0196f,0.1604f,0.1546f,0.9205f,-0.3589f,-0.6037f,-0.0801f,-0.3504f,-0.9332f,0.0883f,0f,0f,0f,1f],start_interpolation: 0,interpolation_duration: 1}
data modify entity @s data merge value {"cameras":{},"locators":{"barrel1":{"px":0.06403497896702073,"py":-0.2384215732871371,"pz":0.46835800480281775,"ry":327.60844383463444,"rx":-22.675305020398373}}}