# This file was generated by Animated Java via MC-Build. It is not recommended to edit this file directly.
$data merge entity $(bone_slide) {transformation: [-0.6263f,-0.6054f,-0.4912f,-0.0635f,-0.4663f,0.7958f,-0.3863f,-0.2682f,0.6247f,-0.0129f,-0.7807f,0.2834f,0f,0f,0f,1f],start_interpolation: 0,interpolation_duration: 1}
$data merge entity $(bone_barrel) {transformation: [-0.6263f,-0.6054f,-0.4912f,0.0817f,-0.4663f,0.7958f,-0.3863f,-0.2599f,0.6247f,-0.0129f,-0.7807f,0.26f,0f,0f,0f,1f],start_interpolation: 0,interpolation_duration: 1}
$data merge entity $(bone_magazine) {transformation: [-0.6263f,-0.6054f,-0.4912f,-0.0518f,-0.4663f,0.7958f,-0.3863f,-0.4288f,0.6247f,-0.0129f,-0.7807f,0.1752f,0f,0f,0f,1f],start_interpolation: 0,interpolation_duration: 1}
$data merge entity $(bone_grip) {transformation: [-0.6263f,-0.6054f,-0.4912f,-0.0518f,-0.4663f,0.7958f,-0.3863f,-0.4288f,0.6247f,-0.0129f,-0.7807f,0.1752f,0f,0f,0f,1f],start_interpolation: 0,interpolation_duration: 1}
$data merge entity $(bone_trigger) {transformation: [-0.6263f,-0.6054f,-0.4912f,-0.0394f,-0.4663f,0.7958f,-0.3863f,-0.4135f,0.6247f,-0.0129f,-0.7807f,0.1991f,0f,0f,0f,1f],start_interpolation: 0,interpolation_duration: 1}
$data merge entity $(bone_trigger_gaurd) {transformation: [-0.6263f,-0.6054f,-0.4912f,-0.0409f,-0.4663f,0.7958f,-0.3863f,-0.3779f,0.6247f,-0.0129f,-0.7807f,0.224f,0f,0f,0f,1f],start_interpolation: 0,interpolation_duration: 1}
$data merge entity $(bone_right_arm) {transformation: [-0.6263f,-0.4912f,0.6054f,-0.2216f,-0.4663f,-0.3863f,-0.7958f,-0.5884f,0.6247f,-0.7807f,0.0129f,-0.0591f,0f,0f,0f,1f],start_interpolation: 0,interpolation_duration: 1}
$data merge entity $(bone_magazine1) {transformation: [0f,0f,0f,0.0906f,0f,0f,0f,-0.9145f,0f,0f,0f,0.3344f,0f,0f,0f,1f],start_interpolation: 0,interpolation_duration: 1}
$data merge entity $(bone_left_arm) {transformation: [-0.9842f,0.1762f,0.0184f,0.1606f,0.1573f,0.9168f,-0.3671f,-0.604f,-0.0816f,-0.3584f,-0.93f,0.089f,0f,0f,0f,1f],start_interpolation: 0,interpolation_duration: 1}
data modify entity @s data merge value {"cameras":{},"locators":{"barrel1":{"px":0.06337989208066883,"py":-0.23741223126989924,"pz":0.46852112713613964,"ry":327.82593695813625,"rx":-22.72358974772109}}}