# This file was generated by Animated Java via MC-Build. It is not recommended to edit this file directly.
$data merge entity $(bone_slide) {transformation: [-0.6405f,-0.5936f,-0.4873f,-0.0627f,-0.4515f,0.8043f,-0.3863f,-0.2675f,0.6212f,-0.0274f,-0.7832f,0.2829f,0f,0f,0f,1f],start_interpolation: 0,interpolation_duration: 1}
$data merge entity $(bone_barrel) {transformation: [-0.6405f,-0.5936f,-0.4873f,0.0828f,-0.4515f,0.8043f,-0.3863f,-0.2615f,0.6212f,-0.0274f,-0.7832f,0.2612f,0f,0f,0f,1f],start_interpolation: 0,interpolation_duration: 1}
$data merge entity $(bone_magazine) {transformation: [-0.6405f,-0.5936f,-0.4873f,-0.052f,-0.4515f,0.8043f,-0.3863f,-0.4292f,0.6212f,-0.0274f,-0.7832f,0.1763f,0f,0f,0f,1f],start_interpolation: 0,interpolation_duration: 1}
$data merge entity $(bone_grip) {transformation: [-0.6405f,-0.5936f,-0.4873f,-0.052f,-0.4515f,0.8043f,-0.3863f,-0.4292f,0.6212f,-0.0274f,-0.7832f,0.1763f,0f,0f,0f,1f],start_interpolation: 0,interpolation_duration: 1}
$data merge entity $(bone_trigger) {transformation: [-0.6405f,-0.5936f,-0.4873f,-0.0397f,-0.4515f,0.8043f,-0.3863f,-0.4139f,0.6212f,-0.0274f,-0.7832f,0.2002f,0f,0f,0f,1f],start_interpolation: 0,interpolation_duration: 1}
$data merge entity $(bone_trigger_gaurd) {transformation: [-0.6405f,-0.5936f,-0.4873f,-0.041f,-0.4515f,0.8043f,-0.3863f,-0.3781f,0.6212f,-0.0274f,-0.7832f,0.2248f,0f,0f,0f,1f],start_interpolation: 0,interpolation_duration: 1}
$data merge entity $(bone_right_arm) {transformation: [-0.6405f,-0.4873f,0.5936f,-0.2213f,-0.4515f,-0.3863f,-0.8043f,-0.5885f,0.6212f,-0.7832f,0.0274f,-0.0586f,0f,0f,0f,1f],start_interpolation: 0,interpolation_duration: 1}
$data merge entity $(bone_magazine1) {transformation: [0f,0f,0f,0.0898f,0f,0f,0f,-0.9124f,0f,0f,0f,0.3376f,0f,0f,0f,1f],start_interpolation: 0,interpolation_duration: 1}
$data merge entity $(bone_left_arm) {transformation: [-0.9836f,0.1793f,0.0172f,0.1608f,0.1599f,0.9132f,-0.3748f,-0.6041f,-0.0829f,-0.3659f,-0.927f,0.0896f,0f,0f,0f,1f],start_interpolation: 0,interpolation_duration: 1}
data modify entity @s data merge value {"cameras":{},"locators":{"barrel1":{"px":0.06236725442594586,"py":-0.23686896145352643,"pz":0.469295311136196,"ry":328.1082685658822,"rx":-22.722380177760403}}}