# This file was generated by Animated Java via MC-Build. It is not recommended to edit this file directly.
$data merge entity $(bone_slide) {transformation: [-0.9951f,0.0962f,0.0232f,-0.1794f,0.098f,0.9904f,0.098f,-0.4794f,-0.0136f,0.0998f,-0.9949f,0.5303f,0f,0f,0f,1f],start_interpolation: 0,interpolation_duration: 1}
$data merge entity $(bone_barrel) {transformation: [-0.9951f,0.0962f,0.0232f,-0.0796f,0.098f,0.9904f,0.098f,-0.5758f,-0.0136f,0.0998f,-0.9949f,0.5796f,0f,0f,0f,1f],start_interpolation: 0,interpolation_duration: 1}
$data merge entity $(bone_magazine) {transformation: [-0.9951f,0.0962f,0.0232f,-0.189f,0.098f,0.9904f,0.098f,-0.5979f,-0.0136f,0.0998f,-0.9949f,0.377f,0f,0f,0f,1f],start_interpolation: 0,interpolation_duration: 1}
$data merge entity $(bone_grip) {transformation: [-0.9951f,0.0962f,0.0232f,-0.189f,0.098f,0.9904f,0.098f,-0.5979f,-0.0136f,0.0998f,-0.9949f,0.377f,0f,0f,0f,1f],start_interpolation: 0,interpolation_duration: 1}
$data merge entity $(bone_trigger) {transformation: [-0.9951f,0.0962f,0.0232f,-0.1892f,0.098f,0.9904f,0.098f,-0.5965f,-0.0136f,0.0998f,-0.9949f,0.4079f,0f,0f,0f,1f],start_interpolation: 0,interpolation_duration: 1}
$data merge entity $(bone_trigger_gaurd) {transformation: [-0.9951f,0.0962f,0.0232f,-0.1872f,0.098f,0.9904f,0.098f,-0.5711f,-0.0136f,0.0998f,-0.9949f,0.443f,0f,0f,0f,1f],start_interpolation: 0,interpolation_duration: 1}
$data merge entity $(bone_right_arm) {transformation: [-0.9951f,0.0232f,-0.0962f,-0.2176f,0.098f,0.098f,-0.9904f,-0.5833f,-0.0136f,-0.9949f,-0.0998f,0.048f,0f,0f,0f,1f],start_interpolation: 0,interpolation_duration: 1}
$data merge entity $(bone_magazine1) {transformation: [0f,0f,0f,-0.1612f,0f,0f,0f,-0.5481f,0f,0f,0f,0.4486f,0f,0f,0f,1f],start_interpolation: 0,interpolation_duration: 1}
$data merge entity $(bone_left_arm) {transformation: [-0.8802f,0.2788f,0.3841f,-0.0095f,-0.3502f,0.1646f,-0.9221f,-0.5912f,-0.3203f,-0.9461f,-0.0472f,0.0789f,0f,0f,0f,1f],start_interpolation: 0,interpolation_duration: 1}
data modify entity @s data merge value {"cameras":{},"locators":{"barrel1":{"px":-0.21148811091818964,"py":-0.5528980368986008,"pz":0.7421519796114697,"ry":1.3367585657336747,"rx":5.622649897434903}}}