# This file was generated by Animated Java via MC-Build. It is not recommended to edit this file directly.
$data merge entity $(bone_slide) {transformation: [-0.6552f,-0.5812f,-0.4827f,-0.0621f,-0.4369f,0.8127f,-0.3855f,-0.2671f,0.6163f,-0.0417f,-0.7864f,0.2829f,0f,0f,0f,1f],start_interpolation: 0,interpolation_duration: 1}
$data merge entity $(bone_barrel) {transformation: [-0.6552f,-0.5812f,-0.4827f,0.0838f,-0.4369f,0.8127f,-0.3855f,-0.2634f,0.6163f,-0.0417f,-0.7864f,0.2631f,0f,0f,0f,1f],start_interpolation: 0,interpolation_duration: 1}
$data merge entity $(bone_magazine) {transformation: [-0.6552f,-0.5812f,-0.4827f,-0.0524f,-0.4369f,0.8127f,-0.3855f,-0.4298f,0.6163f,-0.0417f,-0.7864f,0.1778f,0f,0f,0f,1f],start_interpolation: 0,interpolation_duration: 1}
$data merge entity $(bone_grip) {transformation: [-0.6552f,-0.5812f,-0.4827f,-0.0524f,-0.4369f,0.8127f,-0.3855f,-0.4298f,0.6163f,-0.0417f,-0.7864f,0.1778f,0f,0f,0f,1f],start_interpolation: 0,interpolation_duration: 1}
$data merge entity $(bone_trigger) {transformation: [-0.6552f,-0.5812f,-0.4827f,-0.0402f,-0.4369f,0.8127f,-0.3855f,-0.4145f,0.6163f,-0.0417f,-0.7864f,0.2017f,0f,0f,0f,1f],start_interpolation: 0,interpolation_duration: 1}
$data merge entity $(bone_trigger_gaurd) {transformation: [-0.6552f,-0.5812f,-0.4827f,-0.0413f,-0.4369f,0.8127f,-0.3855f,-0.3785f,0.6163f,-0.0417f,-0.7864f,0.226f,0f,0f,0f,1f],start_interpolation: 0,interpolation_duration: 1}
$data merge entity $(bone_right_arm) {transformation: [-0.6552f,-0.4827f,0.5812f,-0.221f,-0.4369f,-0.3855f,-0.8127f,-0.5885f,0.6163f,-0.7864f,0.0417f,-0.0581f,0f,0f,0f,1f],start_interpolation: 0,interpolation_duration: 1}
$data merge entity $(bone_magazine1) {transformation: [0f,0f,0f,0.0891f,0f,0f,0f,-0.9104f,0f,0f,0f,0.3407f,0f,0f,0f,1f],start_interpolation: 0,interpolation_duration: 1}
$data merge entity $(bone_left_arm) {transformation: [-0.9831f,0.1821f,0.0161f,0.1611f,0.1623f,0.9098f,-0.382f,-0.6042f,-0.0842f,-0.3729f,-0.924f,0.0903f,0f,0f,0f,1f],start_interpolation: 0,interpolation_duration: 1}
data modify entity @s data merge value {"cameras":{},"locators":{"barrel1":{"px":0.060962908928503534,"py":-0.23677717874450932,"pz":0.4706890461123994,"ry":328.4571416770078,"rx":-22.67324026849714}}}