# This file was generated by Animated Java via MC-Build. It is not recommended to edit this file directly.
$data merge entity $(bone_slide) {transformation: [-0.6857f,-0.5549f,-0.4711f,-0.0616f,-0.4088f,0.829f,-0.3817f,-0.2671f,0.6023f,-0.0691f,-0.7953f,0.2844f,0f,0f,0f,1f],start_interpolation: 0,interpolation_duration: 1}
$data merge entity $(bone_barrel) {transformation: [-0.6857f,-0.5549f,-0.4711f,0.0848f,-0.4088f,0.829f,-0.3817f,-0.268f,0.6023f,-0.0691f,-0.7953f,0.2689f,0f,0f,0f,1f],start_interpolation: 0,interpolation_duration: 1}
$data merge entity $(bone_magazine) {transformation: [-0.6857f,-0.5549f,-0.4711f,-0.0538f,-0.4088f,0.829f,-0.3817f,-0.4315f,0.6023f,-0.0691f,-0.7953f,0.1818f,0f,0f,0f,1f],start_interpolation: 0,interpolation_duration: 1}
$data merge entity $(bone_grip) {transformation: [-0.6857f,-0.5549f,-0.4711f,-0.0538f,-0.4088f,0.829f,-0.3817f,-0.4315f,0.6023f,-0.0691f,-0.7953f,0.1818f,0f,0f,0f,1f],start_interpolation: 0,interpolation_duration: 1}
$data merge entity $(bone_trigger) {transformation: [-0.6857f,-0.5549f,-0.4711f,-0.0418f,-0.4088f,0.829f,-0.3817f,-0.4162f,0.6023f,-0.0691f,-0.7953f,0.2058f,0f,0f,0f,1f],start_interpolation: 0,interpolation_duration: 1}
$data merge entity $(bone_trigger_gaurd) {transformation: [-0.6857f,-0.5549f,-0.4711f,-0.0425f,-0.4088f,0.829f,-0.3817f,-0.3798f,0.6023f,-0.0691f,-0.7953f,0.2296f,0f,0f,0f,1f],start_interpolation: 0,interpolation_duration: 1}
$data merge entity $(bone_right_arm) {transformation: [-0.6857f,-0.4711f,0.5549f,-0.2201f,-0.4088f,-0.3817f,-0.829f,-0.5883f,0.6023f,-0.7953f,0.0691f,-0.0569f,0f,0f,0f,1f],start_interpolation: 0,interpolation_duration: 1}
$data merge entity $(bone_magazine1) {transformation: [0f,0f,0f,0.0882f,0f,0f,0f,-0.9063f,0f,0f,0f,0.3462f,0f,0f,0f,1f],start_interpolation: 0,interpolation_duration: 1}
$data merge entity $(bone_left_arm) {transformation: [-0.9823f,0.1871f,0.0139f,0.1619f,0.1665f,0.9036f,-0.3948f,-0.604f,-0.0864f,-0.3854f,-0.9187f,0.0916f,0f,0f,0f,1f],start_interpolation: 0,interpolation_duration: 1}
data modify entity @s data merge value {"cameras":{},"locators":{"barrel1":{"px":0.05682941336152118,"py":-0.23790314961882142,"pz":0.4753578176554504,"ry":329.36087682678595,"rx":-22.435976109070097}}}