# This file was generated by Animated Java via MC-Build. It is not recommended to edit this file directly.
$data merge entity $(bone_slide) {transformation: [-0.7013f,-0.5413f,-0.4639f,-0.0617f,-0.3955f,0.8368f,-0.3786f,-0.2675f,0.5932f,-0.0821f,-0.8009f,0.286f,0f,0f,0f,1f],start_interpolation: 0,interpolation_duration: 1}
$data merge entity $(bone_barrel) {transformation: [-0.7013f,-0.5413f,-0.4639f,0.0849f,-0.3955f,0.8368f,-0.3786f,-0.2707f,0.5932f,-0.0821f,-0.8009f,0.2728f,0f,0f,0f,1f],start_interpolation: 0,interpolation_duration: 1}
$data merge entity $(bone_magazine) {transformation: [-0.7013f,-0.5413f,-0.4639f,-0.0547f,-0.3955f,0.8368f,-0.3786f,-0.4325f,0.5932f,-0.0821f,-0.8009f,0.1842f,0f,0f,0f,1f],start_interpolation: 0,interpolation_duration: 1}
$data merge entity $(bone_grip) {transformation: [-0.7013f,-0.5413f,-0.4639f,-0.0547f,-0.3955f,0.8368f,-0.3786f,-0.4325f,0.5932f,-0.0821f,-0.8009f,0.1842f,0f,0f,0f,1f],start_interpolation: 0,interpolation_duration: 1}
$data merge entity $(bone_trigger) {transformation: [-0.7013f,-0.5413f,-0.4639f,-0.0429f,-0.3955f,0.8368f,-0.3786f,-0.4172f,0.5932f,-0.0821f,-0.8009f,0.2084f,0f,0f,0f,1f],start_interpolation: 0,interpolation_duration: 1}
$data merge entity $(bone_trigger_gaurd) {transformation: [-0.7013f,-0.5413f,-0.4639f,-0.0435f,-0.3955f,0.8368f,-0.3786f,-0.3808f,0.5932f,-0.0821f,-0.8009f,0.232f,0f,0f,0f,1f],start_interpolation: 0,interpolation_duration: 1}
$data merge entity $(bone_right_arm) {transformation: [-0.7013f,-0.4639f,0.5413f,-0.2196f,-0.3955f,-0.3786f,-0.8368f,-0.588f,0.5932f,-0.8009f,0.0821f,-0.0564f,0f,0f,0f,1f],start_interpolation: 0,interpolation_duration: 1}
$data merge entity $(bone_magazine1) {transformation: [0f,0f,0f,0.088f,0f,0f,0f,-0.9043f,0f,0f,0f,0.3487f,0f,0f,0f,1f],start_interpolation: 0,interpolation_duration: 1}
$data merge entity $(bone_left_arm) {transformation: [-0.9819f,0.1892f,0.0129f,0.1624f,0.1683f,0.9008f,-0.4003f,-0.6037f,-0.0874f,-0.3909f,-0.9163f,0.0923f,0f,0f,0f,1f],start_interpolation: 0,interpolation_duration: 1}
data modify entity @s data merge value {"cameras":{},"locators":{"barrel1":{"px":0.05402021192036949,"py":-0.2391075818250135,"pz":0.47863824205669503,"ry":329.9185985997362,"rx":-22.249302236498156}}}