# This file was generated by Animated Java via MC-Build. It is not recommended to edit this file directly.
$data merge entity $(bone_slide) {transformation: [-0.7297f,-0.5165f,-0.4481f,-0.0637f,-0.375f,0.8503f,-0.3694f,-0.2701f,0.5718f,-0.1015f,-0.8141f,0.2905f,0f,0f,0f,1f],start_interpolation: 0,interpolation_duration: 1}
$data merge entity $(bone_barrel) {transformation: [-0.7297f,-0.5165f,-0.4481f,0.0831f,-0.375f,0.8503f,-0.3694f,-0.2771f,0.5718f,-0.1015f,-0.8141f,0.282f,0f,0f,0f,1f],start_interpolation: 0,interpolation_duration: 1}
$data merge entity $(bone_magazine) {transformation: [-0.7297f,-0.5165f,-0.4481f,-0.0578f,-0.375f,0.8503f,-0.3694f,-0.4356f,0.5718f,-0.1015f,-0.8141f,0.1895f,0f,0f,0f,1f],start_interpolation: 0,interpolation_duration: 1}
$data merge entity $(bone_grip) {transformation: [-0.7297f,-0.5165f,-0.4481f,-0.0578f,-0.375f,0.8503f,-0.3694f,-0.4356f,0.5718f,-0.1015f,-0.8141f,0.1895f,0f,0f,0f,1f],start_interpolation: 0,interpolation_duration: 1}
$data merge entity $(bone_trigger) {transformation: [-0.7297f,-0.5165f,-0.4481f,-0.0463f,-0.375f,0.8503f,-0.3694f,-0.4206f,0.5718f,-0.1015f,-0.8141f,0.214f,0f,0f,0f,1f],start_interpolation: 0,interpolation_duration: 1}
$data merge entity $(bone_trigger_gaurd) {transformation: [-0.7297f,-0.5165f,-0.4481f,-0.0467f,-0.375f,0.8503f,-0.3694f,-0.384f,0.5718f,-0.1015f,-0.8141f,0.2375f,0f,0f,0f,1f],start_interpolation: 0,interpolation_duration: 1}
$data merge entity $(bone_right_arm) {transformation: [-0.7297f,-0.4481f,0.5165f,-0.2189f,-0.375f,-0.3694f,-0.8503f,-0.5877f,0.5718f,-0.8141f,0.1015f,-0.0557f,0f,0f,0f,1f],start_interpolation: 0,interpolation_duration: 1}
$data merge entity $(bone_magazine1) {transformation: [0f,0f,0f,0.088f,0f,0f,0f,-0.9024f,0f,0f,0f,0.351f,0f,0f,0f,1f],start_interpolation: 0,interpolation_duration: 1}
$data merge entity $(bone_left_arm) {transformation: [-0.9815f,0.191f,0.012f,0.163f,0.1699f,0.8983f,-0.4053f,-0.6034f,-0.0882f,-0.3958f,-0.9141f,0.093f,0f,0f,0f,1f],start_interpolation: 0,interpolation_duration: 1}
data modify entity @s data merge value {"cameras":{},"locators":{"barrel1":{"px":0.046599016076488864,"py":-0.24402233456963224,"pz":0.48665809398768145,"ry":331.1717128354494,"rx":-21.678026273430387}}}