# This file was generated by Animated Java via MC-Build. It is not recommended to edit this file directly.
$data merge entity $(bone_slide) {transformation: [-0.7645f,-0.4838f,-0.426f,-0.0671f,-0.3488f,0.8662f,-0.3578f,-0.2735f,0.5421f,-0.1249f,-0.831f,0.2964f,0f,0f,0f,1f],start_interpolation: 0,interpolation_duration: 1}
$data merge entity $(bone_barrel) {transformation: [-0.7645f,-0.4838f,-0.426f,0.0796f,-0.3488f,0.8662f,-0.3578f,-0.2854f,0.5421f,-0.1249f,-0.831f,0.294f,0f,0f,0f,1f],start_interpolation: 0,interpolation_duration: 1}
$data merge entity $(bone_magazine) {transformation: [-0.7645f,-0.4838f,-0.426f,-0.0625f,-0.3488f,0.8662f,-0.3578f,-0.4395f,0.5421f,-0.1249f,-0.831f,0.1962f,0f,0f,0f,1f],start_interpolation: 0,interpolation_duration: 1}
$data merge entity $(bone_grip) {transformation: [-0.7645f,-0.4838f,-0.426f,-0.0625f,-0.3488f,0.8662f,-0.3578f,-0.4395f,0.5421f,-0.1249f,-0.831f,0.1962f,0f,0f,0f,1f],start_interpolation: 0,interpolation_duration: 1}
$data merge entity $(bone_trigger) {transformation: [-0.7645f,-0.4838f,-0.426f,-0.0515f,-0.3488f,0.8662f,-0.3578f,-0.4248f,0.5421f,-0.1249f,-0.831f,0.2211f,0f,0f,0f,1f],start_interpolation: 0,interpolation_duration: 1}
$data merge entity $(bone_trigger_gaurd) {transformation: [-0.7645f,-0.4838f,-0.426f,-0.0517f,-0.3488f,0.8662f,-0.3578f,-0.3881f,0.5421f,-0.1249f,-0.831f,0.2444f,0f,0f,0f,1f],start_interpolation: 0,interpolation_duration: 1}
$data merge entity $(bone_right_arm) {transformation: [-0.7645f,-0.426f,0.4838f,-0.2182f,-0.3488f,-0.3578f,-0.8662f,-0.5872f,0.5421f,-0.831f,0.1249f,-0.0551f,0f,0f,0f,1f],start_interpolation: 0,interpolation_duration: 1}
$data merge entity $(bone_magazine1) {transformation: [0f,0f,0f,0.0882f,0f,0f,0f,-0.9006f,0f,0f,0f,0.3531f,0f,0f,0f,1f],start_interpolation: 0,interpolation_duration: 1}
$data merge entity $(bone_left_arm) {transformation: [-0.9812f,0.1926f,0.0112f,0.1637f,0.1712f,0.896f,-0.4097f,-0.6029f,-0.0889f,-0.4001f,-0.9122f,0.0936f,0f,0f,0f,1f],start_interpolation: 0,interpolation_duration: 1}
data modify entity @s data merge value {"cameras":{},"locators":{"barrel1":{"px":0.03583557958415032,"py":-0.25027539385612374,"pz":0.496894500471765,"ry":332.85669528008793,"rx":-20.964340944103185}}}