# This file was generated by Animated Java via MC-Build. It is not recommended to edit this file directly.
$data merge entity $(bone_slide) {transformation: [-0.8432f,-0.3955f,-0.364f,-0.0781f,-0.2782f,0.9005f,-0.3341f,-0.2805f,0.46f,-0.1805f,-0.8694f,0.31f,0f,0f,0f,1f],start_interpolation: 0,interpolation_duration: 1}
$data merge entity $(bone_barrel) {transformation: [-0.8432f,-0.3955f,-0.364f,0.0666f,-0.2782f,0.9005f,-0.3341f,-0.3042f,0.46f,-0.1805f,-0.8694f,0.3232f,0f,0f,0f,1f],start_interpolation: 0,interpolation_duration: 1}
$data merge entity $(bone_magazine) {transformation: [-0.8432f,-0.3955f,-0.364f,-0.0766f,-0.2782f,0.9005f,-0.3341f,-0.4477f,0.46f,-0.1805f,-0.8694f,0.2117f,0f,0f,0f,1f],start_interpolation: 0,interpolation_duration: 1}
$data merge entity $(bone_grip) {transformation: [-0.8432f,-0.3955f,-0.364f,-0.0766f,-0.2782f,0.9005f,-0.3341f,-0.4477f,0.46f,-0.1805f,-0.8694f,0.2117f,0f,0f,0f,1f],start_interpolation: 0,interpolation_duration: 1}
$data merge entity $(bone_trigger) {transformation: [-0.8432f,-0.3955f,-0.364f,-0.0671f,-0.2782f,0.9005f,-0.3341f,-0.4336f,0.46f,-0.1805f,-0.8694f,0.2375f,0f,0f,0f,1f],start_interpolation: 0,interpolation_duration: 1}
$data merge entity $(bone_trigger_gaurd) {transformation: [-0.8432f,-0.3955f,-0.364f,-0.0668f,-0.2782f,0.9005f,-0.3341f,-0.3967f,0.46f,-0.1805f,-0.8694f,0.2605f,0f,0f,0f,1f],start_interpolation: 0,interpolation_duration: 1}
$data merge entity $(bone_right_arm) {transformation: [-0.8432f,-0.364f,0.3955f,-0.2166f,-0.2782f,-0.3341f,-0.9005f,-0.586f,0.46f,-0.8694f,0.1805f,-0.0539f,0f,0f,0f,1f],start_interpolation: 0,interpolation_duration: 1}
$data merge entity $(bone_magazine1) {transformation: [0f,0f,0f,0.0891f,0f,0f,0f,-0.8971f,0f,0f,0f,0.3566f,0f,0f,0f,1f],start_interpolation: 0,interpolation_duration: 1}
$data merge entity $(bone_left_arm) {transformation: [-0.9808f,0.195f,0.0098f,0.1653f,0.1733f,0.8925f,-0.4165f,-0.6016f,-0.09f,-0.4068f,-0.9091f,0.0949f,0f,0f,0f,1f],start_interpolation: 0,interpolation_duration: 1}
data modify entity @s data merge value {"cameras":{},"locators":{"barrel1":{"px":0.004677218007580794,"py":-0.2627751990479865,"pz":0.5200688821711424,"ry":337.28163172929794,"rx":-19.51812550255599}}}