# This file was generated by Animated Java via MC-Build. It is not recommended to edit this file directly.
$data merge entity $(bone_slide) {transformation: [-0.8821f,-0.3406f,-0.3253f,-0.0855f,-0.2339f,0.9163f,-0.3251f,-0.283f,0.4088f,-0.2107f,-0.8879f,0.3164f,0f,0f,0f,1f],start_interpolation: 0,interpolation_duration: 1}
$data merge entity $(bone_barrel) {transformation: [-0.8821f,-0.3406f,-0.3253f,0.0569f,-0.2339f,0.9163f,-0.3251f,-0.3133f,0.4088f,-0.2107f,-0.8879f,0.3387f,0f,0f,0f,1f],start_interpolation: 0,interpolation_duration: 1}
$data merge entity $(bone_magazine) {transformation: [-0.8821f,-0.3406f,-0.3253f,-0.0858f,-0.2339f,0.9163f,-0.3251f,-0.4511f,0.4088f,-0.2107f,-0.8879f,0.2195f,0f,0f,0f,1f],start_interpolation: 0,interpolation_duration: 1}
$data merge entity $(bone_grip) {transformation: [-0.8821f,-0.3406f,-0.3253f,-0.0858f,-0.2339f,0.9163f,-0.3251f,-0.4511f,0.4088f,-0.2107f,-0.8879f,0.2195f,0f,0f,0f,1f],start_interpolation: 0,interpolation_duration: 1}
$data merge entity $(bone_trigger) {transformation: [-0.8821f,-0.3406f,-0.3253f,-0.0773f,-0.2339f,0.9163f,-0.3251f,-0.4371f,0.4088f,-0.2107f,-0.8879f,0.2458f,0f,0f,0f,1f],start_interpolation: 0,interpolation_duration: 1}
$data merge entity $(bone_trigger_gaurd) {transformation: [-0.8821f,-0.3406f,-0.3253f,-0.0766f,-0.2339f,0.9163f,-0.3251f,-0.4001f,0.4088f,-0.2107f,-0.8879f,0.2685f,0f,0f,0f,1f],start_interpolation: 0,interpolation_duration: 1}
$data merge entity $(bone_right_arm) {transformation: [-0.8821f,-0.3253f,0.3406f,-0.2156f,-0.2339f,-0.3251f,-0.9163f,-0.5852f,0.4088f,-0.8879f,0.2107f,-0.0532f,0f,0f,0f,1f],start_interpolation: 0,interpolation_duration: 1}
$data merge entity $(bone_magazine1) {transformation: [0f,0f,0f,0.0898f,0f,0f,0f,-0.8955f,0f,0f,0f,0.3581f,0f,0f,0f,1f],start_interpolation: 0,interpolation_duration: 1}
$data merge entity $(bone_left_arm) {transformation: [-0.9806f,0.1958f,0.0093f,0.1663f,0.1739f,0.8912f,-0.419f,-0.6008f,-0.0904f,-0.4092f,-0.9079f,0.0956f,0f,0f,0f,1f],start_interpolation: 0,interpolation_duration: 1}
data modify entity @s data merge value {"cameras":{},"locators":{"barrel1":{"px":-0.01497177698987208,"py":-0.26713984965899557,"pz":0.5310719954178602,"ry":339.87768662468795,"rx":-18.97379576001422}}}