# This file was generated by Animated Java via MC-Build. It is not recommended to edit this file directly.
$data merge entity $(bone_slide) {transformation: [-0.9474f,-0.2131f,-0.2388f,-0.1019f,-0.1308f,0.9388f,-0.3188f,-0.2842f,0.2921f,-0.2708f,-0.9173f,0.3261f,0f,0f,0f,1f],start_interpolation: 0,interpolation_duration: 1}
$data merge entity $(bone_barrel) {transformation: [-0.9474f,-0.2131f,-0.2388f,0.0324f,-0.1308f,0.9388f,-0.3188f,-0.3279f,0.2921f,-0.2708f,-0.9173f,0.3677f,0f,0f,0f,1f],start_interpolation: 0,interpolation_duration: 1}
$data merge entity $(bone_magazine) {transformation: [-0.9474f,-0.2131f,-0.2388f,-0.107f,-0.1308f,0.9388f,-0.3188f,-0.4543f,0.2921f,-0.2708f,-0.9173f,0.2332f,0f,0f,0f,1f],start_interpolation: 0,interpolation_duration: 1}
$data merge entity $(bone_grip) {transformation: [-0.9474f,-0.2131f,-0.2388f,-0.107f,-0.1308f,0.9388f,-0.3188f,-0.4543f,0.2921f,-0.2708f,-0.9173f,0.2332f,0f,0f,0f,1f],start_interpolation: 0,interpolation_duration: 1}
$data merge entity $(bone_trigger) {transformation: [-0.9474f,-0.2131f,-0.2388f,-0.1006f,-0.1308f,0.9388f,-0.3188f,-0.4405f,0.2921f,-0.2708f,-0.9173f,0.2601f,0f,0f,0f,1f],start_interpolation: 0,interpolation_duration: 1}
$data merge entity $(bone_trigger_gaurd) {transformation: [-0.9474f,-0.2131f,-0.2388f,-0.099f,-0.1308f,0.9388f,-0.3188f,-0.403f,0.2921f,-0.2708f,-0.9173f,0.2821f,0f,0f,0f,1f],start_interpolation: 0,interpolation_duration: 1}
$data merge entity $(bone_right_arm) {transformation: [-0.9474f,-0.2388f,0.2131f,-0.2134f,-0.1308f,-0.3188f,-0.9388f,-0.5833f,0.2921f,-0.9173f,0.2708f,-0.0519f,0f,0f,0f,1f],start_interpolation: 0,interpolation_duration: 1}
$data merge entity $(bone_magazine1) {transformation: [0f,0f,0f,0.0919f,0f,0f,0f,-0.8926f,0f,0f,0f,0.3602f,0f,0f,0f,1f],start_interpolation: 0,interpolation_duration: 1}
$data merge entity $(bone_left_arm) {transformation: [-0.9805f,0.1964f,0.0088f,0.1685f,0.1745f,0.8897f,-0.4218f,-0.5987f,-0.0906f,-0.412f,-0.9066f,0.0968f,0f,0f,0f,1f],start_interpolation: 0,interpolation_duration: 1}
data modify entity @s data merge value {"cameras":{},"locators":{"barrel1":{"px":-0.058701751212551195,"py":-0.2686413637018152,"pz":0.547984525120081,"ry":345.4093834382111,"rx":-18.5886833732381}}}