# This file was generated by Animated Java via MC-Build. It is not recommended to edit this file directly.
$data merge entity $(bone_slide) {transformation: [-0.9696f,-0.1503f,-0.193f,-0.1024f,-0.0844f,0.9461f,-0.3128f,-0.2775f,0.2296f,-0.287f,-0.93f,0.3371f,0f,0f,0f,1f],start_interpolation: 0,interpolation_duration: 1}
$data merge entity $(bone_barrel) {transformation: [-0.9696f,-0.1503f,-0.193f,0.0267f,-0.0844f,0.9461f,-0.3128f,-0.3273f,0.2296f,-0.287f,-0.93f,0.3875f,0f,0f,0f,1f],start_interpolation: 0,interpolation_duration: 1}
$data merge entity $(bone_magazine) {transformation: [-0.9696f,-0.1503f,-0.193f,-0.1095f,-0.0844f,0.9461f,-0.3128f,-0.4478f,0.2296f,-0.287f,-0.93f,0.2446f,0f,0f,0f,1f],start_interpolation: 0,interpolation_duration: 1}
$data merge entity $(bone_grip) {transformation: [-0.9696f,-0.1503f,-0.193f,-0.1095f,-0.0844f,0.9461f,-0.3128f,-0.4478f,0.2296f,-0.287f,-0.93f,0.2446f,0f,0f,0f,1f],start_interpolation: 0,interpolation_duration: 1}
$data merge entity $(bone_trigger) {transformation: [-0.9696f,-0.1503f,-0.193f,-0.1042f,-0.0844f,0.9461f,-0.3128f,-0.4341f,0.2296f,-0.287f,-0.93f,0.2718f,0f,0f,0f,1f],start_interpolation: 0,interpolation_duration: 1}
$data merge entity $(bone_trigger_gaurd) {transformation: [-0.9696f,-0.1503f,-0.193f,-0.1023f,-0.0844f,0.9461f,-0.3128f,-0.3966f,0.2296f,-0.287f,-0.93f,0.2937f,0f,0f,0f,1f],start_interpolation: 0,interpolation_duration: 1}
$data merge entity $(bone_right_arm) {transformation: [-0.9696f,-0.193f,0.1503f,-0.203f,-0.0844f,-0.3128f,-0.9461f,-0.5734f,0.2296f,-0.93f,0.287f,-0.0465f,0f,0f,0f,1f],start_interpolation: 0,interpolation_duration: 1}
$data merge entity $(bone_magazine1) {transformation: [0f,0f,0f,0.1051f,0f,0f,0f,-0.8851f,0f,0f,0f,0.3616f,0f,0f,0f,1f],start_interpolation: 0,interpolation_duration: 1}
$data merge entity $(bone_left_arm) {transformation: [-0.9819f,0.1893f,0.0106f,0.1793f,0.1683f,0.8959f,-0.4112f,-0.5877f,-0.0874f,-0.4019f,-0.9115f,0.1015f,0f,0f,0f,1f],start_interpolation: 0,interpolation_duration: 1}
data modify entity @s data merge value {"cameras":{},"locators":{"barrel1":{"px":-0.07316131847218418,"py":-0.26268173445048754,"pz":0.5612695377064216,"ry":348.2746878713603,"rx":-18.225397862568357}}}