# This file was generated by Animated Java via MC-Build. It is not recommended to edit this file directly.
$data merge entity $(bone_slide) {transformation: [-0.9844f,-0.0981f,-0.1461f,-0.1009f,-0.0528f,0.9567f,-0.2861f,-0.2743f,0.1679f,-0.274f,-0.947f,0.3566f,0f,0f,0f,1f],start_interpolation: 0,interpolation_duration: 1}
$data merge entity $(bone_barrel) {transformation: [-0.9844f,-0.0981f,-0.1461f,0.0229f,-0.0528f,0.9567f,-0.2861f,-0.3298f,0.1679f,-0.274f,-0.947f,0.4137f,0f,0f,0f,1f],start_interpolation: 0,interpolation_duration: 1}
$data merge entity $(bone_magazine) {transformation: [-0.9844f,-0.0981f,-0.1461f,-0.1084f,-0.0528f,0.9567f,-0.2861f,-0.4422f,0.1679f,-0.274f,-0.947f,0.2599f,0f,0f,0f,1f],start_interpolation: 0,interpolation_duration: 1}
$data merge entity $(bone_grip) {transformation: [-0.9844f,-0.0981f,-0.1461f,-0.1084f,-0.0528f,0.9567f,-0.2861f,-0.4422f,0.1679f,-0.274f,-0.947f,0.2599f,0f,0f,0f,1f],start_interpolation: 0,interpolation_duration: 1}
$data merge entity $(bone_trigger) {transformation: [-0.9844f,-0.0981f,-0.1461f,-0.1044f,-0.0528f,0.9567f,-0.2861f,-0.4293f,0.1679f,-0.274f,-0.947f,0.2877f,0f,0f,0f,1f],start_interpolation: 0,interpolation_duration: 1}
$data merge entity $(bone_trigger_gaurd) {transformation: [-0.9844f,-0.0981f,-0.1461f,-0.1024f,-0.0528f,0.9567f,-0.2861f,-0.3924f,0.1679f,-0.274f,-0.947f,0.3105f,0f,0f,0f,1f],start_interpolation: 0,interpolation_duration: 1}
$data merge entity $(bone_right_arm) {transformation: [-0.9844f,-0.1461f,0.0981f,-0.1881f,-0.0528f,-0.2861f,-0.9567f,-0.5582f,0.1679f,-0.947f,0.274f,-0.0392f,0f,0f,0f,1f],start_interpolation: 0,interpolation_duration: 1}
$data merge entity $(bone_magazine1) {transformation: [0f,0f,0f,0.1131f,0f,0f,0f,-0.8141f,0f,0f,0f,0.4079f,0f,0f,0f,1f],start_interpolation: 0,interpolation_duration: 1}
$data merge entity $(bone_left_arm) {transformation: [-0.9916f,0.1215f,0.044f,0.1649f,0.0722f,0.8036f,-0.5908f,-0.5729f,-0.1071f,-0.5827f,-0.8056f,0.0905f,0f,0f,0f,1f],start_interpolation: 0,interpolation_duration: 1}
data modify entity @s data merge value {"cameras":{},"locators":{"barrel1":{"px":-0.08513782325629793,"py":-0.26515853875746337,"pz":0.5823951524374236,"ry":351.2283650665963,"rx":-16.627319465959953}}}