# This file was generated by Animated Java via MC-Build. It is not recommended to edit this file directly.
$data merge entity $(bone_slide) {transformation: [-0.9932f,-0.0547f,-0.1025f,-0.0968f,-0.0283f,0.9696f,-0.2431f,-0.2745f,0.1127f,-0.2386f,-0.9646f,0.3813f,0f,0f,0f,1f],start_interpolation: 0,interpolation_duration: 1}
$data merge entity $(bone_barrel) {transformation: [-0.9932f,-0.0547f,-0.1025f,0.0221f,-0.0283f,0.9696f,-0.2431f,-0.3362f,0.1127f,-0.2386f,-0.9646f,0.4425f,0f,0f,0f,1f],start_interpolation: 0,interpolation_duration: 1}
$data merge entity $(bone_magazine) {transformation: [-0.9932f,-0.0547f,-0.1025f,-0.1039f,-0.0283f,0.9696f,-0.2431f,-0.4381f,0.1127f,-0.2386f,-0.9646f,0.2774f,0f,0f,0f,1f],start_interpolation: 0,interpolation_duration: 1}
$data merge entity $(bone_grip) {transformation: [-0.9932f,-0.0547f,-0.1025f,-0.1039f,-0.0283f,0.9696f,-0.2431f,-0.4381f,0.1127f,-0.2386f,-0.9646f,0.2774f,0f,0f,0f,1f],start_interpolation: 0,interpolation_duration: 1}
$data merge entity $(bone_trigger) {transformation: [-0.9932f,-0.0547f,-0.1025f,-0.101f,-0.0283f,0.9696f,-0.2431f,-0.4264f,0.1127f,-0.2386f,-0.9646f,0.3059f,0f,0f,0f,1f],start_interpolation: 0,interpolation_duration: 1}
$data merge entity $(bone_trigger_gaurd) {transformation: [-0.9932f,-0.0547f,-0.1025f,-0.0992f,-0.0283f,0.9696f,-0.2431f,-0.3906f,0.1127f,-0.2386f,-0.9646f,0.3303f,0f,0f,0f,1f],start_interpolation: 0,interpolation_duration: 1}
$data merge entity $(bone_right_arm) {transformation: [-0.9932f,-0.1025f,0.0547f,-0.1705f,-0.0283f,-0.2431f,-0.9696f,-0.5394f,0.1127f,-0.9646f,0.2386f,-0.0301f,0f,0f,0f,1f],start_interpolation: 0,interpolation_duration: 1}
$data merge entity $(bone_magazine1) {transformation: [0f,0f,0f,0.1114f,0f,0f,0f,-0.7353f,0f,0f,0f,0.4364f,0f,0f,0f,1f],start_interpolation: 0,interpolation_duration: 1}
$data merge entity $(bone_left_arm) {transformation: [-0.9909f,0.0766f,0.1111f,0.1537f,-0.0279f,0.689f,-0.7242f,-0.5537f,-0.132f,-0.7207f,-0.6805f,0.0803f,0f,0f,0f,1f],start_interpolation: 0,interpolation_duration: 1}
data modify entity @s data merge value {"cameras":{},"locators":{"barrel1":{"px":-0.09308922901670201,"py":-0.2749516937480787,"pz":0.6077701790871981,"ry":353.93654002867197,"rx":-14.072020024471108}}}