# This file was generated by Animated Java via MC-Build. It is not recommended to edit this file directly.
$data merge entity $(bone_slide) {transformation: [-0.9977f,-0.0185f,-0.0658f,-0.0895f,-0.0057f,0.9819f,-0.1893f,-0.2778f,0.0681f,-0.1885f,-0.9797f,0.408f,0f,0f,0f,1f],start_interpolation: 0,interpolation_duration: 1}
$data merge entity $(bone_barrel) {transformation: [-0.9977f,-0.0185f,-0.0658f,0.0249f,-0.0057f,0.9819f,-0.1893f,-0.346f,0.0681f,-0.1885f,-0.9797f,0.4709f,0f,0f,0f,1f],start_interpolation: 0,interpolation_duration: 1}
$data merge entity $(bone_magazine) {transformation: [-0.9977f,-0.0185f,-0.0658f,-0.0962f,-0.0057f,0.9819f,-0.1893f,-0.4355f,0.0681f,-0.1885f,-0.9797f,0.2953f,0f,0f,0f,1f],start_interpolation: 0,interpolation_duration: 1}
$data merge entity $(bone_grip) {transformation: [-0.9977f,-0.0185f,-0.0658f,-0.0962f,-0.0057f,0.9819f,-0.1893f,-0.4355f,0.0681f,-0.1885f,-0.9797f,0.2953f,0f,0f,0f,1f],start_interpolation: 0,interpolation_duration: 1}
$data merge entity $(bone_trigger) {transformation: [-0.9977f,-0.0185f,-0.0658f,-0.0943f,-0.0057f,0.9819f,-0.1893f,-0.4254f,0.0681f,-0.1885f,-0.9797f,0.3245f,0f,0f,0f,1f],start_interpolation: 0,interpolation_duration: 1}
$data merge entity $(bone_trigger_gaurd) {transformation: [-0.9977f,-0.0185f,-0.0658f,-0.0927f,-0.0057f,0.9819f,-0.1893f,-0.3909f,0.0681f,-0.1885f,-0.9797f,0.3508f,0f,0f,0f,1f],start_interpolation: 0,interpolation_duration: 1}
$data merge entity $(bone_right_arm) {transformation: [-0.9977f,-0.0658f,0.0185f,-0.1517f,-0.0057f,-0.1893f,-0.9819f,-0.5186f,0.0681f,-0.9797f,0.1885f,-0.0198f,0f,0f,0f,1f],start_interpolation: 0,interpolation_duration: 1}
$data merge entity $(bone_magazine1) {transformation: [0f,0f,0f,0.0949f,0f,0f,0f,-0.6547f,0f,0f,0f,0.4502f,0f,0f,0f,1f],start_interpolation: 0,interpolation_duration: 1}
$data merge entity $(bone_left_arm) {transformation: [-0.9781f,0.0676f,0.197f,0.1437f,-0.1254f,0.5639f,-0.8162f,-0.5318f,-0.1663f,-0.8231f,-0.5431f,0.0706f,0f,0f,0f,1f],start_interpolation: 0,interpolation_duration: 1}
data modify entity @s data merge value {"cameras":{},"locators":{"barrel1":{"px":-0.0958659283899359,"py":-0.2902013762684943,"pz":0.634093943739358,"ry":356.15631777375916,"rx":-10.911327447198722}}}