# This file was generated by Animated Java via MC-Build. It is not recommended to edit this file directly.
$data merge entity $(bone_slide) {transformation: [-0.9992f,0.0125f,-0.0383f,-0.0792f,0.0174f,0.9912f,-0.1313f,-0.2832f,0.0363f,-0.1319f,-0.9906f,0.434f,0f,0f,0f,1f],start_interpolation: 0,interpolation_duration: 1}
$data merge entity $(bone_barrel) {transformation: [-0.9992f,0.0125f,-0.0383f,0.0312f,0.0174f,0.9912f,-0.1313f,-0.3579f,0.0363f,-0.1319f,-0.9906f,0.4964f,0f,0f,0f,1f],start_interpolation: 0,interpolation_duration: 1}
$data merge entity $(bone_magazine) {transformation: [-0.9992f,0.0125f,-0.0383f,-0.0862f,0.0174f,0.9912f,-0.1313f,-0.434f,0.0363f,-0.1319f,-0.9906f,0.3122f,0f,0f,0f,1f],start_interpolation: 0,interpolation_duration: 1}
$data merge entity $(bone_grip) {transformation: [-0.9992f,0.0125f,-0.0383f,-0.0862f,0.0174f,0.9912f,-0.1313f,-0.434f,0.0363f,-0.1319f,-0.9906f,0.3122f,0f,0f,0f,1f],start_interpolation: 0,interpolation_duration: 1}
$data merge entity $(bone_trigger) {transformation: [-0.9992f,0.0125f,-0.0383f,-0.085f,0.0174f,0.9912f,-0.1313f,-0.4256f,0.0363f,-0.1319f,-0.9906f,0.342f,0f,0f,0f,1f],start_interpolation: 0,interpolation_duration: 1}
$data merge entity $(bone_trigger_gaurd) {transformation: [-0.9992f,0.0125f,-0.0383f,-0.0834f,0.0174f,0.9912f,-0.1313f,-0.3927f,0.0363f,-0.1319f,-0.9906f,0.3703f,0f,0f,0f,1f],start_interpolation: 0,interpolation_duration: 1}
$data merge entity $(bone_right_arm) {transformation: [-0.9992f,-0.0383f,-0.0125f,-0.1334f,0.0174f,-0.1313f,-0.9912f,-0.4975f,0.0363f,-0.9906f,0.1319f,-0.0087f,0f,0f,0f,1f],start_interpolation: 0,interpolation_duration: 1}
$data merge entity $(bone_magazine1) {transformation: [0f,0f,0f,0.0621f,0f,0f,0f,-0.5759f,0f,0f,0f,0.4512f,0f,0f,0f,1f],start_interpolation: 0,interpolation_duration: 1}
$data merge entity $(bone_left_arm) {transformation: [-0.9538f,0.1f,0.2833f,0.1333f,-0.2139f,0.436f,-0.8741f,-0.509f,-0.211f,-0.8944f,-0.3945f,0.0612f,0f,0f,0f,1f],start_interpolation: 0,interpolation_duration: 1}
data modify entity @s data merge value {"cameras":{},"locators":{"barrel1":{"px":-0.09334775253825381,"py":-0.3082659699256075,"pz":0.6586802369521121,"ry":357.78593790161875,"rx":-7.547217497279901}}}