# This file was generated by Animated Java via MC-Build. It is not recommended to edit this file directly.
$data merge entity $(bone_slide) {transformation: [-0.9979f,0.0647f,-0.0085f,-0.055f,0.065f,0.9974f,-0.0326f,-0.2941f,0.0063f,-0.0331f,-0.9994f,0.475f,0f,0f,0f,1f],start_interpolation: 0,interpolation_duration: 1}
$data merge entity $(bone_barrel) {transformation: [-0.9979f,0.0647f,-0.0085f,0.0494f,0.065f,0.9974f,-0.0326f,-0.3801f,0.0063f,-0.0331f,-0.9994f,0.5332f,0f,0f,0f,1f],start_interpolation: 0,interpolation_duration: 1}
$data merge entity $(bone_magazine) {transformation: [-0.9979f,0.0647f,-0.0085f,-0.0648f,0.065f,0.9974f,-0.0326f,-0.4318f,0.0063f,-0.0331f,-0.9994f,0.3387f,0f,0f,0f,1f],start_interpolation: 0,interpolation_duration: 1}
$data merge entity $(bone_grip) {transformation: [-0.9979f,0.0647f,-0.0085f,-0.0648f,0.065f,0.9974f,-0.0326f,-0.4318f,0.0063f,-0.0331f,-0.9994f,0.3387f,0f,0f,0f,1f],start_interpolation: 0,interpolation_duration: 1}
$data merge entity $(bone_trigger) {transformation: [-0.9979f,0.0647f,-0.0085f,-0.0643f,0.065f,0.9974f,-0.0326f,-0.4264f,0.0063f,-0.0331f,-0.9994f,0.3692f,0f,0f,0f,1f],start_interpolation: 0,interpolation_duration: 1}
$data merge entity $(bone_trigger_gaurd) {transformation: [-0.9979f,0.0647f,-0.0085f,-0.0621f,0.065f,0.9974f,-0.0326f,-0.3966f,0.0063f,-0.0331f,-0.9994f,0.4007f,0f,0f,0f,1f],start_interpolation: 0,interpolation_duration: 1}
$data merge entity $(bone_right_arm) {transformation: [-0.9979f,-0.0085f,-0.0647f,-0.1033f,0.065f,-0.0326f,-0.9974f,-0.4614f,0.0063f,-0.9994f,0.0331f,0.0118f,0f,0f,0f,1f],start_interpolation: 0,interpolation_duration: 1}
$data merge entity $(bone_magazine1) {transformation: [0f,0f,0f,-0.0464f,0f,0f,0f,-0.4307f,0f,0f,0f,0.4127f,0f,0f,0f,1f],start_interpolation: 0,interpolation_duration: 1}
$data merge entity $(bone_left_arm) {transformation: [-0.8795f,0.2768f,0.3871f,0.1049f,-0.3494f,0.1768f,-0.9202f,-0.469f,-0.3232f,-0.9445f,-0.0587f,0.0423f,0f,0f,0f,1f],start_interpolation: 0,interpolation_duration: 1}
data modify entity @s data merge value {"cameras":{},"locators":{"barrel1":{"px":-0.07850066190406535,"py":-0.340080913957711,"pz":0.6955235986455205,"ry":359.515127260951,"rx":-1.8673134113783563}}}