# This file was generated by Animated Java via MC-Build. It is not recommended to edit this file directly.
$data merge entity $(bone_slide) {transformation: [-0.9973f,0.0728f,-0.0113f,-0.1687f,0.0733f,0.9962f,-0.0471f,-0.3864f,0.0078f,-0.0478f,-0.9988f,0.5128f,0f,0f,0f,1f],start_interpolation: 0,interpolation_duration: 1}
$data merge entity $(bone_barrel) {transformation: [-0.9973f,0.0728f,-0.0113f,-0.0649f,0.0733f,0.9962f,-0.0471f,-0.4724f,0.0078f,-0.0478f,-0.9988f,0.572f,0f,0f,0f,1f],start_interpolation: 0,interpolation_duration: 1}
$data merge entity $(bone_magazine) {transformation: [-0.9973f,0.0728f,-0.0113f,-0.18f,0.0733f,0.9962f,-0.0471f,-0.526f,0.0078f,-0.0478f,-0.9988f,0.3786f,0f,0f,0f,1f],start_interpolation: 0,interpolation_duration: 1}
$data merge entity $(bone_grip) {transformation: [-0.9973f,0.0728f,-0.0113f,-0.18f,0.0733f,0.9962f,-0.0471f,-0.526f,0.0078f,-0.0478f,-0.9988f,0.3786f,0f,0f,0f,1f],start_interpolation: 0,interpolation_duration: 1}
$data merge entity $(bone_trigger) {transformation: [-0.9973f,0.0728f,-0.0113f,-0.1794f,0.0733f,0.9962f,-0.0471f,-0.5202f,0.0078f,-0.0478f,-0.9988f,0.409f,0f,0f,0f,1f],start_interpolation: 0,interpolation_duration: 1}
$data merge entity $(bone_trigger_gaurd) {transformation: [-0.9973f,0.0728f,-0.0113f,-0.1769f,0.0733f,0.9962f,-0.0471f,-0.4899f,0.0078f,-0.0478f,-0.9988f,0.44f,0f,0f,0f,1f],start_interpolation: 0,interpolation_duration: 1}
$data merge entity $(bone_right_arm) {transformation: [-0.9973f,-0.0113f,-0.0728f,-0.2195f,0.0733f,-0.0471f,-0.9962f,-0.56f,0.0078f,-0.9988f,0.0478f,0.0522f,0f,0f,0f,1f],start_interpolation: 0,interpolation_duration: 1}
$data merge entity $(bone_magazine1) {transformation: [0f,0f,0f,-0.2385f,0f,0f,0f,-0.4877f,0f,0f,0f,0.4052f,0f,0f,0f,1f],start_interpolation: 0,interpolation_duration: 1}
$data merge entity $(bone_left_arm) {transformation: [-0.8323f,0.3957f,0.3883f,-0.0413f,-0.392f,0.0754f,-0.9169f,-0.5647f,-0.392f,-0.9153f,0.0924f,0.0634f,0f,0f,0f,1f],start_interpolation: 0,interpolation_duration: 1}
data modify entity @s data merge value {"cameras":{},"locators":{"barrel1":{"px":-0.19204850688055156,"py":-0.4289566589785995,"pz":0.7340512273291291,"ry":359.3540211785806,"rx":-2.6994179919214103}}}