# This file was generated by Animated Java via MC-Build. It is not recommended to edit this file directly.
$data merge entity $(bone_muzzleflash) {transformation: [0f,0f,0f,-0.2031f,0f,0f,0f,-0.7703f,0f,0f,0f,0.4f,0f,0f,0f,1f],start_interpolation: 0,interpolation_duration: 1}
$data merge entity $(bone_slide) {transformation: [-0.9624f,-0.0442f,-0.268f,-0.083f,0.2492f,0.2489f,-0.9359f,-0.1162f,0.1081f,-0.9675f,-0.2285f,-0.1084f,0f,0f,0f,1f],start_interpolation: 0,interpolation_duration: 1}
$data merge entity $(bone_barrel) {transformation: [-0.9624f,-0.0442f,-0.268f,0.0258f,0.2492f,0.2489f,-0.9359f,-0.1636f,0.1081f,-0.9675f,-0.2285f,-0.0419f,0f,0f,0f,1f],start_interpolation: 0,interpolation_duration: 1}
$data merge entity $(bone_magazine) {transformation: [-0.9624f,-0.0442f,-0.268f,-0.1299f,0.2492f,0.2489f,-0.9359f,-0.3338f,0.1081f,-0.9675f,-0.2285f,-0.0243f,0f,0f,0f,1f],start_interpolation: 0,interpolation_duration: 1}
$data merge entity $(bone_grip) {transformation: [-0.9624f,-0.0442f,-0.268f,-0.1299f,0.2492f,0.2489f,-0.9359f,-0.3338f,0.1081f,-0.9675f,-0.2285f,-0.0243f,0f,0f,0f,1f],start_interpolation: 0,interpolation_duration: 1}
$data merge entity $(bone_trigger) {transformation: [-0.9624f,-0.0442f,-0.268f,-0.1219f,0.2492f,0.2489f,-0.9359f,-0.304f,0.1081f,-0.9675f,-0.2285f,-0.0215f,0f,0f,0f,1f],start_interpolation: 0,interpolation_duration: 1}
$data merge entity $(bone_trigger_gaurd) {transformation: [-0.9624f,-0.0442f,-0.268f,-0.1145f,0.2492f,0.2489f,-0.9359f,-0.2665f,0.1081f,-0.9675f,-0.2285f,-0.042f,0f,0f,0f,1f],start_interpolation: 0,interpolation_duration: 1}
$data merge entity $(bone_right_arm) {transformation: [-0.9624f,-0.268f,0.0442f,-0.25f,0.2492f,-0.9359f,-0.2489f,-0.6375f,0.1081f,-0.2285f,0.9675f,-0.075f,0f,0f,0f,1f],start_interpolation: 0,interpolation_duration: 1}
$data merge entity $(bone_magazine1) {transformation: [0f,0f,0f,0.3978f,0f,0f,0f,-1.4132f,0f,0f,0f,0.0715f,0f,0f,0f,1f],start_interpolation: 0,interpolation_duration: 1}
$data merge entity $(bone_left_arm) {transformation: [-0.9237f,-0.3236f,0.205f,0.2969f,-0.3831f,0.7823f,-0.4912f,-1.1687f,-0.0015f,-0.5323f,-0.8466f,-0.2312f,0f,0f,0f,1f],start_interpolation: 0,interpolation_duration: 1}
$execute on vehicle unless entity @s[tag=aj.transforms_only] as $(locator_barrel1) positioned ^-0.0581243203 ^0.0277192473 ^-0.0160120646 rotated ~310.4477469615 ~-69.3775265025 run function animated_java:glock/animations/idle/zzz/frames/0_locator_barrel1
data modify entity @s data merge value {"cameras":{"camera2":{"px":3.061616997868383e-17,"py":-0.1875,"pz":-0.25,"ry":0,"rx":0}},"locators":{"barrel1":{"px":-0.058124320252017164,"py":0.02771924731818226,"pz":-0.01601206463453507,"ry":310.4477469615085,"rx":-69.37752650252702}}}
execute on vehicle unless entity @s[tag=aj.transforms_only] at @s run function animated_java:glock/animations/idle/zzz/frames/0_root_function