# This file was generated by Animated Java via MC-Build. It is not recommended to edit this file directly.
$data merge entity $(bone_slide) {transformation: [-0.97f,0.0141f,-0.2428f,-0.0632f,0.2253f,0.4289f,-0.8748f,-0.0911f,0.0918f,-0.9033f,-0.4192f,0.0164f,0f,0f,0f,1f],start_interpolation: 0,interpolation_duration: 1}
$data merge entity $(bone_barrel) {transformation: [-0.97f,0.0141f,-0.2428f,0.0417f,0.2253f,0.4289f,-0.8748f,-0.1505f,0.0918f,-0.9033f,-0.4192f,0.0795f,0f,0f,0f,1f],start_interpolation: 0,interpolation_duration: 1}
$data merge entity $(bone_magazine) {transformation: [-0.97f,0.0141f,-0.2428f,-0.1129f,0.2253f,0.4289f,-0.8748f,-0.3207f,0.0918f,-0.9033f,-0.4192f,0.0544f,0f,0f,0f,1f],start_interpolation: 0,interpolation_duration: 1}
$data merge entity $(bone_grip) {transformation: [-0.97f,0.0141f,-0.2428f,-0.1129f,0.2253f,0.4289f,-0.8748f,-0.3207f,0.0918f,-0.9033f,-0.4192f,0.0544f,0f,0f,0f,1f],start_interpolation: 0,interpolation_duration: 1}
$data merge entity $(bone_trigger) {transformation: [-0.97f,0.0141f,-0.2428f,-0.1054f,0.2253f,0.4289f,-0.8748f,-0.292f,0.0918f,-0.9033f,-0.4192f,0.0633f,0f,0f,0f,1f],start_interpolation: 0,interpolation_duration: 1}
$data merge entity $(bone_trigger_gaurd) {transformation: [-0.97f,0.0141f,-0.2428f,-0.0972f,0.2253f,0.4289f,-0.8748f,-0.2512f,0.0918f,-0.9033f,-0.4192f,0.0508f,0f,0f,0f,1f],start_interpolation: 0,interpolation_duration: 1}
$data merge entity $(bone_right_arm) {transformation: [-0.97f,-0.2428f,-0.0141f,-0.2263f,0.2253f,-0.8748f,-0.4289f,-0.609f,0.0918f,-0.4192f,0.9033f,-0.0608f,0f,0f,0f,1f],start_interpolation: 0,interpolation_duration: 1}
$data merge entity $(bone_magazine1) {transformation: [0f,0f,0f,0.3264f,0f,0f,0f,-1.2599f,0f,0f,0f,0.1522f,0f,0f,0f,1f],start_interpolation: 0,interpolation_duration: 1}
$data merge entity $(bone_left_arm) {transformation: [-0.919f,-0.2516f,0.3035f,0.2646f,-0.3895f,0.6983f,-0.6006f,-1.0604f,-0.0608f,-0.6701f,-0.7397f,-0.1914f,0f,0f,0f,1f],start_interpolation: 0,interpolation_duration: 1}
data modify entity @s data merge value {"cameras":{},"locators":{"barrel1":{"px":-0.04575612471429921,"py":0.032513076685282805,"pz":0.13596154878687905,"ry":329.9144686775153,"rx":-61.024079789152374}}}