# This file was generated by Animated Java via MC-Build. It is not recommended to edit this file directly.
$data merge entity $(bone_slide) {transformation: [-0.9795f,0.0777f,-0.1856f,-0.0481f,0.1895f,0.6665f,-0.721f,-0.0919f,0.0677f,-0.7414f,-0.6676f,0.1937f,0f,0f,0f,1f],start_interpolation: 0,interpolation_duration: 1}
$data merge entity $(bone_barrel) {transformation: [-0.9795f,0.0777f,-0.1856f,0.0527f,0.1895f,0.6665f,-0.721f,-0.1666f,0.0677f,-0.7414f,-0.6676f,0.2463f,0f,0f,0f,1f],start_interpolation: 0,interpolation_duration: 1}
$data merge entity $(bone_magazine) {transformation: [-0.9795f,0.0777f,-0.1856f,-0.095f,0.1895f,0.6665f,-0.721f,-0.3229f,0.0677f,-0.7414f,-0.6676f,0.1612f,0f,0f,0f,1f],start_interpolation: 0,interpolation_duration: 1}
$data merge entity $(bone_grip) {transformation: [-0.9795f,0.0777f,-0.1856f,-0.095f,0.1895f,0.6665f,-0.721f,-0.3229f,0.0677f,-0.7414f,-0.6676f,0.1612f,0f,0f,0f,1f],start_interpolation: 0,interpolation_duration: 1}
$data merge entity $(bone_trigger) {transformation: [-0.9795f,0.0777f,-0.1856f,-0.089f,0.1895f,0.6665f,-0.721f,-0.2979f,0.0677f,-0.7414f,-0.6676f,0.1784f,0f,0f,0f,1f],start_interpolation: 0,interpolation_duration: 1}
$data merge entity $(bone_trigger_gaurd) {transformation: [-0.9795f,0.0777f,-0.1856f,-0.0807f,0.1895f,0.6665f,-0.721f,-0.2552f,0.0677f,-0.7414f,-0.6676f,0.1786f,0f,0f,0f,1f],start_interpolation: 0,interpolation_duration: 1}
$data merge entity $(bone_right_arm) {transformation: [-0.9795f,-0.1856f,-0.0777f,-0.1913f,0.1895f,-0.721f,-0.6665f,-0.567f,0.0677f,-0.6676f,0.7414f,-0.0398f,0f,0f,0f,1f],start_interpolation: 0,interpolation_duration: 1}
$data merge entity $(bone_magazine1) {transformation: [0f,0f,0f,0.2101f,0f,0f,0f,-1.0275f,0f,0f,0f,0.2489f,0f,0f,0f,1f],start_interpolation: 0,interpolation_duration: 1}
$data merge entity $(bone_left_arm) {transformation: [-0.9061f,-0.1051f,0.4097f,0.217f,-0.3963f,0.5495f,-0.7355f,-0.9008f,-0.1479f,-0.8288f,-0.5396f,-0.1325f,0f,0f,0f,1f],start_interpolation: 0,interpolation_duration: 1}
data modify entity @s data merge value {"cameras":{},"locators":{"barrel1":{"px":-0.043624089580081946,"py":-0.00701928678452185,"pz":0.3442300664088887,"ry":344.46189137355367,"rx":-46.13847222646292}}}