# This file was generated by Animated Java via MC-Build. It is not recommended to edit this file directly.
$data merge entity $(bone_slide) {transformation: [-0.9879f,0.1109f,-0.108f,-0.0447f,0.1493f,0.8672f,-0.475f,-0.1421f,0.041f,-0.4854f,-0.8734f,0.3655f,0f,0f,0f,1f],start_interpolation: 0,interpolation_duration: 1}
$data merge entity $(bone_barrel) {transformation: [-0.9879f,0.1109f,-0.108f,0.0544f,0.1493f,0.8672f,-0.475f,-0.2287f,0.041f,-0.4854f,-0.8734f,0.4003f,0f,0f,0f,1f],start_interpolation: 0,interpolation_duration: 1}
$data merge entity $(bone_magazine) {transformation: [-0.9879f,0.1109f,-0.108f,-0.0808f,0.1493f,0.8672f,-0.475f,-0.3514f,0.041f,-0.4854f,-0.8734f,0.2583f,0f,0f,0f,1f],start_interpolation: 0,interpolation_duration: 1}
$data merge entity $(bone_grip) {transformation: [-0.9879f,0.1109f,-0.108f,-0.0808f,0.1493f,0.8672f,-0.475f,-0.3514f,0.041f,-0.4854f,-0.8734f,0.2583f,0f,0f,0f,1f],start_interpolation: 0,interpolation_duration: 1}
$data merge entity $(bone_trigger) {transformation: [-0.9879f,0.1109f,-0.108f,-0.077f,0.1493f,0.8672f,-0.475f,-0.3331f,0.041f,-0.4854f,-0.8734f,0.2829f,0f,0f,0f,1f],start_interpolation: 0,interpolation_duration: 1}
$data merge entity $(bone_trigger_gaurd) {transformation: [-0.9879f,0.1109f,-0.108f,-0.0703f,0.1493f,0.8672f,-0.475f,-0.2926f,0.041f,-0.4854f,-0.8734f,0.2972f,0f,0f,0f,1f],start_interpolation: 0,interpolation_duration: 1}
$data merge entity $(bone_right_arm) {transformation: [-0.9879f,-0.108f,-0.1109f,-0.1525f,0.1493f,-0.475f,-0.8672f,-0.5205f,0.041f,-0.8734f,0.4854f,-0.0165f,0f,0f,0f,1f],start_interpolation: 0,interpolation_duration: 1}
$data merge entity $(bone_magazine1) {transformation: [0f,0f,0f,0.0754f,0f,0f,0f,-0.7645f,0f,0f,0f,0.3225f,0f,0f,0f,1f],start_interpolation: 0,interpolation_duration: 1}
$data merge entity $(bone_left_arm) {transformation: [-0.8838f,0.0933f,0.4585f,0.1643f,-0.3999f,0.3581f,-0.8437f,-0.7241f,-0.2429f,-0.929f,-0.2791f,-0.0675f,0f,0f,0f,1f],start_interpolation: 0,interpolation_duration: 1}
data modify entity @s data merge value {"cameras":{},"locators":{"barrel1":{"px":-0.05480600013201431,"py":-0.10910821997010006,"pz":0.534884789156923,"ry":352.9504675877754,"rx":-28.35656937768555}}}