# This file was generated by Animated Java via MC-Build. It is not recommended to edit this file directly.
$data merge entity $(bone_slide) {transformation: [-0.9935f,0.1067f,-0.0397f,-0.046f,0.1126f,0.9725f,-0.204f,-0.2248f,0.0168f,-0.2072f,-0.9782f,0.4854f,0f,0f,0f,1f],start_interpolation: 0,interpolation_duration: 1}
$data merge entity $(bone_barrel) {transformation: [-0.9935f,0.1067f,-0.0397f,0.054f,0.1126f,0.9725f,-0.204f,-0.3159f,0.0168f,-0.2072f,-0.9782f,0.5003f,0f,0f,0f,1f],start_interpolation: 0,interpolation_duration: 1}
$data merge entity $(bone_magazine) {transformation: [-0.9935f,0.1067f,-0.0397f,-0.0681f,0.1126f,0.9725f,-0.204f,-0.3948f,0.0168f,-0.2072f,-0.9782f,0.3204f,0f,0f,0f,1f],start_interpolation: 0,interpolation_duration: 1}
$data merge entity $(bone_grip) {transformation: [-0.9935f,0.1067f,-0.0397f,-0.0681f,0.1126f,0.9725f,-0.204f,-0.3948f,0.0168f,-0.2072f,-0.9782f,0.3204f,0f,0f,0f,1f],start_interpolation: 0,interpolation_duration: 1}
$data merge entity $(bone_trigger) {transformation: [-0.9935f,0.1067f,-0.0397f,-0.0664f,0.1126f,0.9725f,-0.204f,-0.3843f,0.0168f,-0.2072f,-0.9782f,0.3495f,0f,0f,0f,1f],start_interpolation: 0,interpolation_duration: 1}
$data merge entity $(bone_trigger_gaurd) {transformation: [-0.9935f,0.1067f,-0.0397f,-0.062f,0.1126f,0.9725f,-0.204f,-0.3496f,0.0168f,-0.2072f,-0.9782f,0.3752f,0f,0f,0f,1f],start_interpolation: 0,interpolation_duration: 1}
$data merge entity $(bone_right_arm) {transformation: [-0.9935f,-0.0397f,-0.1067f,-0.1175f,0.1126f,-0.204f,-0.9725f,-0.4785f,0.0168f,-0.9782f,0.2072f,0.0045f,0f,0f,0f,1f],start_interpolation: 0,interpolation_duration: 1}
$data merge entity $(bone_magazine1) {transformation: [0f,0f,0f,-0.0417f,0f,0f,0f,-0.5255f,0f,0f,0f,0.3588f,0f,0f,0f,1f],start_interpolation: 0,interpolation_duration: 1}
$data merge entity $(bone_left_arm) {transformation: [-0.8566f,0.2815f,0.4325f,0.1167f,-0.3994f,0.1691f,-0.9011f,-0.5645f,-0.3268f,-0.9445f,-0.0324f,-0.0087f,0f,0f,0f,1f],start_interpolation: 0,interpolation_duration: 1}
data modify entity @s data merge value {"cameras":{},"locators":{"barrel1":{"px":-0.0671312211772238,"py":-0.242400218378939,"pz":0.6560614930598564,"ry":357.67733634741586,"rx":-11.771890448018077}}}