# This file was generated by Animated Java via MC-Build. It is not recommended to edit this file directly.
$data merge entity $(bone_muzzleflash) {transformation: [0f,0f,0f,-0.2031f,0f,0f,0f,-0.7703f,0f,0f,0f,0.4f,0f,0f,0f,1f],start_interpolation: 0,interpolation_duration: 1}
$data merge entity $(bone_slide) {transformation: [-0.7059f,0.5247f,-0.4759f,0.1417f,0.7063f,0.5715f,-0.4177f,-0.4261f,0.0528f,-0.631f,-0.774f,0.3492f,0f,0f,0f,1f],start_interpolation: 0,interpolation_duration: 1}
$data merge entity $(bone_barrel) {transformation: [-0.7059f,0.5247f,-0.4759f,0.1764f,0.7063f,0.5715f,-0.4177f,-0.5496f,0.0528f,-0.631f,-0.774f,0.3945f,0f,0f,0f,1f],start_interpolation: 0,interpolation_duration: 1}
$data merge entity $(bone_magazine) {transformation: [-0.7059f,0.5247f,-0.4759f,-0.0221f,0.7063f,0.5715f,-0.4177f,-0.5846f,0.0528f,-0.631f,-0.774f,0.281f,0f,0f,0f,1f],start_interpolation: 0,interpolation_duration: 1}
$data merge entity $(bone_grip) {transformation: [-0.7059f,0.5247f,-0.4759f,-0.0221f,0.7063f,0.5715f,-0.4177f,-0.5846f,0.0528f,-0.631f,-0.774f,0.281f,0f,0f,0f,1f],start_interpolation: 0,interpolation_duration: 1}
$data merge entity $(bone_trigger) {transformation: [-0.7059f,0.5247f,-0.4759f,-0.0052f,0.7063f,0.5715f,-0.4177f,-0.5693f,0.0528f,-0.631f,-0.774f,0.3019f,0f,0f,0f,1f],start_interpolation: 0,interpolation_duration: 1}
$data merge entity $(bone_trigger_gaurd) {transformation: [-0.7059f,0.5247f,-0.4759f,0.0254f,0.7063f,0.5715f,-0.4177f,-0.5393f,0.0528f,-0.631f,-0.774f,0.3088f,0f,0f,0f,1f],start_interpolation: 0,interpolation_duration: 1}
$data merge entity $(bone_right_arm) {transformation: [-0.7059f,-0.4759f,-0.5247f,-0.2136f,0.7063f,-0.4177f,-0.5715f,-0.7095f,0.0528f,-0.774f,0.631f,0.0423f,0f,0f,0f,1f],start_interpolation: 0,interpolation_duration: 1}
$data merge entity $(bone_magazine1) {transformation: [0f,0f,0f,0.0227f,0f,0f,0f,-0.4459f,0f,0f,0f,0.2758f,0f,0f,0f,1f],start_interpolation: 0,interpolation_duration: 1}
$data merge entity $(bone_left_arm) {transformation: [-0.3561f,0.3552f,0.8643f,0.2593f,-0.514f,-0.8469f,0.1363f,-0.7563f,0.7804f,-0.3957f,0.4842f,0.1794f,0f,0f,0f,1f],start_interpolation: 0,interpolation_duration: 1}
data modify entity @s data merge value {"cameras":{"camera2":{"px":3.061616997868383e-17,"py":-0.1875,"pz":-0.25,"ry":0,"rx":0}},"locators":{"barrel1":{"px":0.17488021923843192,"py":-0.37399211883098743,"pz":0.5106377974370103,"ry":328.41679556750887,"rx":-24.688563317467413}}}
execute on vehicle unless entity @s[tag=aj.transforms_only] at @s run function animated_java:glock/animations/equip/zzz/frames/0_root_function