# This file was generated by Animated Java via MC-Build. It is not recommended to edit this file directly.
$data merge entity $(bone_slide) {transformation: [-0.6927f,0.5463f,-0.4708f,0.1434f,0.7212f,0.5256f,-0.4512f,-0.399f,0.001f,-0.6521f,-0.7581f,0.3568f,0f,0f,0f,1f],start_interpolation: 0,interpolation_duration: 1}
$data merge entity $(bone_barrel) {transformation: [-0.6927f,0.5463f,-0.4708f,0.175f,0.7212f,0.5256f,-0.4512f,-0.5204f,0.001f,-0.6521f,-0.7581f,0.4095f,0f,0f,0f,1f],start_interpolation: 0,interpolation_duration: 1}
$data merge entity $(bone_magazine) {transformation: [-0.6927f,0.5463f,-0.4708f,-0.0222f,0.7212f,0.5256f,-0.4512f,-0.558f,0.001f,-0.6521f,-0.7581f,0.2945f,0f,0f,0f,1f],start_interpolation: 0,interpolation_duration: 1}
$data merge entity $(bone_grip) {transformation: [-0.6927f,0.5463f,-0.4708f,-0.0222f,0.7212f,0.5256f,-0.4512f,-0.558f,0.001f,-0.6521f,-0.7581f,0.2945f,0f,0f,0f,1f],start_interpolation: 0,interpolation_duration: 1}
$data merge entity $(bone_trigger) {transformation: [-0.6927f,0.5463f,-0.4708f,-0.0054f,0.7212f,0.5256f,-0.4512f,-0.5419f,0.001f,-0.6521f,-0.7581f,0.3149f,0f,0f,0f,1f],start_interpolation: 0,interpolation_duration: 1}
$data merge entity $(bone_trigger_gaurd) {transformation: [-0.6927f,0.5463f,-0.4708f,0.0256f,0.7212f,0.5256f,-0.4512f,-0.5121f,0.001f,-0.6521f,-0.7581f,0.3207f,0f,0f,0f,1f],start_interpolation: 0,interpolation_duration: 1}
$data merge entity $(bone_right_arm) {transformation: [-0.6927f,-0.4708f,-0.5463f,-0.2121f,0.7212f,-0.4512f,-0.5256f,-0.6924f,0.001f,-0.7581f,0.6521f,0.0597f,0f,0f,0f,1f],start_interpolation: 0,interpolation_duration: 1}
$data merge entity $(bone_magazine1) {transformation: [0f,0f,0f,0.0253f,0f,0f,0f,-0.4207f,0f,0f,0f,0.2825f,0f,0f,0f,1f],start_interpolation: 0,interpolation_duration: 1}
$data merge entity $(bone_left_arm) {transformation: [-0.3792f,0.3452f,0.8585f,0.2574f,-0.463f,-0.8741f,0.147f,-0.7403f,0.8011f,-0.3418f,0.4913f,0.2076f,0f,0f,0f,1f],start_interpolation: 0,interpolation_duration: 1}
data modify entity @s data merge value {"cameras":{},"locators":{"barrel1":{"px":0.1749140657512223,"py":-0.3386051670354219,"pz":0.5156719958355924,"ry":328.1578886166519,"rx":-26.821926804435464}}}