# This file was generated by Animated Java via MC-Build. It is not recommended to edit this file directly.
$data merge entity $(bone_slide) {transformation: [-0.4152f,0.8058f,-0.4222f,0.19f,0.7193f,0.0067f,-0.6947f,-0.2578f,-0.557f,-0.5921f,-0.5824f,0.2356f,0f,0f,0f,1f],start_interpolation: 0,interpolation_duration: 1}
$data merge entity $(bone_barrel) {transformation: [-0.4152f,0.8058f,-0.4222f,0.194f,0.7193f,0.0067f,-0.6947f,-0.298f,-0.557f,-0.5921f,-0.5824f,0.3772f,0f,0f,0f,1f],start_interpolation: 0,interpolation_duration: 1}
$data merge entity $(bone_magazine) {transformation: [-0.4152f,0.8058f,-0.4222f,0.0231f,0.7193f,0.0067f,-0.6947f,-0.3565f,-0.557f,-0.5921f,-0.5824f,0.2327f,0f,0f,0f,1f],start_interpolation: 0,interpolation_duration: 1}
$data merge entity $(bone_grip) {transformation: [-0.4152f,0.8058f,-0.4222f,0.0231f,0.7193f,0.0067f,-0.6947f,-0.3565f,-0.557f,-0.5921f,-0.5824f,0.2327f,0f,0f,0f,1f],start_interpolation: 0,interpolation_duration: 1}
$data merge entity $(bone_trigger) {transformation: [-0.4152f,0.8058f,-0.4222f,0.0395f,0.7193f,0.0067f,-0.6947f,-0.3352f,-0.557f,-0.5921f,-0.5824f,0.2479f,0f,0f,0f,1f],start_interpolation: 0,interpolation_duration: 1}
$data merge entity $(bone_trigger_gaurd) {transformation: [-0.4152f,0.8058f,-0.4222f,0.0765f,0.7193f,0.0067f,-0.6947f,-0.3124f,-0.557f,-0.5921f,-0.5824f,0.2497f,0f,0f,0f,1f],start_interpolation: 0,interpolation_duration: 1}
$data merge entity $(bone_right_arm) {transformation: [-0.4152f,-0.4222f,-0.8058f,-0.1468f,0.7193f,-0.6947f,-0.0067f,-0.5598f,-0.557f,-0.5824f,0.5921f,0.0351f,0f,0f,0f,1f],start_interpolation: 0,interpolation_duration: 1}
$data merge entity $(bone_magazine1) {transformation: [0f,0f,0f,0.0661f,0f,0f,0f,-0.3034f,0f,0f,0f,0.1411f,0f,0f,0f,1f],start_interpolation: 0,interpolation_duration: 1}
$data merge entity $(bone_left_arm) {transformation: [-0.6203f,0.4656f,0.6312f,0.3183f,-0.1294f,-0.8545f,0.5032f,-0.5742f,0.7736f,0.2304f,0.5903f,0.298f,0f,0f,0f,1f],start_interpolation: 0,interpolation_duration: 1}
data modify entity @s data merge value {"cameras":{},"locators":{"barrel1":{"px":0.22922910566011637,"py":-0.09049460892725947,"pz":0.38319494229723844,"ry":324.0617713587607,"rx":-44.002853962860506}}}