# This file was generated by Animated Java via MC-Build. It is not recommended to edit this file directly.
$data merge entity $(bone_slide) {transformation: [-0.4401f,0.7981f,-0.4115f,0.1803f,0.7305f,0.0517f,-0.681f,-0.2675f,-0.5222f,-0.6003f,-0.6057f,0.2579f,0f,0f,0f,1f],start_interpolation: 0,interpolation_duration: 1}
$data merge entity $(bone_barrel) {transformation: [-0.4401f,0.7981f,-0.4115f,0.187f,0.7305f,0.0517f,-0.681f,-0.3132f,-0.5222f,-0.6003f,-0.6057f,0.3977f,0f,0f,0f,1f],start_interpolation: 0,interpolation_duration: 1}
$data merge entity $(bone_magazine) {transformation: [-0.4401f,0.7981f,-0.4115f,0.0159f,0.7305f,0.0517f,-0.681f,-0.3702f,-0.5222f,-0.6003f,-0.6057f,0.2528f,0f,0f,0f,1f],start_interpolation: 0,interpolation_duration: 1}
$data merge entity $(bone_grip) {transformation: [-0.4401f,0.7981f,-0.4115f,0.0159f,0.7305f,0.0517f,-0.681f,-0.3702f,-0.5222f,-0.6003f,-0.6057f,0.2528f,0f,0f,0f,1f],start_interpolation: 0,interpolation_duration: 1}
$data merge entity $(bone_trigger) {transformation: [-0.4401f,0.7981f,-0.4115f,0.032f,0.7305f,0.0517f,-0.681f,-0.3491f,-0.5222f,-0.6003f,-0.6057f,0.2687f,0f,0f,0f,1f],start_interpolation: 0,interpolation_duration: 1}
$data merge entity $(bone_trigger_gaurd) {transformation: [-0.4401f,0.7981f,-0.4115f,0.0684f,0.7305f,0.0517f,-0.681f,-0.3255f,-0.5222f,-0.6003f,-0.6057f,0.2711f,0f,0f,0f,1f],start_interpolation: 0,interpolation_duration: 1}
$data merge entity $(bone_right_arm) {transformation: [-0.4401f,-0.4115f,-0.7981f,-0.1512f,0.7305f,-0.681f,-0.0517f,-0.5696f,-0.5222f,-0.6057f,0.6003f,0.0489f,0f,0f,0f,1f],start_interpolation: 0,interpolation_duration: 1}
$data merge entity $(bone_magazine1) {transformation: [0f,0f,0f,0.0542f,0f,0f,0f,-0.3112f,0f,0f,0f,0.1682f,0f,0f,0f,1f],start_interpolation: 0,interpolation_duration: 1}
$data merge entity $(bone_left_arm) {transformation: [-0.6021f,0.4896f,0.6307f,0.3156f,-0.1821f,-0.8533f,0.4886f,-0.5833f,0.7774f,0.1794f,0.6029f,0.3069f,0f,0f,0f,1f],start_interpolation: 0,interpolation_duration: 1}
data modify entity @s data merge value {"cameras":{},"locators":{"barrel1":{"px":0.217076812678458,"py":-0.10535805463130518,"pz":0.4118221811913691,"ry":325.8066467675393,"rx":-42.922052389492166}}}