# This file was generated by Animated Java via MC-Build. It is not recommended to edit this file directly.
$data merge entity $(bone_slide) {transformation: [-0.4762f,0.7842f,-0.3978f,0.1665f,0.744f,0.1182f,-0.6576f,-0.2801f,-0.4686f,-0.6091f,-0.6398f,0.2889f,0f,0f,0f,1f],start_interpolation: 0,interpolation_duration: 1}
$data merge entity $(bone_barrel) {transformation: [-0.4762f,0.7842f,-0.3978f,0.1775f,0.744f,0.1182f,-0.6576f,-0.334f,-0.4686f,-0.6091f,-0.6398f,0.4254f,0f,0f,0f,1f],start_interpolation: 0,interpolation_duration: 1}
$data merge entity $(bone_magazine) {transformation: [-0.4762f,0.7842f,-0.3978f,0.0058f,0.744f,0.1182f,-0.6576f,-0.3884f,-0.4686f,-0.6091f,-0.6398f,0.2802f,0f,0f,0f,1f],start_interpolation: 0,interpolation_duration: 1}
$data merge entity $(bone_grip) {transformation: [-0.4762f,0.7842f,-0.3978f,0.0058f,0.744f,0.1182f,-0.6576f,-0.3884f,-0.4686f,-0.6091f,-0.6398f,0.2802f,0f,0f,0f,1f],start_interpolation: 0,interpolation_duration: 1}
$data merge entity $(bone_trigger) {transformation: [-0.4762f,0.7842f,-0.3978f,0.0214f,0.744f,0.1182f,-0.6576f,-0.3677f,-0.4686f,-0.6091f,-0.6398f,0.2971f,0f,0f,0f,1f],start_interpolation: 0,interpolation_duration: 1}
$data merge entity $(bone_trigger_gaurd) {transformation: [-0.4762f,0.7842f,-0.3978f,0.057f,0.744f,0.1182f,-0.6576f,-0.343f,-0.4686f,-0.6091f,-0.6398f,0.3003f,0f,0f,0f,1f],start_interpolation: 0,interpolation_duration: 1}
$data merge entity $(bone_right_arm) {transformation: [-0.4762f,-0.3978f,-0.7842f,-0.1577f,0.744f,-0.6576f,-0.1182f,-0.581f,-0.4686f,-0.6398f,0.6091f,0.0671f,0f,0f,0f,1f],start_interpolation: 0,interpolation_duration: 1}
$data merge entity $(bone_magazine1) {transformation: [0f,0f,0f,0.0416f,0f,0f,0f,-0.3208f,0f,0f,0f,0.1991f,0f,0f,0f,1f],start_interpolation: 0,interpolation_duration: 1}
$data merge entity $(bone_left_arm) {transformation: [-0.5842f,0.5132f,0.6288f,0.3118f,-0.2426f,-0.8497f,0.4682f,-0.5939f,0.7745f,0.121f,0.6208f,0.3174f,0f,0f,0f,1f],start_interpolation: 0,interpolation_duration: 1}
data modify entity @s data merge value {"cameras":{},"locators":{"barrel1":{"px":0.20020214269230047,"py":-0.12640926616573908,"pz":0.4519008321209971,"ry":328.1255247965531,"rx":-41.116512303358135}}}