# This file was generated by Animated Java via MC-Build. It is not recommended to edit this file directly.
$data merge entity $(bone_slide) {transformation: [-0.5192f,0.7647f,-0.3817f,0.1502f,0.7557f,0.2022f,-0.6229f,-0.2932f,-0.3992f,-0.6119f,-0.6828f,0.3297f,0f,0f,0f,1f],start_interpolation: 0,interpolation_duration: 1}
$data merge entity $(bone_barrel) {transformation: [-0.5192f,0.7647f,-0.3817f,0.1665f,0.7557f,0.2022f,-0.6229f,-0.3571f,-0.3992f,-0.6119f,-0.6828f,0.4613f,0f,0f,0f,1f],start_interpolation: 0,interpolation_duration: 1}
$data merge entity $(bone_magazine) {transformation: [-0.5192f,0.7647f,-0.3817f,-0.0056f,0.7557f,0.2022f,-0.6229f,-0.4078f,-0.3992f,-0.6119f,-0.6828f,0.3153f,0f,0f,0f,1f],start_interpolation: 0,interpolation_duration: 1}
$data merge entity $(bone_grip) {transformation: [-0.5192f,0.7647f,-0.3817f,-0.0056f,0.7557f,0.2022f,-0.6229f,-0.4078f,-0.3992f,-0.6119f,-0.6828f,0.3153f,0f,0f,0f,1f],start_interpolation: 0,interpolation_duration: 1}
$data merge entity $(bone_trigger) {transformation: [-0.5192f,0.7647f,-0.3817f,0.0094f,0.7557f,0.2022f,-0.6229f,-0.3878f,-0.3992f,-0.6119f,-0.6828f,0.3335f,0f,0f,0f,1f],start_interpolation: 0,interpolation_duration: 1}
$data merge entity $(bone_trigger_gaurd) {transformation: [-0.5192f,0.7647f,-0.3817f,0.0439f,0.7557f,0.2022f,-0.6229f,-0.3618f,-0.3992f,-0.6119f,-0.6828f,0.338f,0f,0f,0f,1f],start_interpolation: 0,interpolation_duration: 1}
$data merge entity $(bone_right_arm) {transformation: [-0.5192f,-0.3817f,-0.7647f,-0.1649f,0.7557f,-0.6229f,-0.2022f,-0.5905f,-0.3992f,-0.6828f,0.6119f,0.0905f,0f,0f,0f,1f],start_interpolation: 0,interpolation_duration: 1}
$data merge entity $(bone_magazine1) {transformation: [0f,0f,0f,0.0318f,0f,0f,0f,-0.3288f,0f,0f,0f,0.2298f,0f,0f,0f,1f],start_interpolation: 0,interpolation_duration: 1}
$data merge entity $(bone_left_arm) {transformation: [-0.5751f,0.534f,0.6198f,0.309f,-0.3015f,-0.8426f,0.4462f,-0.6017f,0.7605f,0.0698f,0.6455f,0.3312f,0f,0f,0f,1f],start_interpolation: 0,interpolation_duration: 1}
data modify entity @s data merge value {"cameras":{},"locators":{"barrel1":{"px":0.18049951076893173,"py":-0.15141773646603063,"pz":0.5037967311526562,"ry":330.79574392531947,"rx":-38.530106756190165}}}