# This file was generated by Animated Java via MC-Build. It is not recommended to edit this file directly.
$data merge entity $(bone_slide) {transformation: [-0.5647f,0.7393f,-0.3668f,0.1344f,0.7618f,0.2959f,-0.5763f,-0.3069f,-0.3175f,-0.6049f,-0.7303f,0.3797f,0f,0f,0f,1f],start_interpolation: 0,interpolation_duration: 1}
$data merge entity $(bone_barrel) {transformation: [-0.5647f,0.7393f,-0.3668f,0.1563f,0.7618f,0.2959f,-0.5763f,-0.3828f,-0.3175f,-0.6049f,-0.7303f,0.5032f,0f,0f,0f,1f],start_interpolation: 0,interpolation_duration: 1}
$data merge entity $(bone_magazine) {transformation: [-0.5647f,0.7393f,-0.3668f,-0.0165f,0.7618f,0.2959f,-0.5763f,-0.4285f,-0.3175f,-0.6049f,-0.7303f,0.3564f,0f,0f,0f,1f],start_interpolation: 0,interpolation_duration: 1}
$data merge entity $(bone_grip) {transformation: [-0.5647f,0.7393f,-0.3668f,-0.0165f,0.7618f,0.2959f,-0.5763f,-0.4285f,-0.3175f,-0.6049f,-0.7303f,0.3564f,0f,0f,0f,1f],start_interpolation: 0,interpolation_duration: 1}
$data merge entity $(bone_trigger) {transformation: [-0.5647f,0.7393f,-0.3668f,-0.002f,0.7618f,0.2959f,-0.5763f,-0.4096f,-0.3175f,-0.6049f,-0.7303f,0.3761f,0f,0f,0f,1f],start_interpolation: 0,interpolation_duration: 1}
$data merge entity $(bone_trigger_gaurd) {transformation: [-0.5647f,0.7393f,-0.3668f,0.0312f,0.7618f,0.2959f,-0.5763f,-0.3824f,-0.3175f,-0.6049f,-0.7303f,0.3823f,0f,0f,0f,1f],start_interpolation: 0,interpolation_duration: 1}
$data merge entity $(bone_right_arm) {transformation: [-0.5647f,-0.3668f,-0.7393f,-0.1719f,0.7618f,-0.5763f,-0.2959f,-0.5977f,-0.3175f,-0.7303f,0.6049f,0.1187f,0f,0f,0f,1f],start_interpolation: 0,interpolation_duration: 1}
$data merge entity $(bone_magazine1) {transformation: [0f,0f,0f,0.0703f,0f,0f,0f,-0.3222f,0f,0f,0f,0.1922f,0f,0f,0f,1f],start_interpolation: 0,interpolation_duration: 1}
$data merge entity $(bone_left_arm) {transformation: [-0.6928f,0.4457f,0.5669f,0.3074f,-0.1967f,-0.8731f,0.446f,-0.6069f,0.6938f,0.1975f,0.6926f,0.3483f,0f,0f,0f,1f],start_interpolation: 0,interpolation_duration: 1}
data modify entity @s data merge value {"cameras":{},"locators":{"barrel1":{"px":0.16123880908245242,"py":-0.1814081705822941,"pz":0.5642958457402857,"ry":333.3290569339073,"rx":-35.191095975295255}}}