# This file was generated by Animated Java via MC-Build. It is not recommended to edit this file directly.
$data merge entity $(bone_slide) {transformation: [-0.6086f,0.7082f,-0.3579f,0.1402f,0.7599f,0.3904f,-0.5197f,-0.2973f,-0.2284f,-0.5882f,-0.7758f,0.4737f,0f,0f,0f,1f],start_interpolation: 0,interpolation_duration: 1}
$data merge entity $(bone_barrel) {transformation: [-0.6086f,0.7082f,-0.3579f,0.1494f,0.7599f,0.3904f,-0.5197f,-0.412f,-0.2284f,-0.5882f,-0.7758f,0.5463f,0f,0f,0f,1f],start_interpolation: 0,interpolation_duration: 1}
$data merge entity $(bone_magazine) {transformation: [-0.6086f,0.7082f,-0.3579f,-0.0249f,0.7599f,0.3904f,-0.5197f,-0.4517f,-0.2284f,-0.5882f,-0.7758f,0.3995f,0f,0f,0f,1f],start_interpolation: 0,interpolation_duration: 1}
$data merge entity $(bone_grip) {transformation: [-0.6086f,0.7082f,-0.3579f,-0.0249f,0.7599f,0.3904f,-0.5197f,-0.4517f,-0.2284f,-0.5882f,-0.7758f,0.3995f,0f,0f,0f,1f],start_interpolation: 0,interpolation_duration: 1}
$data merge entity $(bone_trigger) {transformation: [-0.6086f,0.7082f,-0.3579f,-0.0108f,0.7599f,0.3904f,-0.5197f,-0.4341f,-0.2284f,-0.5882f,-0.7758f,0.4206f,0f,0f,0f,1f],start_interpolation: 0,interpolation_duration: 1}
$data merge entity $(bone_trigger_gaurd) {transformation: [-0.6086f,0.7082f,-0.3579f,0.0213f,0.7599f,0.3904f,-0.5197f,-0.406f,-0.2284f,-0.5882f,-0.7758f,0.4288f,0f,0f,0f,1f],start_interpolation: 0,interpolation_duration: 1}
$data merge entity $(bone_right_arm) {transformation: [-0.6086f,-0.3579f,-0.7082f,-0.1782f,0.7599f,-0.5197f,-0.3904f,-0.6044f,-0.2284f,-0.7758f,0.5882f,0.1496f,0f,0f,0f,1f],start_interpolation: 0,interpolation_duration: 1}
$data merge entity $(bone_magazine1) {transformation: [0f,0f,0f,0.1163f,0f,0f,0f,-0.3006f,0f,0f,0f,0.1986f,0f,0f,0f,1f],start_interpolation: 0,interpolation_duration: 1}
$data merge entity $(bone_left_arm) {transformation: [-0.729f,0.3123f,0.6092f,0.3069f,-0.0788f,-0.9223f,0.3784f,-0.612f,0.68f,0.2279f,0.6969f,0.3668f,0f,0f,0f,1f],start_interpolation: 0,interpolation_duration: 1}
$execute on vehicle unless entity @s[tag=aj.transforms_only] as $(locator_barrel1) positioned ^0.1462770657 ^-0.217539328 ^0.6269677319 rotated ~335.2355174165 ~-31.3144499202 run function animated_java:glock/animations/equip/zzz/frames/15_locator_barrel1
data modify entity @s data merge value {"cameras":{},"locators":{"barrel1":{"px":0.14627706567013296,"py":-0.21753932799698836,"pz":0.6269677319327775,"ry":335.2355174164712,"rx":-31.314449920229485}}}