# This file was generated by Animated Java via MC-Build. It is not recommended to edit this file directly.
$data merge entity $(bone_slide) {transformation: [-0.6692f,0.6477f,-0.3642f,0.1288f,0.7414f,0.5491f,-0.3857f,-0.3461f,-0.0498f,-0.5281f,-0.8477f,0.5054f,0f,0f,0f,1f],start_interpolation: 0,interpolation_duration: 1}
$data merge entity $(bone_barrel) {transformation: [-0.6692f,0.6477f,-0.3642f,0.1495f,0.7414f,0.5491f,-0.3857f,-0.4716f,-0.0498f,-0.5281f,-0.8477f,0.5536f,0f,0f,0f,1f],start_interpolation: 0,interpolation_duration: 1}
$data merge entity $(bone_magazine) {transformation: [-0.6692f,0.6477f,-0.3642f,-0.0294f,0.7414f,0.5491f,-0.3857f,-0.4953f,-0.0498f,-0.5281f,-0.8477f,0.4089f,0f,0f,0f,1f],start_interpolation: 0,interpolation_duration: 1}
$data merge entity $(bone_grip) {transformation: [-0.6692f,0.6477f,-0.3642f,-0.0294f,0.7414f,0.5491f,-0.3857f,-0.4953f,-0.0498f,-0.5281f,-0.8477f,0.4089f,0f,0f,0f,1f],start_interpolation: 0,interpolation_duration: 1}
$data merge entity $(bone_trigger) {transformation: [-0.6692f,0.6477f,-0.3642f,-0.0155f,0.7414f,0.5491f,-0.3857f,-0.4811f,-0.0498f,-0.5281f,-0.8477f,0.4326f,0f,0f,0f,1f],start_interpolation: 0,interpolation_duration: 1}
$data merge entity $(bone_trigger_gaurd) {transformation: [-0.6692f,0.6477f,-0.3642f,0.0151f,0.7414f,0.5491f,-0.3857f,-0.4528f,-0.0498f,-0.5281f,-0.8477f,0.4449f,0f,0f,0f,1f],start_interpolation: 0,interpolation_duration: 1}
$data merge entity $(bone_right_arm) {transformation: [-0.6692f,-0.3642f,-0.6477f,-0.1857f,0.7414f,-0.3857f,-0.5491f,-0.608f,-0.0498f,-0.8477f,0.5281f,0.1404f,0f,0f,0f,1f],start_interpolation: 0,interpolation_duration: 1}
$data merge entity $(bone_magazine1) {transformation: [0f,0f,0f,0.1117f,0f,0f,0f,-0.2758f,0f,0f,0f,0.3104f,0f,0f,0f,1f],start_interpolation: 0,interpolation_duration: 1}
$data merge entity $(bone_left_arm) {transformation: [-0.4403f,0.3162f,0.8403f,0.3305f,-0.2064f,-0.9465f,0.248f,-0.6116f,0.8738f,-0.0642f,0.482f,0.3414f,0f,0f,0f,1f],start_interpolation: 0,interpolation_duration: 1}
data modify entity @s data merge value {"cameras":{},"locators":{"barrel1":{"px":0.1378735755487727,"py":-0.29721018231976437,"pz":0.67096232847745,"ry":336.74987585933843,"rx":-22.686297362236882}}}