# This file was generated by Animated Java via MC-Build. It is not recommended to edit this file directly.
$data merge entity $(bone_slide) {transformation: [-0.7213f,0.5843f,-0.372f,0.127f,0.6874f,0.6695f,-0.2814f,-0.3835f,0.0846f,-0.4587f,-0.8846f,0.5053f,0f,0f,0f,1f],start_interpolation: 0,interpolation_duration: 1}
$data merge entity $(bone_barrel) {transformation: [-0.7213f,0.5843f,-0.372f,0.1586f,0.6874f,0.6695f,-0.2814f,-0.5129f,0.0846f,-0.4587f,-0.8846f,0.5332f,0f,0f,0f,1f],start_interpolation: 0,interpolation_duration: 1}
$data merge entity $(bone_magazine) {transformation: [-0.7213f,0.5843f,-0.372f,-0.0243f,0.6874f,0.6695f,-0.2814f,-0.5283f,0.0846f,-0.4587f,-0.8846f,0.3923f,0f,0f,0f,1f],start_interpolation: 0,interpolation_duration: 1}
$data merge entity $(bone_grip) {transformation: [-0.7213f,0.5843f,-0.372f,-0.0243f,0.6874f,0.6695f,-0.2814f,-0.5283f,0.0846f,-0.4587f,-0.8846f,0.3923f,0f,0f,0f,1f],start_interpolation: 0,interpolation_duration: 1}
$data merge entity $(bone_trigger) {transformation: [-0.7213f,0.5843f,-0.372f,-0.0103f,0.6874f,0.6695f,-0.2814f,-0.5167f,0.0846f,-0.4587f,-0.8846f,0.4174f,0f,0f,0f,1f],start_interpolation: 0,interpolation_duration: 1}
$data merge entity $(bone_trigger_gaurd) {transformation: [-0.7213f,0.5843f,-0.372f,0.0186f,0.6874f,0.6695f,-0.2814f,-0.4883f,0.0846f,-0.4587f,-0.8846f,0.4328f,0f,0f,0f,1f],start_interpolation: 0,interpolation_duration: 1}
$data merge entity $(bone_right_arm) {transformation: [-0.7213f,-0.372f,-0.5843f,-0.1835f,0.6874f,-0.2814f,-0.6695f,-0.6112f,0.0846f,-0.8846f,0.4587f,0.1148f,0f,0f,0f,1f],start_interpolation: 0,interpolation_duration: 1}
$data merge entity $(bone_magazine1) {transformation: [0f,0f,0f,0.1348f,0f,0f,0f,-0.2694f,0f,0f,0f,0.3781f,0f,0f,0f,1f],start_interpolation: 0,interpolation_duration: 1}
$data merge entity $(bone_left_arm) {transformation: [-0.2473f,0.1951f,0.9491f,0.3195f,-0.3697f,-0.9244f,0.0937f,-0.6145f,0.8956f,-0.3277f,0.3007f,0.2866f,0f,0f,0f,1f],start_interpolation: 0,interpolation_duration: 1}
data modify entity @s data merge value {"cameras":{},"locators":{"barrel1":{"px":0.13967271945769125,"py":-0.35932988861807325,"pz":0.675965115941653,"ry":337.1921324698278,"rx":-16.3439202538929}}}