# This file was generated by Animated Java via MC-Build. It is not recommended to edit this file directly.
$data merge entity $(bone_slide) {transformation: [-0.8137f,0.4733f,-0.3374f,0.1046f,0.562f,0.7887f,-0.2492f,-0.3679f,0.1481f,-0.3924f,-0.9078f,0.5136f,0f,0f,0f,1f],start_interpolation: 0,interpolation_duration: 1}
$data merge entity $(bone_barrel) {transformation: [-0.8137f,0.4733f,-0.3374f,0.1553f,0.562f,0.7887f,-0.2492f,-0.4932f,0.1481f,-0.3924f,-0.9078f,0.5291f,0f,0f,0f,1f],start_interpolation: 0,interpolation_duration: 1}
$data merge entity $(bone_magazine) {transformation: [-0.8137f,0.4733f,-0.3374f,-0.025f,0.562f,0.7887f,-0.2492f,-0.5222f,0.1481f,-0.3924f,-0.9078f,0.3871f,0f,0f,0f,1f],start_interpolation: 0,interpolation_duration: 1}
$data merge entity $(bone_grip) {transformation: [-0.8137f,0.4733f,-0.3374f,-0.025f,0.562f,0.7887f,-0.2492f,-0.5222f,0.1481f,-0.3924f,-0.9078f,0.3871f,0f,0f,0f,1f],start_interpolation: 0,interpolation_duration: 1}
$data merge entity $(bone_trigger) {transformation: [-0.8137f,0.4733f,-0.3374f,-0.0126f,0.562f,0.7887f,-0.2492f,-0.5112f,0.1481f,-0.3924f,-0.9078f,0.4132f,0f,0f,0f,1f],start_interpolation: 0,interpolation_duration: 1}
$data merge entity $(bone_trigger_gaurd) {transformation: [-0.8137f,0.4733f,-0.3374f,0.012f,0.562f,0.7887f,-0.2492f,-0.4803f,0.1481f,-0.3924f,-0.9078f,0.4313f,0f,0f,0f,1f],start_interpolation: 0,interpolation_duration: 1}
$data merge entity $(bone_right_arm) {transformation: [-0.8137f,-0.3374f,-0.4733f,-0.1737f,0.562f,-0.2492f,-0.7887f,-0.6014f,0.1481f,-0.9078f,0.3924f,0.1028f,0f,0f,0f,1f],start_interpolation: 0,interpolation_duration: 1}
$data merge entity $(bone_magazine1) {transformation: [0f,0f,0f,0.1224f,0f,0f,0f,-0.2725f,0f,0f,0f,0.399f,0f,0f,0f,1f],start_interpolation: 0,interpolation_duration: 1}
$data merge entity $(bone_left_arm) {transformation: [-0.268f,0.1565f,0.9506f,0.2925f,-0.5072f,-0.8618f,-0.0011f,-0.6045f,0.8191f,-0.4824f,0.3104f,0.2491f,0f,0f,0f,1f],start_interpolation: 0,interpolation_duration: 1}
data modify entity @s data merge value {"cameras":{},"locators":{"barrel1":{"px":0.11576943903345915,"py":-0.358223232676949,"pz":0.6857676290060025,"ry":339.6132607082636,"rx":-14.431805398386034}}}