# This file was generated by Animated Java via MC-Build. It is not recommended to edit this file directly.
$data merge entity $(bone_slide) {transformation: [-0.8899f,0.3632f,-0.2759f,0.0735f,0.4247f,0.8804f,-0.211f,-0.3469f,0.1663f,-0.305f,-0.9377f,0.5286f,0f,0f,0f,1f],start_interpolation: 0,interpolation_duration: 1}
$data merge entity $(bone_barrel) {transformation: [-0.8899f,0.3632f,-0.2759f,0.1414f,0.4247f,0.8804f,-0.211f,-0.4646f,0.1663f,-0.305f,-0.9377f,0.5351f,0f,0f,0f,1f],start_interpolation: 0,interpolation_duration: 1}
$data merge entity $(bone_magazine) {transformation: [-0.8899f,0.3632f,-0.2759f,-0.0293f,0.4247f,0.8804f,-0.211f,-0.5059f,0.1663f,-0.305f,-0.9377f,0.3847f,0f,0f,0f,1f],start_interpolation: 0,interpolation_duration: 1}
$data merge entity $(bone_grip) {transformation: [-0.8899f,0.3632f,-0.2759f,-0.0293f,0.4247f,0.8804f,-0.211f,-0.5059f,0.1663f,-0.305f,-0.9377f,0.3847f,0f,0f,0f,1f],start_interpolation: 0,interpolation_duration: 1}
$data merge entity $(bone_trigger) {transformation: [-0.8899f,0.3632f,-0.2759f,-0.0193f,0.4247f,0.8804f,-0.211f,-0.4956f,0.1663f,-0.305f,-0.9377f,0.412f,0f,0f,0f,1f],start_interpolation: 0,interpolation_duration: 1}
$data merge entity $(bone_trigger_gaurd) {transformation: [-0.8899f,0.3632f,-0.2759f,0.0002f,0.4247f,0.8804f,-0.211f,-0.4634f,0.1663f,-0.305f,-0.9377f,0.4337f,0f,0f,0f,1f],start_interpolation: 0,interpolation_duration: 1}
$data merge entity $(bone_right_arm) {transformation: [-0.8899f,-0.2759f,-0.3632f,-0.1581f,0.4247f,-0.211f,-0.8804f,-0.5792f,0.1663f,-0.9377f,0.305f,0.0892f,0f,0f,0f,1f],start_interpolation: 0,interpolation_duration: 1}
$data merge entity $(bone_magazine1) {transformation: [0f,0f,0f,0.1f,0f,0f,0f,-0.275f,0f,0f,0f,0.417f,0f,0f,0f,1f],start_interpolation: 0,interpolation_duration: 1}
$data merge entity $(bone_left_arm) {transformation: [-0.3286f,0.1114f,0.9379f,0.2513f,-0.6391f,-0.7573f,-0.134f,-0.5821f,0.6954f,-0.6435f,0.32f,0.2062f,0f,0f,0f,1f],start_interpolation: 0,interpolation_duration: 1}
data modify entity @s data merge value {"cameras":{},"locators":{"barrel1":{"px":0.07901374535684415,"py":-0.35142634565723446,"pz":0.7013401766640615,"ry":343.60316754001343,"rx":-12.183248642476407}}}