# This file was generated by Animated Java via MC-Build. It is not recommended to edit this file directly.
$data merge entity $(bone_slide) {transformation: [-0.9061f,0.3704f,-0.2042f,0.0561f,0.4041f,0.9008f,-0.159f,-0.3386f,0.125f,-0.2266f,-0.9659f,0.5417f,0f,0f,0f,1f],start_interpolation: 0,interpolation_duration: 1}
$data merge entity $(bone_barrel) {transformation: [-0.9061f,0.3704f,-0.2042f,0.1253f,0.4041f,0.9008f,-0.159f,-0.4557f,0.125f,-0.2266f,-0.9659f,0.5464f,0f,0f,0f,1f],start_interpolation: 0,interpolation_duration: 1}
$data merge entity $(bone_magazine) {transformation: [-0.9061f,0.3704f,-0.2042f,-0.0335f,0.4041f,0.9008f,-0.159f,-0.4902f,0.125f,-0.2266f,-0.9659f,0.3817f,0f,0f,0f,1f],start_interpolation: 0,interpolation_duration: 1}
$data merge entity $(bone_grip) {transformation: [-0.9061f,0.3704f,-0.2042f,-0.0335f,0.4041f,0.9008f,-0.159f,-0.4902f,0.125f,-0.2266f,-0.9659f,0.3817f,0f,0f,0f,1f],start_interpolation: 0,interpolation_duration: 1}
$data merge entity $(bone_trigger) {transformation: [-0.9061f,0.3704f,-0.2042f,-0.0257f,0.4041f,0.9008f,-0.159f,-0.4813f,0.125f,-0.2266f,-0.9659f,0.4103f,0f,0f,0f,1f],start_interpolation: 0,interpolation_duration: 1}
$data merge entity $(bone_trigger_gaurd) {transformation: [-0.9061f,0.3704f,-0.2042f,-0.0083f,0.4041f,0.9008f,-0.159f,-0.4502f,0.125f,-0.2266f,-0.9659f,0.4351f,0f,0f,0f,1f],start_interpolation: 0,interpolation_duration: 1}
$data merge entity $(bone_right_arm) {transformation: [-0.9061f,-0.2042f,-0.3704f,-0.1395f,0.4041f,-0.159f,-0.9008f,-0.5475f,0.125f,-0.9659f,0.2266f,0.0739f,0f,0f,0f,1f],start_interpolation: 0,interpolation_duration: 1}
$data merge entity $(bone_magazine1) {transformation: [0f,0f,0f,0.0691f,0f,0f,0f,-0.2827f,0f,0f,0f,0.428f,0f,0f,0f,1f],start_interpolation: 0,interpolation_duration: 1}
$data merge entity $(bone_left_arm) {transformation: [-0.4196f,0.0769f,0.9044f,0.2032f,-0.7381f,-0.6088f,-0.2907f,-0.5507f,0.5283f,-0.7896f,0.3122f,0.1601f,0f,0f,0f,1f],start_interpolation: 0,interpolation_duration: 1}
data modify entity @s data merge value {"cameras":{},"locators":{"barrel1":{"px":0.04922293115545434,"py":-0.3531852965913397,"pz":0.7137852336077728,"ry":348.06569018496265,"rx":-9.148916752496499}}}