# This file was generated by Animated Java via MC-Build. It is not recommended to edit this file directly.
$data merge entity $(bone_slide) {transformation: [-0.918f,0.3752f,-0.1289f,0.0367f,0.3893f,0.9144f,-0.111f,-0.3246f,0.0762f,-0.1521f,-0.9854f,0.5482f,0f,0f,0f,1f],start_interpolation: 0,interpolation_duration: 1}
$data merge entity $(bone_barrel) {transformation: [-0.918f,0.3752f,-0.1289f,0.1067f,0.3893f,0.9144f,-0.111f,-0.4412f,0.0762f,-0.1521f,-0.9854f,0.5522f,0f,0f,0f,1f],start_interpolation: 0,interpolation_duration: 1}
$data merge entity $(bone_magazine) {transformation: [-0.918f,0.3752f,-0.1289f,-0.0388f,0.3893f,0.9144f,-0.111f,-0.4686f,0.0762f,-0.1521f,-0.9854f,0.3744f,0f,0f,0f,1f],start_interpolation: 0,interpolation_duration: 1}
$data merge entity $(bone_grip) {transformation: [-0.918f,0.3752f,-0.1289f,-0.0388f,0.3893f,0.9144f,-0.111f,-0.4686f,0.0762f,-0.1521f,-0.9854f,0.3744f,0f,0f,0f,1f],start_interpolation: 0,interpolation_duration: 1}
$data merge entity $(bone_trigger) {transformation: [-0.918f,0.3752f,-0.1289f,-0.0332f,0.3893f,0.9144f,-0.111f,-0.4612f,0.0762f,-0.1521f,-0.9854f,0.4039f,0f,0f,0f,1f],start_interpolation: 0,interpolation_duration: 1}
$data merge entity $(bone_trigger_gaurd) {transformation: [-0.918f,0.3752f,-0.1289f,-0.0182f,0.3893f,0.9144f,-0.111f,-0.4312f,0.0762f,-0.1521f,-0.9854f,0.4315f,0f,0f,0f,1f],start_interpolation: 0,interpolation_duration: 1}
$data merge entity $(bone_right_arm) {transformation: [-0.918f,-0.1289f,-0.3752f,-0.1206f,0.3893f,-0.111f,-0.9144f,-0.511f,0.0762f,-0.9854f,0.1521f,0.057f,0f,0f,0f,1f],start_interpolation: 0,interpolation_duration: 1}
$data merge entity $(bone_magazine1) {transformation: [0f,0f,0f,0.0308f,0f,0f,0f,-0.2976f,0f,0f,0f,0.4277f,0f,0f,0f,1f],start_interpolation: 0,interpolation_duration: 1}
$data merge entity $(bone_left_arm) {transformation: [-0.5276f,0.0686f,0.8467f,0.155f,-0.7817f,-0.4293f,-0.4524f,-0.5151f,0.3325f,-0.9005f,0.2801f,0.1133f,0f,0f,0f,1f],start_interpolation: 0,interpolation_duration: 1}
data modify entity @s data merge value {"cameras":{},"locators":{"barrel1":{"px":0.01700721892290577,"py":-0.3480891300842907,"pz":0.7183111975574883,"ry":352.5473176886717,"rx":-6.375353521466505}}}