# This file was generated by Animated Java via MC-Build. It is not recommended to edit this file directly.
$data merge entity $(bone_slide) {transformation: [-0.9422f,0.3203f,-0.0984f,0.0292f,0.3266f,0.9435f,-0.0556f,-0.3121f,0.075f,-0.0845f,-0.9936f,0.5446f,0f,0f,0f,1f],start_interpolation: 0,interpolation_duration: 1}
$data merge entity $(bone_barrel) {transformation: [-0.9422f,0.3203f,-0.0984f,0.1064f,0.3266f,0.9435f,-0.0556f,-0.4242f,0.075f,-0.0845f,-0.9936f,0.5432f,0f,0f,0f,1f],start_interpolation: 0,interpolation_duration: 1}
$data merge entity $(bone_magazine) {transformation: [-0.9422f,0.3203f,-0.0984f,-0.0329f,0.3266f,0.9435f,-0.0556f,-0.449f,0.075f,-0.0845f,-0.9936f,0.3602f,0f,0f,0f,1f],start_interpolation: 0,interpolation_duration: 1}
$data merge entity $(bone_grip) {transformation: [-0.9422f,0.3203f,-0.0984f,-0.0329f,0.3266f,0.9435f,-0.0556f,-0.449f,0.075f,-0.0845f,-0.9936f,0.3602f,0f,0f,0f,1f],start_interpolation: 0,interpolation_duration: 1}
$data merge entity $(bone_trigger) {transformation: [-0.9422f,0.3203f,-0.0984f,-0.0285f,0.3266f,0.9435f,-0.0556f,-0.4432f,0.075f,-0.0845f,-0.9936f,0.3903f,0f,0f,0f,1f],start_interpolation: 0,interpolation_duration: 1}
$data merge entity $(bone_trigger_gaurd) {transformation: [-0.9422f,0.3203f,-0.0984f,-0.0161f,0.3266f,0.9435f,-0.0556f,-0.4141f,0.075f,-0.0845f,-0.9936f,0.4201f,0f,0f,0f,1f],start_interpolation: 0,interpolation_duration: 1}
$data merge entity $(bone_right_arm) {transformation: [-0.9422f,-0.0984f,-0.3203f,-0.1044f,0.3266f,-0.0556f,-0.9435f,-0.476f,0.075f,-0.9936f,0.0845f,0.0386f,0f,0f,0f,1f],start_interpolation: 0,interpolation_duration: 1}
$data merge entity $(bone_magazine1) {transformation: [0f,0f,0f,-0.0116f,0f,0f,0f,-0.3177f,0f,0f,0f,0.4145f,0f,0f,0f,1f],start_interpolation: 0,interpolation_duration: 1}
$data merge entity $(bone_left_arm) {transformation: [-0.6354f,0.0945f,0.7664f,0.1134f,-0.7611f,-0.2448f,-0.6007f,-0.4814f,0.1308f,-0.965f,0.2274f,0.0692f,0f,0f,0f,1f],start_interpolation: 0,interpolation_duration: 1}
data modify entity @s data merge value {"cameras":{},"locators":{"barrel1":{"px":0.007094811450796594,"py":-0.3475390999326528,"pz":0.7123399128126872,"ry":354.3436282707245,"rx":-3.1860927198439577}}}