# This file was generated by Animated Java via MC-Build. It is not recommended to edit this file directly.
$data merge entity $(bone_slide) {transformation: [-0.9659f,0.2496f,-0.0692f,0.0144f,0.2505f,0.9681f,-0.0043f,-0.3066f,0.066f,-0.0215f,-0.9976f,0.5369f,0f,0f,0f,1f],start_interpolation: 0,interpolation_duration: 1}
$data merge entity $(bone_barrel) {transformation: [-0.9659f,0.2496f,-0.0692f,0.0999f,0.2505f,0.9681f,-0.0043f,-0.4124f,0.066f,-0.0215f,-0.9976f,0.5314f,0f,0f,0f,1f],start_interpolation: 0,interpolation_duration: 1}
$data merge entity $(bone_magazine) {transformation: [-0.9659f,0.2496f,-0.0692f,-0.0325f,0.2505f,0.9681f,-0.0043f,-0.4367f,0.066f,-0.0215f,-0.9976f,0.3433f,0f,0f,0f,1f],start_interpolation: 0,interpolation_duration: 1}
$data merge entity $(bone_grip) {transformation: [-0.9659f,0.2496f,-0.0692f,-0.0325f,0.2505f,0.9681f,-0.0043f,-0.4367f,0.066f,-0.0215f,-0.9976f,0.3433f,0f,0f,0f,1f],start_interpolation: 0,interpolation_duration: 1}
$data merge entity $(bone_trigger) {transformation: [-0.9659f,0.2496f,-0.0692f,-0.0293f,0.2505f,0.9681f,-0.0043f,-0.4323f,0.066f,-0.0215f,-0.9976f,0.3737f,0f,0f,0f,1f],start_interpolation: 0,interpolation_duration: 1}
$data merge entity $(bone_trigger_gaurd) {transformation: [-0.9659f,0.2496f,-0.0692f,-0.0199f,0.2505f,0.9681f,-0.0043f,-0.4042f,0.066f,-0.0215f,-0.9976f,0.4055f,0f,0f,0f,1f],start_interpolation: 0,interpolation_duration: 1}
$data merge entity $(bone_right_arm) {transformation: [-0.9659f,-0.0692f,-0.2496f,-0.0937f,0.2505f,-0.0043f,-0.9681f,-0.45f,0.066f,-0.9976f,0.0215f,0.0187f,0f,0f,0f,1f],start_interpolation: 0,interpolation_duration: 1}
$data merge entity $(bone_magazine1) {transformation: [0f,0f,0f,-0.0514f,0f,0f,0f,-0.34f,0f,0f,0f,0.3913f,0f,0f,0f,1f],start_interpolation: 0,interpolation_duration: 1}
$data merge entity $(bone_left_arm) {transformation: [-0.7265f,0.1515f,0.6702f,0.0844f,-0.6851f,-0.0848f,-0.7235f,-0.4562f,-0.0528f,-0.9848f,0.1654f,0.0312f,0f,0f,0f,1f],start_interpolation: 0,interpolation_duration: 1}
data modify entity @s data merge value {"cameras":{},"locators":{"barrel1":{"px":-0.0091067892348561,"py":-0.35336978334872216,"pz":0.7016194077942681,"ry":356.0293261074651,"rx":-0.24599644647941138}}}
execute on vehicle unless entity @s[tag=aj.transforms_only] at @s run function animated_java:glock/animations/equip/zzz/frames/25_root_function