# This file was generated by Animated Java via MC-Build. It is not recommended to edit this file directly.
$data merge entity $(bone_slide) {transformation: [-0.9829f,0.1789f,-0.0424f,-0.0061f,0.1777f,0.9836f,0.0312f,-0.3095f,0.0473f,0.0231f,-0.9986f,0.5549f,0f,0f,0f,1f],start_interpolation: 0,interpolation_duration: 1}
$data merge entity $(bone_barrel) {transformation: [-0.9829f,0.1789f,-0.0424f,0.0869f,0.1777f,0.9836f,0.0312f,-0.4085f,0.0473f,0.0231f,-0.9986f,0.5479f,0f,0f,0f,1f],start_interpolation: 0,interpolation_duration: 1}
$data merge entity $(bone_magazine) {transformation: [-0.9829f,0.1789f,-0.0424f,-0.0383f,0.1777f,0.9836f,0.0312f,-0.4346f,0.0473f,0.0231f,-0.9986f,0.3551f,0f,0f,0f,1f],start_interpolation: 0,interpolation_duration: 1}
$data merge entity $(bone_grip) {transformation: [-0.9829f,0.1789f,-0.0424f,-0.0383f,0.1777f,0.9836f,0.0312f,-0.4346f,0.0473f,0.0231f,-0.9986f,0.3551f,0f,0f,0f,1f],start_interpolation: 0,interpolation_duration: 1}
$data merge entity $(bone_trigger) {transformation: [-0.9829f,0.1789f,-0.0424f,-0.0362f,0.1777f,0.9836f,0.0312f,-0.4313f,0.0473f,0.0231f,-0.9986f,0.3858f,0f,0f,0f,1f],start_interpolation: 0,interpolation_duration: 1}
$data merge entity $(bone_trigger_gaurd) {transformation: [-0.9829f,0.1789f,-0.0424f,-0.0297f,0.1777f,0.9836f,0.0312f,-0.4039f,0.0473f,0.0231f,-0.9986f,0.4189f,0f,0f,0f,1f],start_interpolation: 0,interpolation_duration: 1}
$data merge entity $(bone_right_arm) {transformation: [-0.9829f,-0.0424f,-0.1789f,-0.0898f,0.1777f,0.0312f,-0.9836f,-0.4391f,0.0473f,-0.9986f,-0.0231f,0.0287f,0f,0f,0f,1f],start_interpolation: 0,interpolation_duration: 1}
$data merge entity $(bone_magazine1) {transformation: [0f,0f,0f,-0.0658f,0f,0f,0f,-0.3583f,0f,0f,0f,0.4015f,0f,0f,0f,1f],start_interpolation: 0,interpolation_duration: 1}
$data merge entity $(bone_left_arm) {transformation: [-0.7911f,0.2306f,0.5666f,0.0884f,-0.5779f,0.0218f,-0.8158f,-0.4441f,-0.2005f,-0.9728f,0.1161f,0.0403f,0f,0f,0f,1f],start_interpolation: 0,interpolation_duration: 1}
data modify entity @s data merge value {"cameras":{},"locators":{"barrel1":{"px":-0.030489924169358883,"py":-0.3644413592839848,"pz":0.7169685955589602,"ry":357.56901525292346,"rx":1.7879386031186917}}}