# This file was generated by Animated Java via MC-Build. It is not recommended to edit this file directly.
$data merge entity $(bone_slide) {transformation: [-0.993f,0.1162f,-0.0203f,-0.0252f,0.1148f,0.9917f,0.057f,-0.3145f,0.0268f,0.0543f,-0.9982f,0.5649f,0f,0f,0f,1f],start_interpolation: 0,interpolation_duration: 1}
$data merge entity $(bone_barrel) {transformation: [-0.993f,0.1162f,-0.0203f,0.074f,0.1148f,0.9917f,0.057f,-0.4073f,0.0268f,0.0543f,-0.9982f,0.5576f,0f,0f,0f,1f],start_interpolation: 0,interpolation_duration: 1}
$data merge entity $(bone_magazine) {transformation: [-0.993f,0.1162f,-0.0203f,-0.0447f,0.1148f,0.9917f,0.057f,-0.4356f,0.0268f,0.0543f,-0.9982f,0.3611f,0f,0f,0f,1f],start_interpolation: 0,interpolation_duration: 1}
$data merge entity $(bone_grip) {transformation: [-0.993f,0.1162f,-0.0203f,-0.0447f,0.1148f,0.9917f,0.057f,-0.4356f,0.0268f,0.0543f,-0.9982f,0.3611f,0f,0f,0f,1f],start_interpolation: 0,interpolation_duration: 1}
$data merge entity $(bone_trigger) {transformation: [-0.993f,0.1162f,-0.0203f,-0.0436f,0.1148f,0.9917f,0.057f,-0.4331f,0.0268f,0.0543f,-0.9982f,0.3919f,0f,0f,0f,1f],start_interpolation: 0,interpolation_duration: 1}
$data merge entity $(bone_trigger_gaurd) {transformation: [-0.993f,0.1162f,-0.0203f,-0.0396f,0.1148f,0.9917f,0.057f,-0.4063f,0.0268f,0.0543f,-0.9982f,0.4258f,0f,0f,0f,1f],start_interpolation: 0,interpolation_duration: 1}
$data merge entity $(bone_right_arm) {transformation: [-0.993f,-0.0203f,-0.1162f,-0.088f,0.1148f,0.057f,-0.9917f,-0.434f,0.0268f,-0.9982f,-0.0543f,0.0334f,0f,0f,0f,1f],start_interpolation: 0,interpolation_duration: 1}
$data merge entity $(bone_magazine1) {transformation: [0f,0f,0f,-0.085f,0f,0f,0f,-0.3691f,0f,0f,0f,0.3996f,0f,0f,0f,1f],start_interpolation: 0,interpolation_duration: 1}
$data merge entity $(bone_left_arm) {transformation: [-0.8231f,0.313f,0.4738f,0.0903f,-0.4732f,0.083f,-0.877f,-0.4384f,-0.3138f,-0.9461f,0.0798f,0.0446f,0f,0f,0f,1f],start_interpolation: 0,interpolation_duration: 1}
data modify entity @s data merge value {"cameras":{},"locators":{"barrel1":{"px":-0.04998565902542633,"py":-0.3754812362347289,"pz":0.724721087991022,"ry":358.8340675382071,"rx":3.267974859422393}}}