# This file was generated by Animated Java via MC-Build. It is not recommended to edit this file directly.
$data merge entity $(bone_slide) {transformation: [-0.9972f,0.0752f,-0.0046f,-0.0394f,0.0747f,0.9948f,0.0685f,-0.318f,0.0098f,0.068f,-0.9976f,0.5679f,0f,0f,0f,1f],start_interpolation: 0,interpolation_duration: 1}
$data merge entity $(bone_barrel) {transformation: [-0.9972f,0.0752f,-0.0046f,0.0636f,0.0747f,0.9948f,0.0685f,-0.4067f,0.0098f,0.068f,-0.9976f,0.5614f,0f,0f,0f,1f],start_interpolation: 0,interpolation_duration: 1}
$data merge entity $(bone_magazine) {transformation: [-0.9972f,0.0752f,-0.0046f,-0.0504f,0.0747f,0.9948f,0.0685f,-0.4373f,0.0098f,0.068f,-0.9976f,0.3624f,0f,0f,0f,1f],start_interpolation: 0,interpolation_duration: 1}
$data merge entity $(bone_grip) {transformation: [-0.9972f,0.0752f,-0.0046f,-0.0504f,0.0747f,0.9948f,0.0685f,-0.4373f,0.0098f,0.068f,-0.9976f,0.3624f,0f,0f,0f,1f],start_interpolation: 0,interpolation_duration: 1}
$data merge entity $(bone_trigger) {transformation: [-0.9972f,0.0752f,-0.0046f,-0.0499f,0.0747f,0.9948f,0.0685f,-0.4351f,0.0098f,0.068f,-0.9976f,0.3932f,0f,0f,0f,1f],start_interpolation: 0,interpolation_duration: 1}
$data merge entity $(bone_trigger_gaurd) {transformation: [-0.9972f,0.0752f,-0.0046f,-0.0476f,0.0747f,0.9948f,0.0685f,-0.4086f,0.0098f,0.068f,-0.9976f,0.4276f,0f,0f,0f,1f],start_interpolation: 0,interpolation_duration: 1}
$data merge entity $(bone_right_arm) {transformation: [-0.9972f,-0.0046f,-0.0752f,-0.0877f,0.0747f,0.0685f,-0.9948f,-0.4334f,0.0098f,-0.9976f,-0.068f,0.034f,0f,0f,0f,1f],start_interpolation: 0,interpolation_duration: 1}
$data merge entity $(bone_magazine1) {transformation: [0f,0f,0f,-0.1019f,0f,0f,0f,-0.3746f,0f,0f,0f,0.3924f,0f,0f,0f,1f],start_interpolation: 0,interpolation_duration: 1}
$data merge entity $(bone_left_arm) {transformation: [-0.832f,0.3777f,0.4064f,0.0905f,-0.3956f,0.1097f,-0.9119f,-0.4377f,-0.389f,-0.9194f,0.0582f,0.0451f,0f,0f,0f,1f],start_interpolation: 0,interpolation_duration: 1}
data modify entity @s data merge value {"cameras":{},"locators":{"barrel1":{"px":-0.06457687754214018,"py":-0.3819332075254483,"pz":0.7265545726070743,"ry":359.7340787373762,"rx":3.930111018430662}}}