# This file was generated by Animated Java via MC-Build. It is not recommended to edit this file directly.
$data merge entity $(bone_slide) {transformation: [-0.997f,0.0767f,-0.0066f,-0.039f,0.0766f,0.9968f,0.0238f,-0.2968f,0.0084f,0.0233f,-0.9997f,0.5599f,0f,0f,0f,1f],start_interpolation: 0,interpolation_duration: 1}
$data merge entity $(bone_barrel) {transformation: [-0.997f,0.0767f,-0.0066f,0.0638f,0.0766f,0.9968f,0.0238f,-0.3858f,0.0084f,0.0233f,-0.9997f,0.5571f,0f,0f,0f,1f],start_interpolation: 0,interpolation_duration: 1}
$data merge entity $(bone_magazine) {transformation: [-0.997f,0.0767f,-0.0066f,-0.0506f,0.0766f,0.9968f,0.0238f,-0.4251f,0.0084f,0.0233f,-0.9997f,0.3599f,0f,0f,0f,1f],start_interpolation: 0,interpolation_duration: 1}
$data merge entity $(bone_grip) {transformation: [-0.997f,0.0767f,-0.0066f,-0.0506f,0.0766f,0.9968f,0.0238f,-0.4251f,0.0084f,0.0233f,-0.9997f,0.3599f,0f,0f,0f,1f],start_interpolation: 0,interpolation_duration: 1}
$data merge entity $(bone_trigger) {transformation: [-0.997f,0.0767f,-0.0066f,-0.05f,0.0766f,0.9968f,0.0238f,-0.4215f,0.0084f,0.0233f,-0.9997f,0.3906f,0f,0f,0f,1f],start_interpolation: 0,interpolation_duration: 1}
$data merge entity $(bone_trigger_gaurd) {transformation: [-0.997f,0.0767f,-0.0066f,-0.0476f,0.0766f,0.9968f,0.0238f,-0.3935f,0.0084f,0.0233f,-0.9997f,0.4237f,0f,0f,0f,1f],start_interpolation: 0,interpolation_duration: 1}
$data merge entity $(bone_right_arm) {transformation: [-0.997f,-0.0066f,-0.0767f,-0.0886f,0.0766f,0.0238f,-0.9968f,-0.4358f,0.0084f,-0.9997f,-0.0233f,0.0318f,0f,0f,0f,1f],start_interpolation: 0,interpolation_duration: 1}
$data merge entity $(bone_magazine1) {transformation: [0f,0f,0f,-0.1073f,0f,0f,0f,-0.3608f,0f,0f,0f,0.3843f,0f,0f,0f,1f],start_interpolation: 0,interpolation_duration: 1}
$data merge entity $(bone_left_arm) {transformation: [-0.8323f,0.3949f,0.389f,0.0896f,-0.3958f,0.0679f,-0.9158f,-0.4404f,-0.3881f,-0.9162f,0.0997f,0.0431f,0f,0f,0f,1f],start_interpolation: 0,interpolation_duration: 1}
data modify entity @s data merge value {"cameras":{},"locators":{"barrel1":{"px":-0.0639597832716606,"py":-0.3534765790122306,"pz":0.7212680631999403,"ry":359.62305894288346,"rx":1.3664814761469224}}}