# This file was generated by Animated Java via MC-Build. It is not recommended to edit this file directly.
$data merge entity $(bone_slide) {transformation: [-0.6348f,0.6136f,-0.4696f,0.1549f,0.7542f,0.3597f,-0.5494f,-0.3201f,-0.1682f,-0.7029f,-0.6911f,0.3588f,0f,0f,0f,1f],start_interpolation: 0,interpolation_duration: 1}
$data merge entity $(bone_barrel) {transformation: [-0.6348f,0.6136f,-0.4696f,0.1747f,0.7542f,0.3597f,-0.5494f,-0.4317f,-0.1682f,-0.7029f,-0.6911f,0.434f,0f,0f,0f,1f],start_interpolation: 0,interpolation_duration: 1}
$data merge entity $(bone_magazine) {transformation: [-0.6348f,0.6136f,-0.4696f,-0.0195f,0.7542f,0.3597f,-0.5494f,-0.4763f,-0.1682f,-0.7029f,-0.6911f,0.3165f,0f,0f,0f,1f],start_interpolation: 0,interpolation_duration: 1}
$data merge entity $(bone_grip) {transformation: [-0.6348f,0.6136f,-0.4696f,-0.0195f,0.7542f,0.3597f,-0.5494f,-0.4763f,-0.1682f,-0.7029f,-0.6911f,0.3165f,0f,0f,0f,1f],start_interpolation: 0,interpolation_duration: 1}
$data merge entity $(bone_trigger) {transformation: [-0.6348f,0.6136f,-0.4696f,-0.0024f,0.7542f,0.3597f,-0.5494f,-0.4579f,-0.1682f,-0.7029f,-0.6911f,0.3345f,0f,0f,0f,1f],start_interpolation: 0,interpolation_duration: 1}
$data merge entity $(bone_trigger_gaurd) {transformation: [-0.6348f,0.6136f,-0.4696f,0.0305f,0.7542f,0.3597f,-0.5494f,-0.4297f,-0.1682f,-0.7029f,-0.6911f,0.3367f,0f,0f,0f,1f],start_interpolation: 0,interpolation_duration: 1}
$data merge entity $(bone_right_arm) {transformation: [-0.6348f,-0.4696f,-0.6136f,-0.2084f,0.7542f,-0.5494f,-0.3597f,-0.6383f,-0.1682f,-0.6911f,0.7029f,0.0989f,0f,0f,0f,1f],start_interpolation: 0,interpolation_duration: 1}
$data merge entity $(bone_magazine1) {transformation: [0f,0f,0f,0.0389f,0f,0f,0f,-0.3471f,0f,0f,0f,0.2828f,0f,0f,0f,1f],start_interpolation: 0,interpolation_duration: 1}
$data merge entity $(bone_left_arm) {transformation: [-0.4491f,0.2922f,0.8444f,0.249f,-0.2823f,-0.943f,0.1762f,-0.6898f,0.8477f,-0.1593f,0.506f,0.2799f,0f,0f,0f,1f],start_interpolation: 0,interpolation_duration: 1}
data modify entity @s data merge value {"cameras":{},"locators":{"barrel1":{"px":0.18375147373305448,"py":-0.23401015199039035,"pz":0.5058292152881997,"ry":325.80776389858204,"rx":-33.32579757829212}}}