# This file was generated by Animated Java via MC-Build. It is not recommended to edit this file directly.
$data merge entity $(bone_slide) {transformation: [-0.9968f,0.0799f,-0.006f,-0.0404f,0.0798f,0.9968f,0.0007f,-0.2889f,0.006f,0.0002f,-1f,0.5527f,0f,0f,0f,1f],start_interpolation: 0,interpolation_duration: 1}
$data merge entity $(bone_barrel) {transformation: [-0.9968f,0.0799f,-0.006f,0.0622f,0.0798f,0.9968f,0.0007f,-0.3784f,0.006f,0.0002f,-1f,0.552f,0f,0f,0f,1f],start_interpolation: 0,interpolation_duration: 1}
$data merge entity $(bone_magazine) {transformation: [-0.9968f,0.0799f,-0.006f,-0.0522f,0.0798f,0.9968f,0.0007f,-0.4219f,0.006f,0.0002f,-1f,0.3557f,0f,0f,0f,1f],start_interpolation: 0,interpolation_duration: 1}
$data merge entity $(bone_grip) {transformation: [-0.9968f,0.0799f,-0.006f,-0.0522f,0.0798f,0.9968f,0.0007f,-0.4219f,0.006f,0.0002f,-1f,0.3557f,0f,0f,0f,1f],start_interpolation: 0,interpolation_duration: 1}
$data merge entity $(bone_trigger) {transformation: [-0.9968f,0.0799f,-0.006f,-0.0517f,0.0798f,0.9968f,0.0007f,-0.4175f,0.006f,0.0002f,-1f,0.3863f,0f,0f,0f,1f],start_interpolation: 0,interpolation_duration: 1}
$data merge entity $(bone_trigger_gaurd) {transformation: [-0.9968f,0.0799f,-0.006f,-0.0492f,0.0798f,0.9968f,0.0007f,-0.3888f,0.006f,0.0002f,-1f,0.4188f,0f,0f,0f,1f],start_interpolation: 0,interpolation_duration: 1}
$data merge entity $(bone_right_arm) {transformation: [-0.9968f,-0.006f,-0.0799f,-0.0901f,0.0798f,0.0007f,-0.9968f,-0.44f,0.006f,-1f,-0.0002f,0.0279f,0f,0f,0f,1f],start_interpolation: 0,interpolation_duration: 1}
$data merge entity $(bone_magazine1) {transformation: [0f,0f,0f,-0.1108f,0f,0f,0f,-0.3566f,0f,0f,0f,0.3775f,0f,0f,0f,1f],start_interpolation: 0,interpolation_duration: 1}
$data merge entity $(bone_left_arm) {transformation: [-0.8329f,0.4025f,0.3797f,0.0881f,-0.3962f,0.0454f,-0.9171f,-0.4451f,-0.3864f,-0.9143f,0.1216f,0.0396f,0f,0f,0f,1f],start_interpolation: 0,interpolation_duration: 1}
data modify entity @s data merge value {"cameras":{},"locators":{"barrel1":{"px":-0.0655843533198513,"py":-0.34183273973176714,"pz":0.7153222493480376,"ry":359.657560263183,"rx":0.04166104999621869}}}