# This file was generated by Animated Java via MC-Build. It is not recommended to edit this file directly.
$data merge entity $(bone_slide) {transformation: [-0.9965f,0.0834f,-0.004f,-0.0425f,0.0835f,0.9965f,-0.0075f,-0.2895f,0.0034f,-0.0078f,-1f,0.5473f,0f,0f,0f,1f],start_interpolation: 0,interpolation_duration: 1}
$data merge entity $(bone_barrel) {transformation: [-0.9965f,0.0834f,-0.004f,0.0597f,0.0835f,0.9965f,-0.0075f,-0.3792f,0.0034f,-0.0078f,-1f,0.5475f,0f,0f,0f,1f],start_interpolation: 0,interpolation_duration: 1}
$data merge entity $(bone_magazine) {transformation: [-0.9965f,0.0834f,-0.004f,-0.0545f,0.0835f,0.9965f,-0.0075f,-0.4239f,0.0034f,-0.0078f,-1f,0.3514f,0f,0f,0f,1f],start_interpolation: 0,interpolation_duration: 1}
$data merge entity $(bone_grip) {transformation: [-0.9965f,0.0834f,-0.004f,-0.0545f,0.0835f,0.9965f,-0.0075f,-0.4239f,0.0034f,-0.0078f,-1f,0.3514f,0f,0f,0f,1f],start_interpolation: 0,interpolation_duration: 1}
$data merge entity $(bone_trigger) {transformation: [-0.9965f,0.0834f,-0.004f,-0.054f,0.0835f,0.9965f,-0.0075f,-0.4194f,0.0034f,-0.0078f,-1f,0.3819f,0f,0f,0f,1f],start_interpolation: 0,interpolation_duration: 1}
$data merge entity $(bone_trigger_gaurd) {transformation: [-0.9965f,0.0834f,-0.004f,-0.0514f,0.0835f,0.9965f,-0.0075f,-0.3903f,0.0034f,-0.0078f,-1f,0.4142f,0f,0f,0f,1f],start_interpolation: 0,interpolation_duration: 1}
$data merge entity $(bone_right_arm) {transformation: [-0.9965f,-0.004f,-0.0834f,-0.0918f,0.0835f,-0.0075f,-0.9965f,-0.4447f,0.0034f,-1f,0.0078f,0.0236f,0f,0f,0f,1f],start_interpolation: 0,interpolation_duration: 1}
$data merge entity $(bone_magazine1) {transformation: [0f,0f,0f,-0.1128f,0f,0f,0f,-0.3584f,0f,0f,0f,0.3726f,0f,0f,0f,1f],start_interpolation: 0,interpolation_duration: 1}
$data merge entity $(bone_left_arm) {transformation: [-0.8336f,0.4042f,0.3764f,0.0864f,-0.3965f,0.0364f,-0.9173f,-0.4503f,-0.3845f,-0.9139f,0.1299f,0.0357f,0f,0f,0f,1f],start_interpolation: 0,interpolation_duration: 1}
data modify entity @s data merge value {"cameras":{},"locators":{"barrel1":{"px":-0.0682473355076542,"py":-0.3409142387130411,"pz":0.7102681767895426,"ry":359.7687865801495,"rx":-0.42958788824184163}}}