# This file was generated by Animated Java via MC-Build. It is not recommended to edit this file directly.
$data merge entity $(bone_slide) {transformation: [-0.9963f,0.0864f,-0.0019f,-0.0446f,0.0864f,0.9962f,-0.0075f,-0.2934f,0.0013f,-0.0077f,-1f,0.5439f,0f,0f,0f,1f],start_interpolation: 0,interpolation_duration: 1}
$data merge entity $(bone_barrel) {transformation: [-0.9963f,0.0864f,-0.0019f,0.0574f,0.0864f,0.9962f,-0.0075f,-0.3834f,0.0013f,-0.0077f,-1f,0.5444f,0f,0f,0f,1f],start_interpolation: 0,interpolation_duration: 1}
$data merge entity $(bone_magazine) {transformation: [-0.9963f,0.0864f,-0.0019f,-0.0565f,0.0864f,0.9962f,-0.0075f,-0.4278f,0.0013f,-0.0077f,-1f,0.348f,0f,0f,0f,1f],start_interpolation: 0,interpolation_duration: 1}
$data merge entity $(bone_grip) {transformation: [-0.9963f,0.0864f,-0.0019f,-0.0565f,0.0864f,0.9962f,-0.0075f,-0.4278f,0.0013f,-0.0077f,-1f,0.348f,0f,0f,0f,1f],start_interpolation: 0,interpolation_duration: 1}
$data merge entity $(bone_trigger) {transformation: [-0.9963f,0.0864f,-0.0019f,-0.056f,0.0864f,0.9962f,-0.0075f,-0.4232f,0.0013f,-0.0077f,-1f,0.3786f,0f,0f,0f,1f],start_interpolation: 0,interpolation_duration: 1}
$data merge entity $(bone_trigger_gaurd) {transformation: [-0.9963f,0.0864f,-0.0019f,-0.0535f,0.0864f,0.9962f,-0.0075f,-0.3942f,0.0013f,-0.0077f,-1f,0.4108f,0f,0f,0f,1f],start_interpolation: 0,interpolation_duration: 1}
$data merge entity $(bone_right_arm) {transformation: [-0.9963f,-0.0019f,-0.0864f,-0.0932f,0.0864f,-0.0075f,-0.9962f,-0.4484f,0.0013f,-1f,0.0077f,0.0202f,0f,0f,0f,1f],start_interpolation: 0,interpolation_duration: 1}
$data merge entity $(bone_magazine1) {transformation: [0f,0f,0f,-0.1137f,0f,0f,0f,-0.3621f,0f,0f,0f,0.3696f,0f,0f,0f,1f],start_interpolation: 0,interpolation_duration: 1}
$data merge entity $(bone_left_arm) {transformation: [-0.8342f,0.4031f,0.3764f,0.085f,-0.3968f,0.0353f,-0.9172f,-0.4545f,-0.383f,-0.9145f,0.1305f,0.0325f,0f,0f,0f,1f],start_interpolation: 0,interpolation_duration: 1}
data modify entity @s data merge value {"cameras":{},"locators":{"barrel1":{"px":-0.0707681296468679,"py":-0.34472451674127885,"pz":0.7068642210758803,"ry":359.88928639963615,"rx":-0.4315539353145112}}}