# This file was generated by Animated Java via MC-Build. It is not recommended to edit this file directly.
$data merge entity $(bone_slide) {transformation: [-0.5905f,0.6487f,-0.4801f,0.1669f,0.7615f,0.2509f,-0.5976f,-0.2898f,-0.2672f,-0.7185f,-0.6422f,0.3467f,0f,0f,0f,1f],start_interpolation: 0,interpolation_duration: 1}
$data merge entity $(bone_barrel) {transformation: [-0.5905f,0.6487f,-0.4801f,0.179f,0.7615f,0.2509f,-0.5976f,-0.3934f,-0.2672f,-0.7185f,-0.6422f,0.4341f,0f,0f,0f,1f],start_interpolation: 0,interpolation_duration: 1}
$data merge entity $(bone_magazine) {transformation: [-0.5905f,0.6487f,-0.4801f,-0.0142f,0.7615f,0.2509f,-0.5976f,-0.441f,-0.2672f,-0.7185f,-0.6422f,0.3162f,0f,0f,0f,1f],start_interpolation: 0,interpolation_duration: 1}
$data merge entity $(bone_grip) {transformation: [-0.5905f,0.6487f,-0.4801f,-0.0142f,0.7615f,0.2509f,-0.5976f,-0.441f,-0.2672f,-0.7185f,-0.6422f,0.3162f,0f,0f,0f,1f],start_interpolation: 0,interpolation_duration: 1}
$data merge entity $(bone_trigger) {transformation: [-0.5905f,0.6487f,-0.4801f,0.0033f,0.7615f,0.2509f,-0.5976f,-0.4216f,-0.2672f,-0.7185f,-0.6422f,0.3327f,0f,0f,0f,1f],start_interpolation: 0,interpolation_duration: 1}
$data merge entity $(bone_trigger_gaurd) {transformation: [-0.5905f,0.6487f,-0.4801f,0.0376f,0.7615f,0.2509f,-0.5976f,-0.3949f,-0.2672f,-0.7185f,-0.6422f,0.3328f,0f,0f,0f,1f],start_interpolation: 0,interpolation_duration: 1}
$data merge entity $(bone_right_arm) {transformation: [-0.5905f,-0.4801f,-0.6487f,-0.2058f,0.7615f,-0.5976f,-0.2509f,-0.6161f,-0.2672f,-0.6422f,0.7185f,0.1116f,0f,0f,0f,1f],start_interpolation: 0,interpolation_duration: 1}
$data merge entity $(bone_magazine1) {transformation: [0f,0f,0f,0.0516f,0f,0f,0f,-0.3191f,0f,0f,0f,0.2706f,0f,0f,0f,1f],start_interpolation: 0,interpolation_duration: 1}
$data merge entity $(bone_left_arm) {transformation: [-0.484f,0.2468f,0.8395f,0.2437f,-0.1664f,-0.9679f,0.1886f,-0.67f,0.8591f,-0.0484f,0.5095f,0.3109f,0f,0f,0f,1f],start_interpolation: 0,interpolation_duration: 1}
data modify entity @s data merge value {"cameras":{},"locators":{"barrel1":{"px":0.19654822356215404,"py":-0.18973985174766003,"pz":0.4845499804019353,"ry":323.2173562545978,"rx":-36.696138807883464}}}