# This file was generated by Animated Java via MC-Build. It is not recommended to edit this file directly.
$data merge entity $(bone_slide) {transformation: [-0.5402f,0.6777f,-0.4989f,0.1832f,0.7592f,0.1367f,-0.6363f,-0.2782f,-0.363f,-0.7225f,-0.5883f,0.3226f,0f,0f,0f,1f],start_interpolation: 0,interpolation_duration: 1}
$data merge entity $(bone_barrel) {transformation: [-0.5402f,0.6777f,-0.4989f,0.1874f,0.7592f,0.1367f,-0.6363f,-0.3723f,-0.363f,-0.7225f,-0.5883f,0.4208f,0f,0f,0f,1f],start_interpolation: 0,interpolation_duration: 1}
$data merge entity $(bone_magazine) {transformation: [-0.5402f,0.6777f,-0.4989f,-0.0056f,0.7592f,0.1367f,-0.6363f,-0.4218f,-0.363f,-0.7225f,-0.5883f,0.3032f,0f,0f,0f,1f],start_interpolation: 0,interpolation_duration: 1}
$data merge entity $(bone_grip) {transformation: [-0.5402f,0.6777f,-0.4989f,-0.0056f,0.7592f,0.1367f,-0.6363f,-0.4218f,-0.363f,-0.7225f,-0.5883f,0.3032f,0f,0f,0f,1f],start_interpolation: 0,interpolation_duration: 1}
$data merge entity $(bone_trigger) {transformation: [-0.5402f,0.6777f,-0.4989f,0.0127f,0.7592f,0.1367f,-0.6363f,-0.4017f,-0.363f,-0.7225f,-0.5883f,0.318f,0f,0f,0f,1f],start_interpolation: 0,interpolation_duration: 1}
$data merge entity $(bone_trigger_gaurd) {transformation: [-0.5402f,0.6777f,-0.4989f,0.0485f,0.7592f,0.1367f,-0.6363f,-0.3771f,-0.363f,-0.7225f,-0.5883f,0.3163f,0f,0f,0f,1f],start_interpolation: 0,interpolation_duration: 1}
$data merge entity $(bone_right_arm) {transformation: [-0.5402f,-0.4989f,-0.6777f,-0.2022f,0.7592f,-0.6363f,-0.1367f,-0.6074f,-0.363f,-0.5883f,0.7225f,0.113f,0f,0f,0f,1f],start_interpolation: 0,interpolation_duration: 1}
$data merge entity $(bone_magazine1) {transformation: [0f,0f,0f,0.0681f,0f,0f,0f,-0.3093f,0f,0f,0f,0.2468f,0f,0f,0f,1f],start_interpolation: 0,interpolation_duration: 1}
$data merge entity $(bone_left_arm) {transformation: [-0.5116f,0.1924f,0.8374f,0.239f,-0.0466f,-0.9794f,0.1966f,-0.6637f,0.858f,0.0616f,0.51f,0.3295f,0f,0f,0f,1f],start_interpolation: 0,interpolation_duration: 1}
data modify entity @s data merge value {"cameras":{},"locators":{"barrel1":{"px":0.2153722987319295,"py":-0.165709708032458,"pz":0.4497862536782289,"ry":319.7015009384634,"rx":-39.519376373128544}}}