# This file was generated by Animated Java via MC-Build. It is not recommended to edit this file directly.
$data merge entity $(bone_slide) {transformation: [-0.4898f,0.7237f,-0.4863f,0.1833f,0.7483f,0.0628f,-0.6603f,-0.2628f,-0.4474f,-0.6873f,-0.5723f,0.3075f,0f,0f,0f,1f],start_interpolation: 0,interpolation_duration: 1}
$data merge entity $(bone_barrel) {transformation: [-0.4898f,0.7237f,-0.4863f,0.1874f,0.7483f,0.0628f,-0.6603f,-0.3373f,-0.4474f,-0.6873f,-0.5723f,0.4228f,0f,0f,0f,1f],start_interpolation: 0,interpolation_duration: 1}
$data merge entity $(bone_magazine) {transformation: [-0.4898f,0.7237f,-0.4863f,0f,0.7483f,0.0628f,-0.6603f,-0.3889f,-0.4474f,-0.6873f,-0.5723f,0.2973f,0f,0f,0f,1f],start_interpolation: 0,interpolation_duration: 1}
$data merge entity $(bone_grip) {transformation: [-0.4898f,0.7237f,-0.4863f,0f,0.7483f,0.0628f,-0.6603f,-0.3889f,-0.4474f,-0.6873f,-0.5723f,0.2973f,0f,0f,0f,1f],start_interpolation: 0,interpolation_duration: 1}
$data merge entity $(bone_trigger) {transformation: [-0.4898f,0.7237f,-0.4863f,0.0181f,0.7483f,0.0628f,-0.6603f,-0.3684f,-0.4474f,-0.6873f,-0.5723f,0.3118f,0f,0f,0f,1f],start_interpolation: 0,interpolation_duration: 1}
$data merge entity $(bone_trigger_gaurd) {transformation: [-0.4898f,0.7237f,-0.4863f,0.0548f,0.7483f,0.0628f,-0.6603f,-0.3451f,-0.4474f,-0.6873f,-0.5723f,0.3105f,0f,0f,0f,1f],start_interpolation: 0,interpolation_duration: 1}
$data merge entity $(bone_right_arm) {transformation: [-0.4898f,-0.4863f,-0.7237f,-0.1917f,0.7483f,-0.6603f,-0.0628f,-0.5811f,-0.4474f,-0.5723f,0.6873f,0.1088f,0f,0f,0f,1f],start_interpolation: 0,interpolation_duration: 1}
$data merge entity $(bone_magazine1) {transformation: [0f,0f,0f,0.0633f,0f,0f,0f,-0.291f,0f,0f,0f,0.229f,0f,0f,0f,1f],start_interpolation: 0,interpolation_duration: 1}
$data merge entity $(bone_left_arm) {transformation: [-0.5547f,0.2536f,0.7924f,0.2526f,-0.0257f,-0.9572f,0.2883f,-0.6263f,0.8316f,0.1395f,0.5375f,0.3448f,0f,0f,0f,1f],start_interpolation: 0,interpolation_duration: 1}
data modify entity @s data merge value {"cameras":{},"locators":{"barrel1":{"px":0.22113048816774178,"py":-0.1301748756902563,"pz":0.43906596330543346,"ry":319.64586251737165,"rx":-41.32637399949063}}}