# This file was generated by Animated Java via MC-Build. It is not recommended to edit this file directly.
$data merge entity $(bone_slide) {transformation: [-0.446f,0.77f,-0.4562f,0.1831f,0.7332f,0.0219f,-0.6797f,-0.244f,-0.5133f,-0.6377f,-0.5743f,0.285f,0f,0f,0f,1f],start_interpolation: 0,interpolation_duration: 1}
$data merge entity $(bone_barrel) {transformation: [-0.446f,0.77f,-0.4562f,0.1867f,0.7332f,0.0219f,-0.6797f,-0.3005f,-0.5133f,-0.6377f,-0.5743f,0.4143f,0f,0f,0f,1f],start_interpolation: 0,interpolation_duration: 1}
$data merge entity $(bone_magazine) {transformation: [-0.446f,0.77f,-0.4562f,0.0076f,0.7332f,0.0219f,-0.6797f,-0.3553f,-0.5133f,-0.6377f,-0.5743f,0.2786f,0f,0f,0f,1f],start_interpolation: 0,interpolation_duration: 1}
$data merge entity $(bone_grip) {transformation: [-0.446f,0.77f,-0.4562f,0.0076f,0.7332f,0.0219f,-0.6797f,-0.3553f,-0.5133f,-0.6377f,-0.5743f,0.2786f,0f,0f,0f,1f],start_interpolation: 0,interpolation_duration: 1}
$data merge entity $(bone_trigger) {transformation: [-0.446f,0.77f,-0.4562f,0.0249f,0.7332f,0.0219f,-0.6797f,-0.3344f,-0.5133f,-0.6377f,-0.5743f,0.2934f,0f,0f,0f,1f],start_interpolation: 0,interpolation_duration: 1}
$data merge entity $(bone_trigger_gaurd) {transformation: [-0.446f,0.77f,-0.4562f,0.0619f,0.7332f,0.0219f,-0.6797f,-0.3117f,-0.5133f,-0.6377f,-0.5743f,0.2936f,0f,0f,0f,1f],start_interpolation: 0,interpolation_duration: 1}
$data merge entity $(bone_right_arm) {transformation: [-0.446f,-0.4562f,-0.77f,-0.1738f,0.7332f,-0.6797f,-0.0219f,-0.5536f,-0.5133f,-0.5743f,0.6377f,0.086f,0f,0f,0f,1f],start_interpolation: 0,interpolation_duration: 1}
$data merge entity $(bone_magazine1) {transformation: [0f,0f,0f,0.0594f,0f,0f,0f,-0.2788f,0f,0f,0f,0.195f,0f,0f,0f,1f],start_interpolation: 0,interpolation_duration: 1}
$data merge entity $(bone_left_arm) {transformation: [-0.5989f,0.3587f,0.716f,0.2803f,-0.0589f,-0.9114f,0.4073f,-0.5827f,0.7986f,0.2017f,0.567f,0.3381f,0f,0f,0f,1f],start_interpolation: 0,interpolation_duration: 1}
data modify entity @s data merge value {"cameras":{},"locators":{"barrel1":{"px":0.22247065892457626,"py":-0.0932543852550268,"pz":0.4235421234265291,"ry":321.5361017764301,"rx":-42.81990223184986}}}