# This file was generated by Animated Java via MC-Build. It is not recommended to edit this file directly.
$data merge entity $(bone_slide) {transformation: [-0.4158f,0.7998f,-0.4328f,0.1854f,0.7198f,-0.0014f,-0.6941f,-0.2427f,-0.5558f,-0.6002f,-0.5752f,0.2475f,0f,0f,0f,1f],start_interpolation: 0,interpolation_duration: 1}
$data merge entity $(bone_barrel) {transformation: [-0.4158f,0.7998f,-0.4328f,0.1905f,0.7198f,-0.0014f,-0.6941f,-0.2823f,-0.5558f,-0.6002f,-0.5752f,0.3892f,0f,0f,0f,1f],start_interpolation: 0,interpolation_duration: 1}
$data merge entity $(bone_magazine) {transformation: [-0.4158f,0.7998f,-0.4328f,0.0177f,0.7198f,-0.0014f,-0.6941f,-0.3402f,-0.5558f,-0.6002f,-0.5752f,0.2467f,0f,0f,0f,1f],start_interpolation: 0,interpolation_duration: 1}
$data merge entity $(bone_grip) {transformation: [-0.4158f,0.7998f,-0.4328f,0.0177f,0.7198f,-0.0014f,-0.6941f,-0.3402f,-0.5558f,-0.6002f,-0.5752f,0.2467f,0f,0f,0f,1f],start_interpolation: 0,interpolation_duration: 1}
$data merge entity $(bone_trigger) {transformation: [-0.4158f,0.7998f,-0.4328f,0.0345f,0.7198f,-0.0014f,-0.6941f,-0.319f,-0.5558f,-0.6002f,-0.5752f,0.2617f,0f,0f,0f,1f],start_interpolation: 0,interpolation_duration: 1}
$data merge entity $(bone_trigger_gaurd) {transformation: [-0.4158f,0.7998f,-0.4328f,0.0716f,0.7198f,-0.0014f,-0.6941f,-0.2965f,-0.5558f,-0.6002f,-0.5752f,0.263f,0f,0f,0f,1f],start_interpolation: 0,interpolation_duration: 1}
$data merge entity $(bone_right_arm) {transformation: [-0.4158f,-0.4328f,-0.7998f,-0.1555f,0.7198f,-0.6941f,0.0014f,-0.5432f,-0.5558f,-0.5752f,0.6002f,0.0516f,0f,0f,0f,1f],start_interpolation: 0,interpolation_duration: 1}
$data merge entity $(bone_magazine1) {transformation: [0f,0f,0f,0.0664f,0f,0f,0f,-0.2833f,0f,0f,0f,0.1501f,0f,0f,0f,1f],start_interpolation: 0,interpolation_duration: 1}
$data merge entity $(bone_left_arm) {transformation: [-0.6274f,0.4295f,0.6496f,0.3069f,-0.0885f,-0.8681f,0.4885f,-0.5611f,0.7737f,0.249f,0.5826f,0.3133f,0f,0f,0f,1f],start_interpolation: 0,interpolation_duration: 1}
$execute on vehicle unless entity @s[tag=aj.transforms_only] as $(locator_barrel1) positioned ^0.2272146646 ^-0.0750742892 ^0.3939697764 rotated ~323.0383152937 ~-43.9591641502 run function animated_java:glock/animations/equip/zzz/frames/8_locator_barrel1
data modify entity @s data merge value {"cameras":{},"locators":{"barrel1":{"px":0.2272146645531856,"py":-0.07507428923733145,"pz":0.3939697763769391,"ry":323.0383152937345,"rx":-43.95916415022934}}}