# This file was generated by Animated Java via MC-Build. It is not recommended to edit this file directly.
$data merge entity $(bone_slide) {transformation: [-0.4054f,0.8069f,-0.4296f,0.1938f,0.7146f,-0.0134f,-0.6994f,-0.2542f,-0.5701f,-0.5905f,-0.5712f,0.2213f,0f,0f,0f,1f],start_interpolation: 0,interpolation_duration: 1}
$data merge entity $(bone_barrel) {transformation: [-0.4054f,0.8069f,-0.4296f,0.197f,0.7146f,-0.0134f,-0.6994f,-0.2919f,-0.5701f,-0.5905f,-0.5712f,0.3636f,0f,0f,0f,1f],start_interpolation: 0,interpolation_duration: 1}
$data merge entity $(bone_magazine) {transformation: [-0.4054f,0.8069f,-0.4296f,0.0256f,0.7146f,-0.0134f,-0.6994f,-0.3509f,-0.5701f,-0.5905f,-0.5712f,0.2197f,0f,0f,0f,1f],start_interpolation: 0,interpolation_duration: 1}
$data merge entity $(bone_grip) {transformation: [-0.4054f,0.8069f,-0.4296f,0.0256f,0.7146f,-0.0134f,-0.6994f,-0.3509f,-0.5701f,-0.5905f,-0.5712f,0.2197f,0f,0f,0f,1f],start_interpolation: 0,interpolation_duration: 1}
$data merge entity $(bone_trigger) {transformation: [-0.4054f,0.8069f,-0.4296f,0.0423f,0.7146f,-0.0134f,-0.6994f,-0.3295f,-0.5701f,-0.5905f,-0.5712f,0.2346f,0f,0f,0f,1f],start_interpolation: 0,interpolation_duration: 1}
$data merge entity $(bone_trigger_gaurd) {transformation: [-0.4054f,0.8069f,-0.4296f,0.0796f,0.7146f,-0.0134f,-0.6994f,-0.3072f,-0.5701f,-0.5905f,-0.5712f,0.2361f,0f,0f,0f,1f],start_interpolation: 0,interpolation_duration: 1}
$data merge entity $(bone_right_arm) {transformation: [-0.4054f,-0.4296f,-0.8069f,-0.1463f,0.7146f,-0.6994f,0.0134f,-0.5554f,-0.5701f,-0.5712f,0.5905f,0.0253f,0f,0f,0f,1f],start_interpolation: 0,interpolation_duration: 1}
$data merge entity $(bone_magazine1) {transformation: [0f,0f,0f,0.073f,0f,0f,0f,-0.2994f,0f,0f,0f,0.1225f,0f,0f,0f,1f],start_interpolation: 0,interpolation_duration: 1}
$data merge entity $(bone_left_arm) {transformation: [-0.6312f,0.4441f,0.6359f,0.3174f,-0.0938f,-0.8576f,0.5057f,-0.5712f,0.77f,0.2595f,0.5829f,0.2897f,0f,0f,0f,1f],start_interpolation: 0,interpolation_duration: 1}
data modify entity @s data merge value {"cameras":{},"locators":{"barrel1":{"px":0.2347536397475559,"py":-0.08485193643089481,"pz":0.36605351100235295,"ry":323.05451205786835,"rx":-44.38179109269403}}}