# This file was generated by Animated Java via MC-Build. It is not recommended to edit this file directly.
$data merge entity $(bone_muzzleflash) {transformation: [-0.6087f,0.7934f,0.0023f,-0.0719f,0.7922f,0.608f,-0.0523f,-0.3203f,-0.0429f,-0.03f,-0.9986f,0.4625f,0f,0f,0f,1f],start_interpolation: 0,interpolation_duration: 1}
$data merge entity $(bone_slide) {transformation: [-0.9975f,0.0693f,-0.0131f,-0.0489f,0.0689f,0.9192f,-0.3877f,-0.1002f,-0.0148f,-0.3877f,-0.9217f,0.3273f,0f,0f,0f,1f],start_interpolation: 0,interpolation_duration: 1}
$data merge entity $(bone_barrel) {transformation: [-0.9975f,0.0693f,-0.0131f,0.0554f,0.0689f,0.9192f,-0.3877f,-0.1603f,-0.0148f,-0.3877f,-0.9217f,0.4122f,0f,0f,0f,1f],start_interpolation: 0,interpolation_duration: 1}
$data merge entity $(bone_magazine) {transformation: [-0.9975f,0.0693f,-0.0131f,-0.0599f,0.0689f,0.9192f,-0.3877f,-0.2774f,-0.0148f,-0.3877f,-0.9217f,0.2494f,0f,0f,0f,1f],start_interpolation: 0,interpolation_duration: 1}
$data merge entity $(bone_grip) {transformation: [-0.9975f,0.0693f,-0.0131f,-0.0599f,0.0689f,0.9192f,-0.3877f,-0.2774f,-0.0148f,-0.3877f,-0.9217f,0.2494f,0f,0f,0f,1f],start_interpolation: 0,interpolation_duration: 1}
$data merge entity $(bone_trigger) {transformation: [-0.9975f,0.0693f,-0.0131f,-0.0592f,0.0689f,0.9192f,-0.3877f,-0.2615f,-0.0148f,-0.3877f,-0.9217f,0.2759f,0f,0f,0f,1f],start_interpolation: 0,interpolation_duration: 1}
$data merge entity $(bone_trigger_gaurd) {transformation: [-0.9975f,0.0693f,-0.0131f,-0.0568f,0.0689f,0.9192f,-0.3877f,-0.2224f,-0.0148f,-0.3877f,-0.9217f,0.2946f,0f,0f,0f,1f],start_interpolation: 0,interpolation_duration: 1}
$data merge entity $(bone_right_arm) {transformation: [-0.9975f,0.0022f,-0.0705f,-0.0948f,0.0689f,-0.1796f,-0.9813f,-0.3551f,-0.0148f,-0.9837f,0.179f,-0.0878f,0f,0f,0f,1f],start_interpolation: 0,interpolation_duration: 1}
$data merge entity $(bone_magazine1) {transformation: [0f,0f,0f,-0.1175f,0f,0f,0f,-0.2102f,0f,0f,0f,0.2418f,0f,0f,0f,1f],start_interpolation: 0,interpolation_duration: 1}
$data merge entity $(bone_left_arm) {transformation: [-0.8263f,0.4041f,0.3923f,0.0834f,-0.4718f,-0.1162f,-0.874f,-0.356f,-0.3076f,-0.9073f,0.2867f,-0.0744f,0f,0f,0f,1f],start_interpolation: 0,interpolation_duration: 1}
$execute on vehicle unless entity @s[tag=aj.transforms_only] as $(locator_barrel1) positioned ^-0.0715979926 ^-0.0641130783 ^0.5498376949 rotated ~359.1854513167 ~-22.8140319275 run function animated_java:glock/animations/shoot2/zzz/frames/0_locator_barrel1
data modify entity @s data merge value {"cameras":{"camera2":{"px":3.061616997868383e-17,"py":-0.1875,"pz":-0.25,"ry":0,"rx":0}},"locators":{"barrel1":{"px":-0.07159799256458467,"py":-0.06411307825157961,"pz":0.5498376949287034,"ry":359.18545131672363,"rx":-22.81403192752208}}}
execute on vehicle unless entity @s[tag=aj.transforms_only] at @s run function animated_java:glock/animations/shoot2/zzz/frames/0_root_function