# This file was generated by Animated Java via MC-Build. It is not recommended to edit this file directly.
$data merge entity $(bone_muzzleflash) {transformation: [-0.6087f,0.7934f,0f,-0.0719f,0.7922f,0.608f,0f,-0.3234f,-0.0429f,-0.03f,0f,0.4719f,0f,0f,0f,1f],start_interpolation: -1,interpolation_duration: 0}
$data merge entity $(bone_slide) {transformation: [-0.9962f,0.0863f,-0.0152f,-0.0436f,0.0876f,0.9818f,-0.1682f,-0.1909f,0.0004f,-0.1689f,-0.9856f,0.41f,0f,0f,0f,1f],start_interpolation: 0,interpolation_duration: 1}
$data merge entity $(bone_barrel) {transformation: [-0.9962f,0.0863f,-0.0152f,0.0589f,0.0876f,0.9818f,-0.1682f,-0.2736f,0.0004f,-0.1689f,-0.9856f,0.4606f,0f,0f,0f,1f],start_interpolation: 0,interpolation_duration: 1}
$data merge entity $(bone_magazine) {transformation: [-0.9962f,0.0863f,-0.0152f,-0.0576f,0.0876f,0.9818f,-0.1682f,-0.3488f,0.0004f,-0.1689f,-0.9856f,0.2754f,0f,0f,0f,1f],start_interpolation: 0,interpolation_duration: 1}
$data merge entity $(bone_grip) {transformation: [-0.9962f,0.0863f,-0.0152f,-0.0576f,0.0876f,0.9818f,-0.1682f,-0.3488f,0.0004f,-0.1689f,-0.9856f,0.2754f,0f,0f,0f,1f],start_interpolation: 0,interpolation_duration: 1}
$data merge entity $(bone_trigger) {transformation: [-0.9962f,0.0863f,-0.0152f,-0.0567f,0.0876f,0.9818f,-0.1682f,-0.3393f,0.0004f,-0.1689f,-0.9856f,0.3049f,0f,0f,0f,1f],start_interpolation: 0,interpolation_duration: 1}
$data merge entity $(bone_trigger_gaurd) {transformation: [-0.9962f,0.0863f,-0.0152f,-0.0537f,0.0876f,0.9818f,-0.1682f,-0.3055f,0.0004f,-0.1689f,-0.9856f,0.332f,0f,0f,0f,1f],start_interpolation: 0,interpolation_duration: 1}
$data merge entity $(bone_right_arm) {transformation: [-0.9962f,-0.0009f,-0.0876f,-0.0937f,0.0876f,-0.0061f,-0.9961f,-0.3665f,0.0004f,-1f,0.0061f,-0.0656f,0f,0f,0f,1f],start_interpolation: 0,interpolation_duration: 1}
$data merge entity $(bone_magazine1) {transformation: [0f,0f,0f,-0.114f,0f,0f,0f,-0.2807f,0f,0f,0f,0.2842f,0f,0f,0f,1f],start_interpolation: 0,interpolation_duration: 1}
$data merge entity $(bone_left_arm) {transformation: [-0.8344f,0.402f,0.377f,0.0844f,-0.3969f,0.0361f,-0.9171f,-0.3727f,-0.3824f,-0.9149f,0.1294f,-0.0531f,0f,0f,0f,1f],start_interpolation: 0,interpolation_duration: 1}
data modify entity @s data merge value {"cameras":{},"locators":{"barrel1":{"px":-0.06708630063553084,"py":-0.20902976907862286,"pz":0.6164010433585227,"ry":359.11710061639906,"rx":-9.685819561883351}}}
execute on vehicle unless entity @s[tag=aj.transforms_only] at @s run function animated_java:glock/animations/shoot2/zzz/frames/1_root_function