# This file was generated by Animated Java via MC-Build. It is not recommended to edit this file directly.
$data merge entity $(bone_muzzleflash) {transformation: [-0.6087f,0.7934f,0f,-0.0719f,0.7922f,0.608f,0f,-0.3266f,-0.0429f,-0.03f,0f,0.4813f,0f,0f,0f,1f],start_interpolation: -1,interpolation_duration: 0}
$data merge entity $(bone_slide) {transformation: [-0.9956f,0.0931f,-0.0108f,-0.043f,0.0935f,0.9942f,-0.0529f,-0.2479f,0.0058f,-0.0537f,-0.9985f,0.4532f,0f,0f,0f,1f],start_interpolation: 0,interpolation_duration: 1}
$data merge entity $(bone_barrel) {transformation: [-0.9956f,0.0931f,-0.0108f,0.0586f,0.0935f,0.9942f,-0.0529f,-0.3376f,0.0058f,-0.0537f,-0.9985f,0.4757f,0f,0f,0f,1f],start_interpolation: 0,interpolation_duration: 1}
$data merge entity $(bone_magazine) {transformation: [-0.9956f,0.0931f,-0.0108f,-0.0573f,0.0935f,0.9942f,-0.0529f,-0.39f,0.0058f,-0.0537f,-0.9985f,0.2825f,0f,0f,0f,1f],start_interpolation: 0,interpolation_duration: 1}
$data merge entity $(bone_grip) {transformation: [-0.9956f,0.0931f,-0.0108f,-0.0573f,0.0935f,0.9942f,-0.0529f,-0.39f,0.0058f,-0.0537f,-0.9985f,0.2825f,0f,0f,0f,1f],start_interpolation: 0,interpolation_duration: 1}
$data merge entity $(bone_trigger) {transformation: [-0.9956f,0.0931f,-0.0108f,-0.0566f,0.0935f,0.9942f,-0.0529f,-0.3841f,0.0058f,-0.0537f,-0.9985f,0.3128f,0f,0f,0f,1f],start_interpolation: 0,interpolation_duration: 1}
$data merge entity $(bone_trigger_gaurd) {transformation: [-0.9956f,0.0931f,-0.0108f,-0.0536f,0.0935f,0.9942f,-0.0529f,-0.3536f,0.0058f,-0.0537f,-0.9985f,0.3437f,0f,0f,0f,1f],start_interpolation: 0,interpolation_duration: 1}
$data merge entity $(bone_right_arm) {transformation: [-0.9956f,-0.0006f,-0.0937f,-0.0936f,0.0935f,0.0556f,-0.9941f,-0.3872f,0.0058f,-0.9985f,-0.0553f,-0.0546f,0f,0f,0f,1f],start_interpolation: 0,interpolation_duration: 1}
$data merge entity $(bone_magazine1) {transformation: [0f,0f,0f,-0.1134f,0f,0f,0f,-0.3231f,0f,0f,0f,0.2998f,0f,0f,0f,1f],start_interpolation: 0,interpolation_duration: 1}
$data merge entity $(bone_left_arm) {transformation: [-0.8367f,0.4026f,0.3713f,0.0845f,-0.3675f,0.09f,-0.9257f,-0.3954f,-0.4061f,-0.9109f,0.0726f,-0.0425f,0f,0f,0f,1f],start_interpolation: 0,interpolation_duration: 1}
$execute on vehicle unless entity @s[tag=aj.transforms_only] as $(locator_barrel1) positioned ^-0.067891562 ^-0.2906139716 ^0.637287901 rotated ~359.3808322111 ~-3.0339755667 run function animated_java:glock/animations/shoot2/zzz/frames/2_locator_barrel1
data modify entity @s data merge value {"cameras":{},"locators":{"barrel1":{"px":-0.06789156195017637,"py":-0.2906139716185529,"pz":0.6372879009883338,"ry":359.38083221111776,"rx":-3.0339755666872326}}}