# This file was generated by Animated Java via MC-Build. It is not recommended to edit this file directly.
$data merge entity $(bone_muzzleflash) {transformation: [-0.6087f,0.7934f,0f,-0.0719f,0.7922f,0.608f,0f,-0.3297f,-0.0429f,-0.03f,0f,0.4906f,0f,0f,0f,1f],start_interpolation: 0,interpolation_duration: 1}
$data merge entity $(bone_slide) {transformation: [-0.9962f,0.0874f,-0.0057f,-0.0446f,0.0876f,0.9943f,-0.0604f,-0.2558f,0.0004f,-0.0606f,-0.9982f,0.4739f,0f,0f,0f,1f],start_interpolation: 0,interpolation_duration: 1}
$data merge entity $(bone_barrel) {transformation: [-0.9962f,0.0874f,-0.0057f,0.0572f,0.0876f,0.9943f,-0.0604f,-0.3458f,0.0004f,-0.0606f,-0.9982f,0.4787f,0f,0f,0f,1f],start_interpolation: 0,interpolation_duration: 1}
$data merge entity $(bone_magazine) {transformation: [-0.9962f,0.0874f,-0.0057f,-0.0574f,0.0876f,0.9943f,-0.0604f,-0.4004f,0.0004f,-0.0606f,-0.9982f,0.2853f,0f,0f,0f,1f],start_interpolation: 0,interpolation_duration: 1}
$data merge entity $(bone_grip) {transformation: [-0.9962f,0.0874f,-0.0057f,-0.0574f,0.0876f,0.9943f,-0.0604f,-0.4004f,0.0004f,-0.0606f,-0.9982f,0.2853f,0f,0f,0f,1f],start_interpolation: 0,interpolation_duration: 1}
$data merge entity $(bone_trigger) {transformation: [-0.9962f,0.0874f,-0.0057f,-0.0569f,0.0876f,0.9943f,-0.0604f,-0.3942f,0.0004f,-0.0606f,-0.9982f,0.3157f,0f,0f,0f,1f],start_interpolation: 0,interpolation_duration: 1}
$data merge entity $(bone_trigger_gaurd) {transformation: [-0.9962f,0.0874f,-0.0057f,-0.0542f,0.0876f,0.9943f,-0.0604f,-0.3635f,0.0004f,-0.0606f,-0.9982f,0.3463f,0f,0f,0f,1f],start_interpolation: 0,interpolation_duration: 1}
$data merge entity $(bone_right_arm) {transformation: [-0.9962f,-0.0009f,-0.0876f,-0.0937f,0.0876f,-0.0061f,-0.9961f,-0.4194f,0.0004f,-1f,0.0061f,-0.0469f,0f,0f,0f,1f],start_interpolation: 0,interpolation_duration: 1}
$data merge entity $(bone_magazine1) {transformation: [0f,0f,0f,-0.114f,0f,0f,0f,-0.3336f,0f,0f,0f,0.3029f,0f,0f,0f,1f],start_interpolation: 0,interpolation_duration: 1}
$data merge entity $(bone_left_arm) {transformation: [-0.8344f,0.402f,0.377f,0.0844f,-0.3969f,0.0361f,-0.9171f,-0.4257f,-0.3824f,-0.9149f,0.1294f,-0.0344f,0f,0f,0f,1f],start_interpolation: 0,interpolation_duration: 1}
data modify entity @s data merge value {"cameras":{},"locators":{"barrel1":{"px":-0.07028610208473172,"py":-0.2984088568098412,"pz":0.6393807801090228,"ry":359.6723367138693,"rx":-3.4601819415567734}}}
execute on vehicle unless entity @s[tag=aj.transforms_only] at @s run function animated_java:glock/animations/shoot2/zzz/frames/3_root_function