# This file was generated by Animated Java via MC-Build. It is not recommended to edit this file directly.
$data merge entity $(bone_muzzleflash) {transformation: [0f,0f,0f,-0.2031f,0f,0f,0f,-0.7703f,0f,0f,0f,0.4f,0f,0f,0f,1f],start_interpolation: 0,interpolation_duration: 1}
$data merge entity $(bone_slide) {transformation: [-0.9624f,-0.0442f,-0.268f,-0.208f,0.2492f,0.2489f,-0.9359f,-0.11f,0.1081f,-0.9675f,-0.2285f,-0.0772f,0f,0f,0f,1f],start_interpolation: 0,interpolation_duration: 1}
$data merge entity $(bone_barrel) {transformation: [-0.9624f,-0.0442f,-0.268f,-0.0992f,0.2492f,0.2489f,-0.9359f,-0.1574f,0.1081f,-0.9675f,-0.2285f,-0.0107f,0f,0f,0f,1f],start_interpolation: 0,interpolation_duration: 1}
$data merge entity $(bone_magazine) {transformation: [-0.9624f,-0.0442f,-0.268f,-0.2549f,0.2492f,0.2489f,-0.9359f,-0.3275f,0.1081f,-0.9675f,-0.2285f,0.007f,0f,0f,0f,1f],start_interpolation: 0,interpolation_duration: 1}
$data merge entity $(bone_grip) {transformation: [-0.9624f,-0.0442f,-0.268f,-0.2549f,0.2492f,0.2489f,-0.9359f,-0.3275f,0.1081f,-0.9675f,-0.2285f,0.007f,0f,0f,0f,1f],start_interpolation: 0,interpolation_duration: 1}
$data merge entity $(bone_trigger) {transformation: [-0.9624f,-0.0442f,-0.268f,-0.2469f,0.2492f,0.2489f,-0.9359f,-0.2978f,0.1081f,-0.9675f,-0.2285f,0.0097f,0f,0f,0f,1f],start_interpolation: 0,interpolation_duration: 1}
$data merge entity $(bone_trigger_gaurd) {transformation: [-0.9624f,-0.0442f,-0.268f,-0.2395f,0.2492f,0.2489f,-0.9359f,-0.2602f,0.1081f,-0.9675f,-0.2285f,-0.0108f,0f,0f,0f,1f],start_interpolation: 0,interpolation_duration: 1}
$data merge entity $(bone_right_arm) {transformation: [-0.9624f,-0.268f,0.0442f,-0.375f,0.2492f,-0.9359f,-0.2489f,-0.6312f,0.1081f,-0.2285f,0.9675f,-0.0438f,0f,0f,0f,1f],start_interpolation: 0,interpolation_duration: 1}
$data merge entity $(bone_magazine1) {transformation: [0f,0f,0f,0.2728f,0f,0f,0f,-1.407f,0f,0f,0f,0.1028f,0f,0f,0f,1f],start_interpolation: 0,interpolation_duration: 1}
$data merge entity $(bone_left_arm) {transformation: [-0.9237f,-0.3236f,0.205f,0.1719f,-0.3831f,0.7823f,-0.4912f,-1.1625f,-0.0015f,-0.5323f,-0.8466f,-0.2f,0f,0f,0f,1f],start_interpolation: 0,interpolation_duration: 1}
data modify entity @s data merge value {"cameras":{"camera2":{"px":3.061616997868383e-17,"py":-0.1875,"pz":-0.25,"ry":0,"rx":0}},"locators":{"barrel1":{"px":-0.1831243202520172,"py":0.03396924731818224,"pz":0.01523793536546493,"ry":310.4477469615085,"rx":-69.37752650252702}}}
execute on vehicle unless entity @s[tag=aj.transforms_only] at @s run function animated_java:glock/animations/sprint/zzz/frames/0_root_function