# This file was generated by Animated Java via MC-Build. It is not recommended to edit this file directly.
$data merge entity $(bone_slide) {transformation: [-0.9871f,0.1047f,-0.1211f,0.02f,0.0867f,0.9856f,0.1451f,-0.3767f,0.1346f,0.1328f,-0.982f,0.5502f,0f,0f,0f,1f],start_interpolation: 0,interpolation_duration: 1}
$data merge entity $(bone_barrel) {transformation: [-0.9871f,0.1047f,-0.1211f,0.1195f,0.0867f,0.9856f,0.1451f,-0.466f,0.1346f,0.1328f,-0.982f,0.5247f,0f,0f,0f,1f],start_interpolation: 0,interpolation_duration: 1}
$data merge entity $(bone_magazine) {transformation: [-0.9871f,0.1047f,-0.1211f,-0.0179f,0.0867f,0.9856f,0.1451f,-0.4797f,0.1346f,0.1328f,-0.982f,0.3391f,0f,0f,0f,1f],start_interpolation: 0,interpolation_duration: 1}
$data merge entity $(bone_grip) {transformation: [-0.9871f,0.1047f,-0.1211f,-0.0179f,0.0867f,0.9856f,0.1451f,-0.4797f,0.1346f,0.1328f,-0.982f,0.3391f,0f,0f,0f,1f],start_interpolation: 0,interpolation_duration: 1}
$data merge entity $(bone_trigger) {transformation: [-0.9871f,0.1047f,-0.1211f,-0.0137f,0.0867f,0.9856f,0.1451f,-0.4798f,0.1346f,0.1328f,-0.982f,0.3697f,0f,0f,0f,1f],start_interpolation: 0,interpolation_duration: 1}
$data merge entity $(bone_trigger_gaurd) {transformation: [-0.9871f,0.1047f,-0.1211f,-0.0067f,0.0867f,0.9856f,0.1451f,-0.4561f,0.1346f,0.1328f,-0.982f,0.4054f,0f,0f,0f,1f],start_interpolation: 0,interpolation_duration: 1}
$data merge entity $(bone_right_arm) {transformation: [-0.9871f,-0.1211f,-0.1047f,-0.0937f,0.0867f,0.1451f,-0.9856f,-0.45f,0.1346f,-0.982f,-0.1328f,0.0187f,0f,0f,0f,1f],start_interpolation: 0,interpolation_duration: 1}
$data merge entity $(bone_magazine1) {transformation: [0f,0f,0f,-0.0266f,0f,0f,0f,-0.5079f,0f,0f,0f,0.331f,0f,0f,0f,1f],start_interpolation: 0,interpolation_duration: 1}
$data merge entity $(bone_left_arm) {transformation: [-0.8806f,0.2519f,0.4012f,0.1168f,-0.3454f,0.2383f,-0.9077f,-0.5211f,-0.3243f,-0.9379f,-0.1228f,-0.0444f,0f,0f,0f,1f],start_interpolation: 0,interpolation_duration: 1}
data modify entity @s data merge value {"cameras":{},"locators":{"barrel1":{"px":0.012342931922380153,"py":-0.4523134659044377,"pz":0.7054460300392176,"ry":352.9672852480307,"rx":8.345856243999492}}}