# This file was generated by Animated Java via MC-Build. It is not recommended to edit this file directly.
$data merge entity $(bone_slide) {transformation: [-0.9947f,0.0902f,-0.0498f,-0.0195f,0.0874f,0.9947f,0.0549f,-0.328f,0.0545f,0.0503f,-0.9973f,0.5482f,0f,0f,0f,1f],start_interpolation: 0,interpolation_duration: 1}
$data merge entity $(bone_barrel) {transformation: [-0.9947f,0.0902f,-0.0498f,0.082f,0.0874f,0.9947f,0.0549f,-0.418f,0.0545f,0.0503f,-0.9973f,0.5382f,0f,0f,0f,1f],start_interpolation: 0,interpolation_duration: 1}
$data merge entity $(bone_magazine) {transformation: [-0.9947f,0.0902f,-0.0498f,-0.0413f,0.0874f,0.9947f,0.0549f,-0.4499f,0.0545f,0.0503f,-0.9973f,0.3451f,0f,0f,0f,1f],start_interpolation: 0,interpolation_duration: 1}
$data merge entity $(bone_grip) {transformation: [-0.9947f,0.0902f,-0.0498f,-0.0413f,0.0874f,0.9947f,0.0549f,-0.4499f,0.0545f,0.0503f,-0.9973f,0.3451f,0f,0f,0f,1f],start_interpolation: 0,interpolation_duration: 1}
$data merge entity $(bone_trigger) {transformation: [-0.9947f,0.0902f,-0.0498f,-0.0394f,0.0874f,0.9947f,0.0549f,-0.4472f,0.0545f,0.0503f,-0.9973f,0.3758f,0f,0f,0f,1f],start_interpolation: 0,interpolation_duration: 1}
$data merge entity $(bone_trigger_gaurd) {transformation: [-0.9947f,0.0902f,-0.0498f,-0.0352f,0.0874f,0.9947f,0.0549f,-0.4203f,0.0545f,0.0503f,-0.9973f,0.4097f,0f,0f,0f,1f],start_interpolation: 0,interpolation_duration: 1}
$data merge entity $(bone_right_arm) {transformation: [-0.9947f,-0.0498f,-0.0902f,-0.0937f,0.0874f,0.0549f,-0.9947f,-0.45f,0.0545f,-0.9973f,-0.0503f,0.0187f,0f,0f,0f,1f],start_interpolation: 0,interpolation_duration: 1}
$data merge entity $(bone_magazine1) {transformation: [0f,0f,0f,-0.0625f,0f,0f,0f,-0.4521f,0f,0f,0f,0.3306f,0f,0f,0f,1f],start_interpolation: 0,interpolation_duration: 1}
$data merge entity $(bone_left_arm) {transformation: [-0.8575f,0.3291f,0.3955f,0.1099f,-0.3728f,0.1322f,-0.9184f,-0.5073f,-0.3545f,-0.935f,0.0093f,-0.0283f,0f,0f,0f,1f],start_interpolation: 0,interpolation_duration: 1}
data modify entity @s data merge value {"cameras":{},"locators":{"barrel1":{"px":-0.03807253723345687,"py":-0.3893696541081503,"pz":0.7087039704189801,"ry":357.1421667953674,"rx":3.147006660371261}}}