# This file was generated by Animated Java via MC-Build. It is not recommended to edit this file directly.
$data merge entity $(bone_slide) {transformation: [-0.996f,0.0878f,-0.017f,-0.037f,0.0876f,0.9961f,0.0139f,-0.3062f,0.0181f,0.0124f,-0.9998f,0.5449f,0f,0f,0f,1f],start_interpolation: 0,interpolation_duration: 1}
$data merge entity $(bone_barrel) {transformation: [-0.996f,0.0878f,-0.017f,0.0648f,0.0876f,0.9961f,0.0139f,-0.3964f,0.0181f,0.0124f,-0.9998f,0.5419f,0f,0f,0f,1f],start_interpolation: 0,interpolation_duration: 1}
$data merge entity $(bone_magazine) {transformation: [-0.996f,0.0878f,-0.017f,-0.0521f,0.0876f,0.9961f,0.0139f,-0.4365f,0.0181f,0.0124f,-0.9998f,0.3463f,0f,0f,0f,1f],start_interpolation: 0,interpolation_duration: 1}
$data merge entity $(bone_grip) {transformation: [-0.996f,0.0878f,-0.017f,-0.0521f,0.0876f,0.9961f,0.0139f,-0.4365f,0.0181f,0.0124f,-0.9998f,0.3463f,0f,0f,0f,1f],start_interpolation: 0,interpolation_duration: 1}
$data merge entity $(bone_trigger) {transformation: [-0.996f,0.0878f,-0.017f,-0.0512f,0.0876f,0.9961f,0.0139f,-0.4325f,0.0181f,0.0124f,-0.9998f,0.377f,0f,0f,0f,1f],start_interpolation: 0,interpolation_duration: 1}
$data merge entity $(bone_trigger_gaurd) {transformation: [-0.996f,0.0878f,-0.017f,-0.0481f,0.0876f,0.9961f,0.0139f,-0.4042f,0.0181f,0.0124f,-0.9998f,0.4098f,0f,0f,0f,1f],start_interpolation: 0,interpolation_duration: 1}
$data merge entity $(bone_right_arm) {transformation: [-0.996f,-0.017f,-0.0878f,-0.0937f,0.0876f,0.0139f,-0.9961f,-0.45f,0.0181f,-0.9998f,-0.0124f,0.0187f,0f,0f,0f,1f],start_interpolation: 0,interpolation_duration: 1}
$data merge entity $(bone_magazine1) {transformation: [0f,0f,0f,-0.0845f,0f,0f,0f,-0.4171f,0f,0f,0f,0.3337f,0f,0f,0f,1f],start_interpolation: 0,interpolation_duration: 1}
$data merge entity $(bone_left_arm) {transformation: [-0.844f,0.3722f,0.3861f,0.1034f,-0.3873f,0.0751f,-0.9189f,-0.4943f,-0.371f,-0.9251f,0.0807f,-0.0132f,0f,0f,0f,1f],start_interpolation: 0,interpolation_duration: 1}
data modify entity @s data merge value {"cameras":{},"locators":{"barrel1":{"px":-0.060853931862194365,"py":-0.3610612419504974,"pz":0.7070960220105038,"ry":359.0275623756935,"rx":0.7978224394386149}}}