# This file was generated by Animated Java via MC-Build. It is not recommended to edit this file directly.
$data merge entity $(bone_slide) {transformation: [-0.9961f,0.0876f,-0.0047f,-0.0435f,0.0876f,0.9962f,-0.0013f,-0.2982f,0.0046f,-0.0017f,-1f,0.5433f,0f,0f,0f,1f],start_interpolation: 0,interpolation_duration: 1}
$data merge entity $(bone_barrel) {transformation: [-0.9961f,0.0876f,-0.0047f,0.0584f,0.0876f,0.9962f,-0.0013f,-0.3884f,0.0046f,-0.0017f,-1f,0.543f,0f,0f,0f,1f],start_interpolation: 0,interpolation_duration: 1}
$data merge entity $(bone_magazine) {transformation: [-0.9961f,0.0876f,-0.0047f,-0.0561f,0.0876f,0.9962f,-0.0013f,-0.4315f,0.0046f,-0.0017f,-1f,0.3466f,0f,0f,0f,1f],start_interpolation: 0,interpolation_duration: 1}
$data merge entity $(bone_grip) {transformation: [-0.9961f,0.0876f,-0.0047f,-0.0561f,0.0876f,0.9962f,-0.0013f,-0.4315f,0.0046f,-0.0017f,-1f,0.3466f,0f,0f,0f,1f],start_interpolation: 0,interpolation_duration: 1}
$data merge entity $(bone_trigger) {transformation: [-0.9961f,0.0876f,-0.0047f,-0.0556f,0.0876f,0.9962f,-0.0013f,-0.4271f,0.0046f,-0.0017f,-1f,0.3772f,0f,0f,0f,1f],start_interpolation: 0,interpolation_duration: 1}
$data merge entity $(bone_trigger_gaurd) {transformation: [-0.9961f,0.0876f,-0.0047f,-0.0529f,0.0876f,0.9962f,-0.0013f,-0.3982f,0.0046f,-0.0017f,-1f,0.4096f,0f,0f,0f,1f],start_interpolation: 0,interpolation_duration: 1}
$data merge entity $(bone_right_arm) {transformation: [-0.9961f,-0.0047f,-0.0876f,-0.0937f,0.0876f,-0.0013f,-0.9962f,-0.45f,0.0046f,-1f,0.0017f,0.0187f,0f,0f,0f,1f],start_interpolation: 0,interpolation_duration: 1}
$data merge entity $(bone_magazine1) {transformation: [0f,0f,0f,-0.0976f,0f,0f,0f,-0.3951f,0f,0f,0f,0.3411f,0f,0f,0f,1f],start_interpolation: 0,interpolation_duration: 1}
$data merge entity $(bone_left_arm) {transformation: [-0.8375f,0.3926f,0.3801f,0.0975f,-0.3939f,0.0484f,-0.9179f,-0.4825f,-0.3788f,-0.9184f,0.1141f,0.0006f,0f,0f,0f,1f],start_interpolation: 0,interpolation_duration: 1}
data modify entity @s data merge value {"cameras":{},"locators":{"barrel1":{"px":-0.06928134790447009,"py":-0.35057337401976596,"pz":0.7060113266515251,"ry":359.72836393010016,"rx":-0.07548423742659556}}}