# This file was generated by Animated Java via MC-Build. It is not recommended to edit this file directly.
$data merge entity $(bone_slide) {transformation: [-0.9962f,0.0876f,-0.0014f,-0.0452f,0.0876f,0.9961f,-0.0054f,-0.2961f,0.001f,-0.0055f,-1f,0.5429f,0f,0f,0f,1f],start_interpolation: 0,interpolation_duration: 1}
$data merge entity $(bone_barrel) {transformation: [-0.9962f,0.0876f,-0.0014f,0.0567f,0.0876f,0.9961f,-0.0054f,-0.3863f,0.001f,-0.0055f,-1f,0.5432f,0f,0f,0f,1f],start_interpolation: 0,interpolation_duration: 1}
$data merge entity $(bone_magazine) {transformation: [-0.9962f,0.0876f,-0.0014f,-0.0572f,0.0876f,0.9961f,-0.0054f,-0.4301f,0.001f,-0.0055f,-1f,0.3466f,0f,0f,0f,1f],start_interpolation: 0,interpolation_duration: 1}
$data merge entity $(bone_grip) {transformation: [-0.9962f,0.0876f,-0.0014f,-0.0572f,0.0876f,0.9961f,-0.0054f,-0.4301f,0.001f,-0.0055f,-1f,0.3466f,0f,0f,0f,1f],start_interpolation: 0,interpolation_duration: 1}
$data merge entity $(bone_trigger) {transformation: [-0.9962f,0.0876f,-0.0014f,-0.0568f,0.0876f,0.9961f,-0.0054f,-0.4256f,0.001f,-0.0055f,-1f,0.3772f,0f,0f,0f,1f],start_interpolation: 0,interpolation_duration: 1}
$data merge entity $(bone_trigger_gaurd) {transformation: [-0.9962f,0.0876f,-0.0014f,-0.0542f,0.0876f,0.9961f,-0.0054f,-0.3966f,0.001f,-0.0055f,-1f,0.4095f,0f,0f,0f,1f],start_interpolation: 0,interpolation_duration: 1}
$data merge entity $(bone_right_arm) {transformation: [-0.9962f,-0.0014f,-0.0876f,-0.0937f,0.0876f,-0.0054f,-0.9961f,-0.45f,0.001f,-1f,0.0055f,0.0187f,0f,0f,0f,1f],start_interpolation: 0,interpolation_duration: 1}
$data merge entity $(bone_magazine1) {transformation: [0f,0f,0f,-0.1055f,0f,0f,0f,-0.3809f,0f,0f,0f,0.3508f,0f,0f,0f,1f],start_interpolation: 0,interpolation_duration: 1}
$data merge entity $(bone_left_arm) {transformation: [-0.835f,0.4002f,0.3776f,0.0922f,-0.3963f,0.0386f,-0.9173f,-0.472f,-0.3816f,-0.9156f,0.1264f,0.0129f,0f,0f,0f,1f],start_interpolation: 0,interpolation_duration: 1}
data modify entity @s data merge value {"cameras":{},"locators":{"barrel1":{"px":-0.07155273030813986,"py":-0.3477437543664429,"pz":0.7056731699740201,"ry":359.91769334427875,"rx":-0.31142466034535593}}}