# This file was generated by Animated Java via MC-Build. It is not recommended to edit this file directly.
$data merge entity $(bone_slide) {transformation: [-0.9962f,0.0876f,-0.001f,-0.0455f,0.0876f,0.9961f,-0.006f,-0.2957f,0.0004f,-0.0061f,-1f,0.5428f,0f,0f,0f,1f],start_interpolation: 0,interpolation_duration: 1}
$data merge entity $(bone_barrel) {transformation: [-0.9962f,0.0876f,-0.001f,0.0564f,0.0876f,0.9961f,-0.006f,-0.386f,0.0004f,-0.0061f,-1f,0.5432f,0f,0f,0f,1f],start_interpolation: 0,interpolation_duration: 1}
$data merge entity $(bone_magazine) {transformation: [-0.9962f,0.0876f,-0.001f,-0.0573f,0.0876f,0.9961f,-0.006f,-0.4299f,0.0004f,-0.0061f,-1f,0.3466f,0f,0f,0f,1f],start_interpolation: 0,interpolation_duration: 1}
$data merge entity $(bone_grip) {transformation: [-0.9962f,0.0876f,-0.001f,-0.0573f,0.0876f,0.9961f,-0.006f,-0.4299f,0.0004f,-0.0061f,-1f,0.3466f,0f,0f,0f,1f],start_interpolation: 0,interpolation_duration: 1}
$data merge entity $(bone_trigger) {transformation: [-0.9962f,0.0876f,-0.001f,-0.0569f,0.0876f,0.9961f,-0.006f,-0.4254f,0.0004f,-0.0061f,-1f,0.3772f,0f,0f,0f,1f],start_interpolation: 0,interpolation_duration: 1}
$data merge entity $(bone_trigger_gaurd) {transformation: [-0.9962f,0.0876f,-0.001f,-0.0544f,0.0876f,0.9961f,-0.006f,-0.3964f,0.0004f,-0.0061f,-1f,0.4095f,0f,0f,0f,1f],start_interpolation: 0,interpolation_duration: 1}
$data merge entity $(bone_right_arm) {transformation: [-0.9962f,-0.001f,-0.0876f,-0.0937f,0.0876f,-0.006f,-0.9961f,-0.45f,0.0004f,-1f,0.0061f,0.0187f,0f,0f,0f,1f],start_interpolation: 0,interpolation_duration: 1}
$data merge entity $(bone_magazine1) {transformation: [0f,0f,0f,-0.1105f,0f,0f,0f,-0.3712f,0f,0f,0f,0.3605f,0f,0f,0f,1f],start_interpolation: 0,interpolation_duration: 1}
$data merge entity $(bone_left_arm) {transformation: [-0.8345f,0.4019f,0.377f,0.0878f,-0.3969f,0.0363f,-0.9171f,-0.4632f,-0.3823f,-0.915f,0.1292f,0.0232f,0f,0f,0f,1f],start_interpolation: 0,interpolation_duration: 1}
data modify entity @s data merge value {"cameras":{},"locators":{"barrel1":{"px":-0.07188622720646326,"py":-0.34732817313650743,"pz":0.7056218740840574,"ry":359.9455093974022,"rx":-0.34608894585666694}}}