# This file was generated by Animated Java via MC-Build. It is not recommended to edit this file directly.
$data merge entity $(bone_slide) {transformation: [-0.4245f,0.8648f,-0.2682f,0.1954f,0.0371f,0.3126f,0.9492f,-0.9012f,0.9047f,0.3929f,-0.1648f,0.1349f,0f,0f,0f,1f],start_interpolation: 0,interpolation_duration: 1}
$data merge entity $(bone_barrel) {transformation: [-0.4245f,0.8648f,-0.2682f,0.1718f,0.0371f,0.3126f,0.9492f,-0.9306f,0.9047f,0.3929f,-0.1648f,0.0042f,0f,0f,0f,1f],start_interpolation: 0,interpolation_duration: 1}
$data merge entity $(bone_magazine) {transformation: [-0.4245f,0.8648f,-0.2682f,0.0272f,0.0371f,0.3126f,0.9492f,-0.756f,0.9047f,0.3929f,-0.1648f,0.05f,0f,0f,0f,1f],start_interpolation: 0,interpolation_duration: 1}
$data merge entity $(bone_grip) {transformation: [-0.4245f,0.8648f,-0.2682f,0.0272f,0.0371f,0.3126f,0.9492f,-0.756f,0.9047f,0.3929f,-0.1648f,0.05f,0f,0f,0f,1f],start_interpolation: 0,interpolation_duration: 1}
$data merge entity $(bone_trigger) {transformation: [-0.4245f,0.8648f,-0.2682f,0.0391f,0.0371f,0.3126f,0.9492f,-0.7837f,0.9047f,0.3929f,-0.1648f,0.0568f,0f,0f,0f,1f],start_interpolation: 0,interpolation_duration: 1}
$data merge entity $(bone_trigger_gaurd) {transformation: [-0.4245f,0.8648f,-0.2682f,0.0728f,0.0371f,0.3126f,0.9492f,-0.8055f,0.9047f,0.3929f,-0.1648f,0.0735f,0f,0f,0f,1f],start_interpolation: 0,interpolation_duration: 1}
$data merge entity $(bone_right_arm) {transformation: [-0.4245f,-0.2682f,-0.8648f,-0.0937f,0.0371f,0.9492f,-0.3126f,-0.45f,0.9047f,-0.1648f,-0.3929f,0.0187f,0f,0f,0f,1f],start_interpolation: 0,interpolation_duration: 1}
$data merge entity $(bone_magazine1) {transformation: [0f,0f,0f,0.1662f,0f,0f,0f,-1.0006f,0f,0f,0f,-0.0349f,0f,0f,0f,1f],start_interpolation: 0,interpolation_duration: 1}
$data merge entity $(bone_left_arm) {transformation: [-1f,-0.0043f,0.004f,0.165f,-0.0044f,0.9998f,-0.0169f,-0.6175f,-0.0039f,-0.0169f,-0.9998f,-0.1569f,0f,0f,0f,1f],start_interpolation: 0,interpolation_duration: 1}
data modify entity @s data merge value {"cameras":{},"locators":{"barrel1":{"px":0.1824003342370457,"py":-1.0717668064006172,"pz":0.16002820553484293,"ry":301.5709857594918,"rx":71.65431020612817}}}