# This file was generated by Animated Java via MC-Build. It is not recommended to edit this file directly.
$data merge entity $(bone_slide) {transformation: [-0.4366f,0.8556f,-0.278f,0.1996f,0.0382f,0.3264f,0.9445f,-0.8967f,0.8988f,0.4018f,-0.1752f,0.142f,0f,0f,0f,1f],start_interpolation: 0,interpolation_duration: 1}
$data merge entity $(bone_barrel) {transformation: [-0.4366f,0.8556f,-0.278f,0.1781f,0.0382f,0.3264f,0.9445f,-0.9273f,0.8988f,0.4018f,-0.1752f,0.0111f,0f,0f,0f,1f],start_interpolation: 0,interpolation_duration: 1}
$data merge entity $(bone_magazine) {transformation: [-0.4366f,0.8556f,-0.278f,0.0306f,0.0382f,0.3264f,0.9445f,-0.7542f,0.8988f,0.4018f,-0.1752f,0.0538f,0f,0f,0f,1f],start_interpolation: 0,interpolation_duration: 1}
$data merge entity $(bone_grip) {transformation: [-0.4366f,0.8556f,-0.278f,0.0306f,0.0382f,0.3264f,0.9445f,-0.7542f,0.8988f,0.4018f,-0.1752f,0.0538f,0f,0f,0f,1f],start_interpolation: 0,interpolation_duration: 1}
$data merge entity $(bone_trigger) {transformation: [-0.4366f,0.8556f,-0.278f,0.0429f,0.0382f,0.3264f,0.9445f,-0.7817f,0.8988f,0.4018f,-0.1752f,0.061f,0f,0f,0f,1f],start_interpolation: 0,interpolation_duration: 1}
$data merge entity $(bone_trigger_gaurd) {transformation: [-0.4366f,0.8556f,-0.278f,0.0766f,0.0382f,0.3264f,0.9445f,-0.8029f,0.8988f,0.4018f,-0.1752f,0.0783f,0f,0f,0f,1f],start_interpolation: 0,interpolation_duration: 1}
$data merge entity $(bone_right_arm) {transformation: [-0.4366f,-0.278f,-0.8556f,-0.0937f,0.0382f,0.9445f,-0.3264f,-0.45f,0.8988f,-0.1752f,-0.4018f,0.0187f,0f,0f,0f,1f],start_interpolation: 0,interpolation_duration: 1}
$data merge entity $(bone_magazine1) {transformation: [0f,0f,0f,0.1627f,0f,0f,0f,-0.984f,0f,0f,0f,-0.0071f,0f,0f,0f,1f],start_interpolation: 0,interpolation_duration: 1}
$data merge entity $(bone_left_arm) {transformation: [-0.9998f,-0.0132f,0.013f,0.1591f,-0.0139f,0.9985f,-0.0533f,-0.6057f,-0.0123f,-0.0534f,-0.9985f,-0.1431f,0f,0f,0f,1f],start_interpolation: 0,interpolation_duration: 1}
data modify entity @s data merge value {"cameras":{},"locators":{"barrel1":{"px":0.18840089664084742,"py":-1.0671612064537137,"pz":0.16813345548742178,"ry":302.2173948388285,"rx":70.81587095915899}}}