# This file was generated by Animated Java via MC-Build. It is not recommended to edit this file directly.
$data merge entity $(bone_slide) {transformation: [-0.4689f,0.8296f,-0.3031f,0.2098f,0.041f,0.3633f,0.9308f,-0.8839f,0.8823f,0.424f,-0.2044f,0.1613f,0f,0f,0f,1f],start_interpolation: 0,interpolation_duration: 1}
$data merge entity $(bone_barrel) {transformation: [-0.4689f,0.8296f,-0.3031f,0.194f,0.041f,0.3633f,0.9308f,-0.9178f,0.8823f,0.424f,-0.2044f,0.0305f,0f,0f,0f,1f],start_interpolation: 0,interpolation_duration: 1}
$data merge entity $(bone_magazine) {transformation: [-0.4689f,0.8296f,-0.3031f,0.0394f,0.041f,0.3633f,0.9308f,-0.749f,0.8823f,0.424f,-0.2044f,0.0645f,0f,0f,0f,1f],start_interpolation: 0,interpolation_duration: 1}
$data merge entity $(bone_grip) {transformation: [-0.4689f,0.8296f,-0.3031f,0.0394f,0.041f,0.3633f,0.9308f,-0.749f,0.8823f,0.424f,-0.2044f,0.0645f,0f,0f,0f,1f],start_interpolation: 0,interpolation_duration: 1}
$data merge entity $(bone_trigger) {transformation: [-0.4689f,0.8296f,-0.3031f,0.0523f,0.041f,0.3633f,0.9308f,-0.776f,0.8823f,0.424f,-0.2044f,0.0726f,0f,0f,0f,1f],start_interpolation: 0,interpolation_duration: 1}
$data merge entity $(bone_trigger_gaurd) {transformation: [-0.4689f,0.8296f,-0.3031f,0.0861f,0.041f,0.3633f,0.9308f,-0.7957f,0.8823f,0.424f,-0.2044f,0.0914f,0f,0f,0f,1f],start_interpolation: 0,interpolation_duration: 1}
$data merge entity $(bone_right_arm) {transformation: [-0.4689f,-0.3031f,-0.8296f,-0.0937f,0.041f,0.9308f,-0.3633f,-0.45f,0.8823f,-0.2044f,-0.424f,0.0187f,0f,0f,0f,1f],start_interpolation: 0,interpolation_duration: 1}
$data merge entity $(bone_magazine1) {transformation: [0f,0f,0f,0.1601f,0f,0f,0f,-0.9594f,0f,0f,0f,0.0367f,0f,0f,0f,1f],start_interpolation: 0,interpolation_duration: 1}
$data merge entity $(bone_left_arm) {transformation: [-0.999f,-0.0297f,0.0341f,0.1526f,-0.0339f,0.9911f,-0.1291f,-0.5927f,-0.0299f,-0.1301f,-0.991f,-0.128f,0f,0f,0f,1f],start_interpolation: 0,interpolation_duration: 1}
data modify entity @s data merge value {"cameras":{},"locators":{"barrel1":{"px":0.20346847295801604,"py":-1.0540949881524844,"pz":0.19063055335480733,"ry":303.9895829758583,"rx":68.55636761489333}}}