# This file was generated by Animated Java via MC-Build. It is not recommended to edit this file directly.
$data merge entity $(bone_slide) {transformation: [-0.5381f,0.7663f,-0.3511f,0.2276f,0.0471f,0.4432f,0.8952f,-0.8531f,0.8416f,0.4651f,-0.2745f,0.2059f,0f,0f,0f,1f],start_interpolation: 0,interpolation_duration: 1}
$data merge entity $(bone_barrel) {transformation: [-0.5381f,0.7663f,-0.3511f,0.2244f,0.0471f,0.4432f,0.8952f,-0.8941f,0.8416f,0.4651f,-0.2745f,0.0762f,0f,0f,0f,1f],start_interpolation: 0,interpolation_duration: 1}
$data merge entity $(bone_magazine) {transformation: [-0.5381f,0.7663f,-0.3511f,0.0562f,0.0471f,0.4432f,0.8952f,-0.7359f,0.8416f,0.4651f,-0.2745f,0.0897f,0f,0f,0f,1f],start_interpolation: 0,interpolation_duration: 1}
$data merge entity $(bone_grip) {transformation: [-0.5381f,0.7663f,-0.3511f,0.0562f,0.0471f,0.4432f,0.8952f,-0.7359f,0.8416f,0.4651f,-0.2745f,0.0897f,0f,0f,0f,1f],start_interpolation: 0,interpolation_duration: 1}
$data merge entity $(bone_trigger) {transformation: [-0.5381f,0.7663f,-0.3511f,0.0703f,0.0471f,0.4432f,0.8952f,-0.7614f,0.8416f,0.4651f,-0.2745f,0.1002f,0f,0f,0f,1f],start_interpolation: 0,interpolation_duration: 1}
$data merge entity $(bone_trigger_gaurd) {transformation: [-0.5381f,0.7663f,-0.3511f,0.1038f,0.0471f,0.4432f,0.8952f,-0.7776f,0.8416f,0.4651f,-0.2745f,0.1225f,0f,0f,0f,1f],start_interpolation: 0,interpolation_duration: 1}
$data merge entity $(bone_right_arm) {transformation: [-0.5381f,-0.3511f,-0.7663f,-0.0937f,0.0471f,0.8952f,-0.4432f,-0.45f,0.8416f,-0.2745f,-0.4651f,0.0187f,0f,0f,0f,1f],start_interpolation: 0,interpolation_duration: 1}
$data merge entity $(bone_magazine1) {transformation: [0f,0f,0f,0.1563f,0f,0f,0f,-0.9191f,0f,0f,0f,0.102f,0f,0f,0f,1f],start_interpolation: 0,interpolation_duration: 1}
$data merge entity $(bone_left_arm) {transformation: [-0.9956f,-0.0511f,0.0784f,0.1457f,-0.0701f,0.9624f,-0.2626f,-0.5789f,-0.062f,-0.2669f,-0.9617f,-0.1119f,0f,0f,0f,1f],start_interpolation: 0,interpolation_duration: 1}
data modify entity @s data merge value {"cameras":{},"locators":{"barrel1":{"px":0.23095549768128532,"py":-1.021726114004569,"pz":0.2434900505935319,"ry":308.0273170102983,"rx":63.53473837519889}}}