# This file was generated by Animated Java via MC-Build. It is not recommended to edit this file directly.
$data merge entity $(bone_slide) {transformation: [-0.662f,0.627f,-0.4105f,0.2415f,0.058f,0.589f,0.8061f,-0.7841f,0.7472f,0.5098f,-0.4263f,0.2957f,0f,0f,0f,1f],start_interpolation: 0,interpolation_duration: 1}
$data merge entity $(bone_barrel) {transformation: [-0.662f,0.627f,-0.4105f,0.2632f,0.058f,0.589f,0.8061f,-0.8381f,0.7472f,0.5098f,-0.4263f,0.1727f,0f,0f,0f,1f],start_interpolation: 0,interpolation_duration: 1}
$data merge entity $(bone_magazine) {transformation: [-0.662f,0.627f,-0.4105f,0.077f,0.058f,0.589f,0.8061f,-0.7039f,0.7472f,0.5098f,-0.4263f,0.1437f,0f,0f,0f,1f],start_interpolation: 0,interpolation_duration: 1}
$data merge entity $(bone_grip) {transformation: [-0.662f,0.627f,-0.4105f,0.077f,0.058f,0.589f,0.8061f,-0.7039f,0.7472f,0.5098f,-0.4263f,0.1437f,0f,0f,0f,1f],start_interpolation: 0,interpolation_duration: 1}
$data merge entity $(bone_trigger) {transformation: [-0.662f,0.627f,-0.4105f,0.0923f,0.058f,0.589f,0.8061f,-0.726f,0.7472f,0.5098f,-0.4263f,0.159f,0f,0f,0f,1f],start_interpolation: 0,interpolation_duration: 1}
$data merge entity $(bone_trigger_gaurd) {transformation: [-0.662f,0.627f,-0.4105f,0.1237f,0.058f,0.589f,0.8061f,-0.7352f,0.7472f,0.5098f,-0.4263f,0.1876f,0f,0f,0f,1f],start_interpolation: 0,interpolation_duration: 1}
$data merge entity $(bone_right_arm) {transformation: [-0.662f,-0.4105f,-0.627f,-0.0937f,0.058f,0.8061f,-0.589f,-0.45f,0.7472f,-0.4263f,-0.5098f,0.0187f,0f,0f,0f,1f],start_interpolation: 0,interpolation_duration: 1}
$data merge entity $(bone_magazine1) {transformation: [0f,0f,0f,0.1426f,0f,0f,0f,-0.8485f,0f,0f,0f,0.1894f,0f,0f,0f,1f],start_interpolation: 0,interpolation_duration: 1}
$data merge entity $(bone_left_arm) {transformation: [-0.985f,-0.0591f,0.1622f,0.1386f,-0.1289f,0.8766f,-0.4637f,-0.5646f,-0.1147f,-0.4776f,-0.871f,-0.0952f,0f,0f,0f,1f],start_interpolation: 0,interpolation_duration: 1}
data modify entity @s data merge value {"cameras":{},"locators":{"barrel1":{"px":0.2594800600574033,"py":-0.9459928230977797,"pz":0.3534620316142487,"ry":316.07740695464753,"rx":53.71277652181971}}}