# This file was generated by Animated Java via MC-Build. It is not recommended to edit this file directly.
$data merge entity $(bone_slide) {transformation: [-0.84f,0.369f,-0.3979f,0.2011f,0.0737f,0.804f,0.59f,-0.6379f,0.5376f,0.4663f,-0.7025f,0.4412f,0f,0f,0f,1f],start_interpolation: 0,interpolation_duration: 1}
$data merge entity $(bone_barrel) {transformation: [-0.84f,0.369f,-0.3979f,0.2631f,0.0737f,0.804f,0.59f,-0.7111f,0.5376f,0.4663f,-0.7025f,0.3447f,0f,0f,0f,1f],start_interpolation: 0,interpolation_duration: 1}
$data merge entity $(bone_magazine) {transformation: [-0.84f,0.369f,-0.3979f,0.0735f,0.0737f,0.804f,0.59f,-0.629f,0.5376f,0.4663f,-0.7025f,0.2406f,0f,0f,0f,1f],start_interpolation: 0,interpolation_duration: 1}
$data merge entity $(bone_grip) {transformation: [-0.84f,0.369f,-0.3979f,0.0735f,0.0737f,0.804f,0.59f,-0.629f,0.5376f,0.4663f,-0.7025f,0.2406f,0f,0f,0f,1f],start_interpolation: 0,interpolation_duration: 1}
$data merge entity $(bone_trigger) {transformation: [-0.84f,0.369f,-0.3979f,0.0873f,0.0737f,0.804f,0.59f,-0.6436f,0.5376f,0.4663f,-0.7025f,0.2642f,0f,0f,0f,1f],start_interpolation: 0,interpolation_duration: 1}
$data merge entity $(bone_trigger_gaurd) {transformation: [-0.84f,0.369f,-0.3979f,0.1108f,0.0737f,0.804f,0.59f,-0.6395f,0.5376f,0.4663f,-0.7025f,0.3004f,0f,0f,0f,1f],start_interpolation: 0,interpolation_duration: 1}
$data merge entity $(bone_right_arm) {transformation: [-0.84f,-0.3979f,-0.369f,-0.0937f,0.0737f,0.59f,-0.804f,-0.45f,0.5376f,-0.7025f,-0.4663f,0.0187f,0f,0f,0f,1f],start_interpolation: 0,interpolation_duration: 1}
$data merge entity $(bone_magazine1) {transformation: [0f,0f,0f,0.098f,0f,0f,0f,-0.7269f,0f,0f,0f,0.2813f,0f,0f,0f,1f],start_interpolation: 0,interpolation_duration: 1}
$data merge entity $(bone_left_arm) {transformation: [-0.9567f,-0.0008f,0.2909f,0.1313f,-0.216f,0.672f,-0.7083f,-0.55f,-0.1949f,-0.7405f,-0.6431f,-0.0781f,0f,0f,0f,1f],start_interpolation: 0,interpolation_duration: 1}
data modify entity @s data merge value {"cameras":{},"locators":{"barrel1":{"px":0.22720077993979218,"py":-0.7761761710294743,"pz":0.5416383268046725,"ry":330.47323890470125,"rx":36.16016461672969}}}