# This file was generated by Animated Java via MC-Build. It is not recommended to edit this file directly.
$data merge entity $(bone_slide) {transformation: [-0.9542f,0.1675f,-0.2479f,0.0951f,0.0838f,0.945f,0.3161f,-0.4727f,0.2872f,0.2809f,-0.9158f,0.5331f,0f,0f,0f,1f],start_interpolation: 0,interpolation_duration: 1}
$data merge entity $(bone_barrel) {transformation: [-0.9542f,0.1675f,-0.2479f,0.1859f,0.0838f,0.945f,0.3161f,-0.5583f,0.2872f,0.2809f,-0.9158f,0.479f,0f,0f,0f,1f],start_interpolation: 0,interpolation_duration: 1}
$data merge entity $(bone_magazine) {transformation: [-0.9542f,0.1675f,-0.2479f,0.0239f,0.0838f,0.945f,0.3161f,-0.5365f,0.2872f,0.2809f,-0.9158f,0.3152f,0f,0f,0f,1f],start_interpolation: 0,interpolation_duration: 1}
$data merge entity $(bone_grip) {transformation: [-0.9542f,0.1675f,-0.2479f,0.0239f,0.0838f,0.945f,0.3161f,-0.5365f,0.2872f,0.2809f,-0.9158f,0.3152f,0f,0f,0f,1f],start_interpolation: 0,interpolation_duration: 1}
$data merge entity $(bone_trigger) {transformation: [-0.9542f,0.1675f,-0.2479f,0.0322f,0.0838f,0.945f,0.3161f,-0.5421f,0.2872f,0.2809f,-0.9158f,0.3445f,0f,0f,0f,1f],start_interpolation: 0,interpolation_duration: 1}
$data merge entity $(bone_trigger_gaurd) {transformation: [-0.9542f,0.1675f,-0.2479f,0.0451f,0.0838f,0.945f,0.3161f,-0.525f,0.2872f,0.2809f,-0.9158f,0.3823f,0f,0f,0f,1f],start_interpolation: 0,interpolation_duration: 1}
$data merge entity $(bone_right_arm) {transformation: [-0.9542f,-0.2479f,-0.1675f,-0.0937f,0.0838f,0.3161f,-0.945f,-0.45f,0.2872f,-0.9158f,-0.2809f,0.0187f,0f,0f,0f,1f],start_interpolation: 0,interpolation_duration: 1}
$data merge entity $(bone_magazine1) {transformation: [0f,0f,0f,0.0281f,0f,0f,0f,-0.5959f,0f,0f,0f,0.3246f,0f,0f,0f,1f],start_interpolation: 0,interpolation_duration: 1}
$data merge entity $(bone_left_arm) {transformation: [-0.9148f,0.1346f,0.3808f,0.1239f,-0.297f,0.4151f,-0.86f,-0.5354f,-0.2738f,-0.8998f,-0.3398f,-0.0611f,0f,0f,0f,1f],start_interpolation: 0,interpolation_duration: 1}
data modify entity @s data merge value {"cameras":{},"locators":{"barrel1":{"px":0.10536176385882579,"py":-0.5738663993078945,"pz":0.672832655797816,"ry":344.8528262157413,"rx":18.42741388121299}}}