# This file was generated by Animated Java via MC-Build. It is not recommended to edit this file directly.
$data merge entity $(bone_muzzleflash) {transformation: [0f,0f,0f,-0.2031f,0f,0f,0f,-0.7703f,0f,0f,0f,0.4f,0f,0f,0f,1f],start_interpolation: 0,interpolation_duration: 1}
$data merge entity $(bone_slide) {transformation: [-0.9955f,-0.091f,-0.0272f,-0.0593f,-0.0784f,0.949f,-0.3053f,-0.109f,0.0536f,-0.3018f,-0.9519f,0.4387f,0f,0f,0f,1f],start_interpolation: 0,interpolation_duration: 1}
$data merge entity $(bone_barrel) {transformation: [-0.9955f,-0.091f,-0.0272f,0.0569f,-0.0784f,0.949f,-0.3053f,-0.1772f,0.0536f,-0.3018f,-0.9519f,0.4573f,0f,0f,0f,1f],start_interpolation: 0,interpolation_duration: 1}
$data merge entity $(bone_magazine) {transformation: [-0.9955f,-0.091f,-0.0272f,-0.0525f,-0.0784f,0.949f,-0.3053f,-0.2958f,0.0536f,-0.3018f,-0.9519f,0.2915f,0f,0f,0f,1f],start_interpolation: 0,interpolation_duration: 1}
$data merge entity $(bone_grip) {transformation: [-0.9955f,-0.091f,-0.0272f,-0.0525f,-0.0784f,0.949f,-0.3053f,-0.2958f,0.0536f,-0.3018f,-0.9519f,0.2915f,0f,0f,0f,1f],start_interpolation: 0,interpolation_duration: 1}
$data merge entity $(bone_trigger) {transformation: [-0.9955f,-0.091f,-0.0272f,-0.0521f,-0.0784f,0.949f,-0.3053f,-0.2823f,0.0536f,-0.3018f,-0.9519f,0.3193f,0f,0f,0f,1f],start_interpolation: 0,interpolation_duration: 1}
$data merge entity $(bone_trigger_gaurd) {transformation: [-0.9955f,-0.091f,-0.0272f,-0.0538f,-0.0784f,0.949f,-0.3053f,-0.245f,0.0536f,-0.3018f,-0.9519f,0.3415f,0f,0f,0f,1f],start_interpolation: 0,interpolation_duration: 1}
$data merge entity $(bone_right_arm) {transformation: [-0.9955f,-0.0272f,0.091f,-0.0937f,-0.0784f,-0.3053f,-0.949f,-0.4187f,0.0536f,-0.9519f,0.3018f,-0.0125f,0f,0f,0f,1f],start_interpolation: 0,interpolation_duration: 1}
$data merge entity $(bone_magazine1) {transformation: [0f,0f,0f,0.0083f,0f,0f,0f,-0.5814f,0f,0f,0f,0.5922f,0f,0f,0f,1f],start_interpolation: 0,interpolation_duration: 1}
$data merge entity $(bone_left_arm) {transformation: [0.9051f,0.3908f,0.1678f,0.1781f,-0.1951f,0.031f,0.9803f,-0.4562f,0.3779f,-0.92f,0.1043f,0.25f,0f,0f,0f,1f],start_interpolation: 0,interpolation_duration: 1}
data modify entity @s data merge value {"cameras":{"camera2":{"px":3.061616997868383e-17,"py":-0.1875,"pz":-0.25,"ry":0,"rx":0}},"locators":{"barrel1":{"px":-0.07168740237528436,"py":-0.11295811976749157,"pz":0.6110519767989813,"ry":358.3615054542885,"rx":-17.77766286342625}}}
execute on vehicle unless entity @s[tag=aj.transforms_only] at @s run function animated_java:glock/animations/use/zzz/frames/0_root_function