# This file was generated by Animated Java via MC-Build. It is not recommended to edit this file directly.
$data merge entity $(bone_slide) {transformation: [-0.9967f,-0.0757f,-0.0292f,-0.0559f,-0.0645f,0.9577f,-0.2805f,-0.1237f,0.0492f,-0.2777f,-0.9594f,0.4492f,0f,0f,0f,1f],start_interpolation: 0,interpolation_duration: 1}
$data merge entity $(bone_barrel) {transformation: [-0.9967f,-0.0757f,-0.0292f,0.0593f,-0.0645f,0.9577f,-0.2805f,-0.1942f,0.0492f,-0.2777f,-0.9594f,0.4663f,0f,0f,0f,1f],start_interpolation: 0,interpolation_duration: 1}
$data merge entity $(bone_magazine) {transformation: [-0.9967f,-0.0757f,-0.0292f,-0.0515f,-0.0645f,0.9577f,-0.2805f,-0.3068f,0.0492f,-0.2777f,-0.9594f,0.2973f,0f,0f,0f,1f],start_interpolation: 0,interpolation_duration: 1}
$data merge entity $(bone_grip) {transformation: [-0.9967f,-0.0757f,-0.0292f,-0.0515f,-0.0645f,0.9577f,-0.2805f,-0.3068f,0.0492f,-0.2777f,-0.9594f,0.2973f,0f,0f,0f,1f],start_interpolation: 0,interpolation_duration: 1}
$data merge entity $(bone_trigger) {transformation: [-0.9967f,-0.0757f,-0.0292f,-0.051f,-0.0645f,0.9577f,-0.2805f,-0.294f,0.0492f,-0.2777f,-0.9594f,0.3254f,0f,0f,0f,1f],start_interpolation: 0,interpolation_duration: 1}
$data merge entity $(bone_trigger_gaurd) {transformation: [-0.9967f,-0.0757f,-0.0292f,-0.0522f,-0.0645f,0.9577f,-0.2805f,-0.2573f,0.0492f,-0.2777f,-0.9594f,0.3485f,0f,0f,0f,1f],start_interpolation: 0,interpolation_duration: 1}
$data merge entity $(bone_right_arm) {transformation: [-0.9967f,-0.0292f,0.0757f,-0.0937f,-0.0645f,-0.2805f,-0.9577f,-0.4214f,0.0492f,-0.9594f,0.2777f,-0.0099f,0f,0f,0f,1f],start_interpolation: 0,interpolation_duration: 1}
$data merge entity $(bone_magazine1) {transformation: [0f,0f,0f,0.1547f,0f,0f,0f,-0.616f,0f,0f,0f,0.626f,0f,0f,0f,1f],start_interpolation: 0,interpolation_duration: 1}
$data merge entity $(bone_left_arm) {transformation: [0.9964f,0.0492f,0.0685f,0.1816f,-0.0739f,0.1178f,0.9903f,-0.4562f,0.0407f,-0.9918f,0.121f,0.2581f,0f,0f,0f,1f],start_interpolation: 0,interpolation_duration: 1}
data modify entity @s data merge value {"cameras":{},"locators":{"barrel1":{"px":-0.06880975148424175,"py":-0.13193775463178198,"pz":0.621327211056254,"ry":358.25894181584613,"rx":-16.291705721919023}}}