# This file was generated by Animated Java via MC-Build. It is not recommended to edit this file directly.
$data merge entity $(bone_slide) {transformation: [-0.9981f,-0.0539f,-0.0306f,-0.0517f,-0.0448f,0.9685f,-0.2451f,-0.1451f,0.0428f,-0.2432f,-0.969f,0.4635f,0f,0f,0f,1f],start_interpolation: 0,interpolation_duration: 1}
$data merge entity $(bone_barrel) {transformation: [-0.9981f,-0.0539f,-0.0306f,0.0618f,-0.0448f,0.9685f,-0.2451f,-0.2186f,0.0428f,-0.2432f,-0.969f,0.4785f,0f,0f,0f,1f],start_interpolation: 0,interpolation_duration: 1}
$data merge entity $(bone_magazine) {transformation: [-0.9981f,-0.0539f,-0.0306f,-0.0506f,-0.0448f,0.9685f,-0.2451f,-0.3226f,0.0428f,-0.2432f,-0.969f,0.3051f,0f,0f,0f,1f],start_interpolation: 0,interpolation_duration: 1}
$data merge entity $(bone_grip) {transformation: [-0.9981f,-0.0539f,-0.0306f,-0.0506f,-0.0448f,0.9685f,-0.2451f,-0.3226f,0.0428f,-0.2432f,-0.969f,0.3051f,0f,0f,0f,1f],start_interpolation: 0,interpolation_duration: 1}
$data merge entity $(bone_trigger) {transformation: [-0.9981f,-0.0539f,-0.0306f,-0.0498f,-0.0448f,0.9685f,-0.2451f,-0.3109f,0.0428f,-0.2432f,-0.969f,0.3337f,0f,0f,0f,1f],start_interpolation: 0,interpolation_duration: 1}
$data merge entity $(bone_trigger_gaurd) {transformation: [-0.9981f,-0.0539f,-0.0306f,-0.0504f,-0.0448f,0.9685f,-0.2451f,-0.275f,0.0428f,-0.2432f,-0.969f,0.3581f,0f,0f,0f,1f],start_interpolation: 0,interpolation_duration: 1}
$data merge entity $(bone_right_arm) {transformation: [-0.9981f,-0.0306f,0.0539f,-0.0937f,-0.0448f,-0.2451f,-0.9685f,-0.4251f,0.0428f,-0.969f,0.2432f,-0.0062f,0f,0f,0f,1f],start_interpolation: 0,interpolation_duration: 1}
$data merge entity $(bone_magazine1) {transformation: [0f,0f,0f,0.3509f,0f,0f,0f,-0.6092f,0f,0f,0f,0.5989f,0f,0f,0f,1f],start_interpolation: 0,interpolation_duration: 1}
$data merge entity $(bone_left_arm) {transformation: [0.9055f,-0.4237f,-0.0234f,0.1851f,0.0722f,0.0994f,0.9924f,-0.4562f,-0.4182f,-0.9003f,0.1206f,0.2662f,0f,0f,0f,1f],start_interpolation: 0,interpolation_duration: 1}
data modify entity @s data merge value {"cameras":{},"locators":{"barrel1":{"px":-0.06563471719780369,"py":-0.15920876409848916,"pz":0.6351939963061314,"ry":358.19227835483144,"rx":-14.18566664071593}}}