# This file was generated by Animated Java via MC-Build. It is not recommended to edit this file directly.
$data merge entity $(bone_slide) {transformation: [-0.9992f,-0.0278f,-0.0302f,-0.0478f,-0.0211f,0.9791f,-0.2023f,-0.1712f,0.0352f,-0.2015f,-0.9789f,0.4798f,0f,0f,0f,1f],start_interpolation: 0,interpolation_duration: 1}
$data merge entity $(bone_barrel) {transformation: [-0.9992f,-0.0278f,-0.0302f,0.0637f,-0.0211f,0.9791f,-0.2023f,-0.2481f,0.0352f,-0.2015f,-0.9789f,0.4923f,0f,0f,0f,1f],start_interpolation: 0,interpolation_duration: 1}
$data merge entity $(bone_magazine) {transformation: [-0.9992f,-0.0278f,-0.0302f,-0.0501f,-0.0211f,0.9791f,-0.2023f,-0.3417f,0.0352f,-0.2015f,-0.9789f,0.3139f,0f,0f,0f,1f],start_interpolation: 0,interpolation_duration: 1}
$data merge entity $(bone_grip) {transformation: [-0.9992f,-0.0278f,-0.0302f,-0.0501f,-0.0211f,0.9791f,-0.2023f,-0.3417f,0.0352f,-0.2015f,-0.9789f,0.3139f,0f,0f,0f,1f],start_interpolation: 0,interpolation_duration: 1}
$data merge entity $(bone_trigger) {transformation: [-0.9992f,-0.0278f,-0.0302f,-0.0493f,-0.0211f,0.9791f,-0.2023f,-0.3312f,0.0352f,-0.2015f,-0.9789f,0.343f,0f,0f,0f,1f],start_interpolation: 0,interpolation_duration: 1}
$data merge entity $(bone_trigger_gaurd) {transformation: [-0.9992f,-0.0278f,-0.0302f,-0.0491f,-0.0211f,0.9791f,-0.2023f,-0.2964f,0.0352f,-0.2015f,-0.9789f,0.369f,0f,0f,0f,1f],start_interpolation: 0,interpolation_duration: 1}
$data merge entity $(bone_right_arm) {transformation: [-0.9992f,-0.0302f,0.0278f,-0.0937f,-0.0211f,-0.2023f,-0.9791f,-0.4296f,0.0352f,-0.9789f,0.2015f,-0.0017f,0f,0f,0f,1f],start_interpolation: 0,interpolation_duration: 1}
$data merge entity $(bone_magazine1) {transformation: [0f,0f,0f,0.411f,0f,0f,0f,-0.6426f,0f,0f,0f,0.5195f,0f,0f,0f,1f],start_interpolation: 0,interpolation_duration: 1}
$data merge entity $(bone_left_arm) {transformation: [0.7367f,-0.6551f,0.1678f,0.1781f,-0.0544f,0.1899f,0.9803f,-0.4562f,-0.674f,-0.7313f,0.1043f,0.25f,0f,0f,0f,1f],start_interpolation: 0,interpolation_duration: 1}
data modify entity @s data merge value {"cameras":{},"locators":{"barrel1":{"px":-0.06324291532006401,"py":-0.1922946570971566,"pz":0.6506759618576764,"ry":358.23007033367116,"rx":-11.671840665021541}}}