# This file was generated by Animated Java via MC-Build. It is not recommended to edit this file directly.
$data merge entity $(bone_slide) {transformation: [-0.9996f,0.0003f,-0.0274f,-0.045f,0.0045f,0.9878f,-0.1558f,-0.1999f,0.027f,-0.1559f,-0.9874f,0.4965f,0f,0f,0f,1f],start_interpolation: 0,interpolation_duration: 1}
$data merge entity $(bone_barrel) {transformation: [-0.9996f,0.0003f,-0.0274f,0.0644f,0.0045f,0.9878f,-0.1558f,-0.2804f,0.027f,-0.1559f,-0.9874f,0.5061f,0f,0f,0f,1f],start_interpolation: 0,interpolation_duration: 1}
$data merge entity $(bone_magazine) {transformation: [-0.9996f,0.0003f,-0.0274f,-0.0504f,0.0045f,0.9878f,-0.1558f,-0.3625f,0.027f,-0.1559f,-0.9874f,0.3228f,0f,0f,0f,1f],start_interpolation: 0,interpolation_duration: 1}
$data merge entity $(bone_grip) {transformation: [-0.9996f,0.0003f,-0.0274f,-0.0504f,0.0045f,0.9878f,-0.1558f,-0.3625f,0.027f,-0.1559f,-0.9874f,0.3228f,0f,0f,0f,1f],start_interpolation: 0,interpolation_duration: 1}
$data merge entity $(bone_trigger) {transformation: [-0.9996f,0.0003f,-0.0274f,-0.0496f,0.0045f,0.9878f,-0.1558f,-0.3534f,0.027f,-0.1559f,-0.9874f,0.3524f,0f,0f,0f,1f],start_interpolation: 0,interpolation_duration: 1}
$data merge entity $(bone_trigger_gaurd) {transformation: [-0.9996f,0.0003f,-0.0274f,-0.0487f,0.0045f,0.9878f,-0.1558f,-0.3198f,0.027f,-0.1559f,-0.9874f,0.3799f,0f,0f,0f,1f],start_interpolation: 0,interpolation_duration: 1}
$data merge entity $(bone_right_arm) {transformation: [-0.9996f,-0.0274f,-0.0003f,-0.0937f,0.0045f,-0.1558f,-0.9878f,-0.4344f,0.027f,-0.9874f,0.1559f,0.0031f,0f,0f,0f,1f],start_interpolation: 0,interpolation_duration: 1}
$data merge entity $(bone_magazine1) {transformation: [0f,0f,0f,0.3126f,0f,0f,0f,-0.7199f,0f,0f,0f,0.4813f,0f,0f,0f,1f],start_interpolation: 0,interpolation_duration: 1}
$data merge entity $(bone_left_arm) {transformation: [0.6489f,-0.5454f,0.5305f,0.1639f,-0.3245f,0.4324f,0.8413f,-0.4562f,-0.6882f,-0.7181f,0.1036f,0.2167f,0f,0f,0f,1f],start_interpolation: 0,interpolation_duration: 1}
data modify entity @s data merge value {"cameras":{},"locators":{"barrel1":{"px":-0.06238847598580227,"py":-0.22852814434605281,"pz":0.6660397960551869,"ry":358.41042448343256,"rx":-8.96435353452501}}}