# This file was generated by Animated Java via MC-Build. It is not recommended to edit this file directly.
$data merge entity $(bone_slide) {transformation: [-0.9994f,0.028f,-0.022f,-0.0435f,0.0302f,0.9935f,-0.1093f,-0.2292f,0.0188f,-0.1099f,-0.9938f,0.512f,0f,0f,0f,1f],start_interpolation: 0,interpolation_duration: 1}
$data merge entity $(bone_barrel) {transformation: [-0.9994f,0.028f,-0.022f,0.0635f,0.0302f,0.9935f,-0.1093f,-0.3129f,0.0188f,-0.1099f,-0.9938f,0.5189f,0f,0f,0f,1f],start_interpolation: 0,interpolation_duration: 1}
$data merge entity $(bone_magazine) {transformation: [-0.9994f,0.028f,-0.022f,-0.0516f,0.0302f,0.9935f,-0.1093f,-0.3833f,0.0188f,-0.1099f,-0.9938f,0.331f,0f,0f,0f,1f],start_interpolation: 0,interpolation_duration: 1}
$data merge entity $(bone_grip) {transformation: [-0.9994f,0.028f,-0.022f,-0.0516f,0.0302f,0.9935f,-0.1093f,-0.3833f,0.0188f,-0.1099f,-0.9938f,0.331f,0f,0f,0f,1f],start_interpolation: 0,interpolation_duration: 1}
$data merge entity $(bone_trigger) {transformation: [-0.9994f,0.028f,-0.022f,-0.0508f,0.0302f,0.9935f,-0.1093f,-0.3756f,0.0188f,-0.1099f,-0.9938f,0.3609f,0f,0f,0f,1f],start_interpolation: 0,interpolation_duration: 1}
$data merge entity $(bone_trigger_gaurd) {transformation: [-0.9994f,0.028f,-0.022f,-0.0493f,0.0302f,0.9935f,-0.1093f,-0.3434f,0.0188f,-0.1099f,-0.9938f,0.39f,0f,0f,0f,1f],start_interpolation: 0,interpolation_duration: 1}
$data merge entity $(bone_right_arm) {transformation: [-0.9994f,-0.022f,-0.028f,-0.0937f,0.0302f,-0.1093f,-0.9935f,-0.4392f,0.0188f,-0.9938f,0.1099f,0.0079f,0f,0f,0f,1f],start_interpolation: 0,interpolation_duration: 1}
$data merge entity $(bone_magazine1) {transformation: [0f,0f,0f,0.1114f,0f,0f,0f,-0.7419f,0f,0f,0f,0.4489f,0f,0f,0f,1f],start_interpolation: 0,interpolation_duration: 1}
$data merge entity $(bone_left_arm) {transformation: [0.3835f,-0.1895f,0.9039f,0.1429f,-0.669f,0.6178f,0.4133f,-0.4562f,-0.6367f,-0.7632f,0.1101f,0.1678f,0f,0f,0f,1f],start_interpolation: 0,interpolation_duration: 1}
data modify entity @s data merge value {"cameras":{},"locators":{"barrel1":{"px":-0.06333335468191505,"py":-0.2650670121605576,"pz":0.6799334978709042,"ry":358.7314447154903,"rx":-6.275689614340605}}}