# This file was generated by Animated Java via MC-Build. It is not recommended to edit this file directly.
$data merge entity $(bone_slide) {transformation: [-0.9985f,0.053f,-0.0148f,-0.0435f,0.0539f,0.9963f,-0.0665f,-0.2565f,0.0112f,-0.0672f,-0.9977f,0.5254f,0f,0f,0f,1f],start_interpolation: 0,interpolation_duration: 1}
$data merge entity $(bone_barrel) {transformation: [-0.9985f,0.053f,-0.0148f,0.0615f,0.0539f,0.9963f,-0.0665f,-0.343f,0.0112f,-0.0672f,-0.9977f,0.5296f,0f,0f,0f,1f],start_interpolation: 0,interpolation_duration: 1}
$data merge entity $(bone_magazine) {transformation: [-0.9985f,0.053f,-0.0148f,-0.0534f,0.0539f,0.9963f,-0.0665f,-0.4026f,0.0112f,-0.0672f,-0.9977f,0.3379f,0f,0f,0f,1f],start_interpolation: 0,interpolation_duration: 1}
$data merge entity $(bone_grip) {transformation: [-0.9985f,0.053f,-0.0148f,-0.0534f,0.0539f,0.9963f,-0.0665f,-0.4026f,0.0112f,-0.0672f,-0.9977f,0.3379f,0f,0f,0f,1f],start_interpolation: 0,interpolation_duration: 1}
$data merge entity $(bone_trigger) {transformation: [-0.9985f,0.053f,-0.0148f,-0.0528f,0.0539f,0.9963f,-0.0665f,-0.3962f,0.0112f,-0.0672f,-0.9977f,0.3681f,0f,0f,0f,1f],start_interpolation: 0,interpolation_duration: 1}
$data merge entity $(bone_trigger_gaurd) {transformation: [-0.9985f,0.053f,-0.0148f,-0.0508f,0.0539f,0.9963f,-0.0665f,-0.3652f,0.0112f,-0.0672f,-0.9977f,0.3986f,0f,0f,0f,1f],start_interpolation: 0,interpolation_duration: 1}
$data merge entity $(bone_right_arm) {transformation: [-0.9985f,-0.0148f,-0.053f,-0.0937f,0.0539f,-0.0665f,-0.9963f,-0.4437f,0.0112f,-0.9977f,0.0672f,0.0124f,0f,0f,0f,1f],start_interpolation: 0,interpolation_duration: 1}
$data merge entity $(bone_magazine1) {transformation: [0f,0f,0f,-0.0744f,0f,0f,0f,-0.631f,0f,0f,0f,0.4192f,0f,0f,0f,1f],start_interpolation: 0,interpolation_duration: 1}
$data merge entity $(bone_left_arm) {transformation: [-0.1116f,0.2125f,0.9708f,0.1196f,-0.8306f,0.5163f,-0.2085f,-0.4562f,-0.5455f,-0.8296f,0.1189f,0.1135f,0f,0f,0f,1f],start_interpolation: 0,interpolation_duration: 1}
data modify entity @s data merge value {"cameras":{},"locators":{"barrel1":{"px":-0.06579452507141295,"py":-0.298979023960399,"pz":0.6914462465740905,"ry":359.1503065528726,"rx":-3.812575395513129}}}
execute on vehicle unless entity @s[tag=aj.transforms_only] at @s run function animated_java:glock/animations/use/zzz/frames/6_root_function