# This file was generated by Animated Java via MC-Build. It is not recommended to edit this file directly.
$data merge entity $(bone_slide) {transformation: [-0.9973f,0.0735f,-0.0072f,-0.0443f,0.0737f,0.9968f,-0.0309f,-0.2795f,0.0049f,-0.0314f,-0.9995f,0.5358f,0f,0f,0f,1f],start_interpolation: 0,interpolation_duration: 1}
$data merge entity $(bone_barrel) {transformation: [-0.9973f,0.0735f,-0.0072f,0.0588f,0.0737f,0.9968f,-0.0309f,-0.3682f,0.0049f,-0.0314f,-0.9995f,0.5378f,0f,0f,0f,1f],start_interpolation: 0,interpolation_duration: 1}
$data merge entity $(bone_magazine) {transformation: [-0.9973f,0.0735f,-0.0072f,-0.0556f,0.0737f,0.9968f,-0.0309f,-0.4186f,0.0049f,-0.0314f,-0.9995f,0.3432f,0f,0f,0f,1f],start_interpolation: 0,interpolation_duration: 1}
$data merge entity $(bone_grip) {transformation: [-0.9973f,0.0735f,-0.0072f,-0.0556f,0.0737f,0.9968f,-0.0309f,-0.4186f,0.0049f,-0.0314f,-0.9995f,0.3432f,0f,0f,0f,1f],start_interpolation: 0,interpolation_duration: 1}
$data merge entity $(bone_trigger) {transformation: [-0.9973f,0.0735f,-0.0072f,-0.055f,0.0737f,0.9968f,-0.0309f,-0.4133f,0.0049f,-0.0314f,-0.9995f,0.3736f,0f,0f,0f,1f],start_interpolation: 0,interpolation_duration: 1}
$data merge entity $(bone_trigger_gaurd) {transformation: [-0.9973f,0.0735f,-0.0072f,-0.0527f,0.0737f,0.9968f,-0.0309f,-0.3835f,0.0049f,-0.0314f,-0.9995f,0.4052f,0f,0f,0f,1f],start_interpolation: 0,interpolation_duration: 1}
$data merge entity $(bone_right_arm) {transformation: [-0.9973f,-0.0072f,-0.0735f,-0.0937f,0.0737f,-0.0309f,-0.9968f,-0.4474f,0.0049f,-0.9995f,0.0314f,0.0161f,0f,0f,0f,1f],start_interpolation: 0,interpolation_duration: 1}
$data merge entity $(bone_magazine1) {transformation: [0f,0f,0f,-0.1357f,0f,0f,0f,-0.4664f,0f,0f,0f,0.391f,0f,0f,0f,1f],start_interpolation: 0,interpolation_duration: 1}
$data merge entity $(bone_left_arm) {transformation: [-0.5937f,0.3988f,0.6989f,0.0986f,-0.6692f,0.2375f,-0.7041f,-0.4562f,-0.4468f,-0.8857f,0.1259f,0.0645f,0f,0f,0f,1f],start_interpolation: 0,interpolation_duration: 1}
data modify entity @s data merge value {"cameras":{},"locators":{"barrel1":{"px":-0.06900759437845179,"py":-0.32734300045285414,"pz":0.7000790797110961,"ry":359.5890173739792,"rx":-1.7731573936239495}}}