# This file was generated by Animated Java via MC-Build. It is not recommended to edit this file directly.
$data merge entity $(bone_muzzleflash) {transformation: [-0.6087f,0.7934f,0.0023f,-0.0719f,0.7922f,0.608f,-0.0523f,-0.3516f,-0.0429f,-0.03f,-0.9986f,0.5563f,0f,0f,0f,1f],start_interpolation: 0,interpolation_duration: 1}
$data merge entity $(bone_slide) {transformation: [-0.9945f,0.1007f,-0.028f,-0.0063f,0.1021f,0.8789f,-0.4659f,-0.0784f,-0.0223f,-0.4662f,-0.8844f,0.3929f,0f,0f,0f,1f],start_interpolation: 0,interpolation_duration: 1}
$data merge entity $(bone_barrel) {transformation: [-0.9945f,0.1007f,-0.028f,0.0959f,0.1021f,0.8789f,-0.4659f,-0.1345f,-0.0223f,-0.4662f,-0.8844f,0.4828f,0f,0f,0f,1f],start_interpolation: 0,interpolation_duration: 1}
$data merge entity $(bone_magazine) {transformation: [-0.9945f,0.1007f,-0.028f,-0.0237f,0.1021f,0.8789f,-0.4659f,-0.2613f,-0.0223f,-0.4662f,-0.8844f,0.3306f,0f,0f,0f,1f],start_interpolation: 0,interpolation_duration: 1}
$data merge entity $(bone_grip) {transformation: [-0.9945f,0.1007f,-0.028f,-0.0237f,0.1021f,0.8789f,-0.4659f,-0.2613f,-0.0223f,-0.4662f,-0.8844f,0.3306f,0f,0f,0f,1f],start_interpolation: 0,interpolation_duration: 1}
$data merge entity $(bone_trigger) {transformation: [-0.9945f,0.1007f,-0.028f,-0.0224f,0.1021f,0.8789f,-0.4659f,-0.2432f,-0.0223f,-0.4662f,-0.8844f,0.3557f,0f,0f,0f,1f],start_interpolation: 0,interpolation_duration: 1}
$data merge entity $(bone_trigger_gaurd) {transformation: [-0.9945f,0.1007f,-0.028f,-0.0186f,0.1021f,0.8789f,-0.4659f,-0.2027f,-0.0223f,-0.4662f,-0.8844f,0.3709f,0f,0f,0f,1f],start_interpolation: 0,interpolation_duration: 1}
$data merge entity $(bone_right_arm) {transformation: [-0.9945f,-0.0056f,-0.1043f,-0.0617f,0.1021f,-0.2646f,-0.9589f,-0.3668f,-0.0223f,-0.9643f,0.2637f,0.0014f,0f,0f,0f,1f],start_interpolation: 0,interpolation_duration: 1}
$data merge entity $(bone_magazine1) {transformation: [0f,0f,0f,-0.0789f,0f,0f,0f,-0.1931f,0f,0f,0f,0.3171f,0f,0f,0f,1f],start_interpolation: 0,interpolation_duration: 1}
$data merge entity $(bone_left_arm) {transformation: [-0.8427f,0.3985f,0.3621f,0.1163f,-0.4677f,-0.2089f,-0.8588f,-0.3727f,-0.2666f,-0.8931f,0.3624f,0.0151f,0f,0f,0f,1f],start_interpolation: 0,interpolation_duration: 1}
$execute on vehicle unless entity @s[tag=aj.transforms_only] as $(locator_barrel1) positioned ^-0.027456307 ^-0.0223227516 ^0.6113363748 rotated ~358.1863586716 ~-27.7678823659 run function animated_java:glock/animations/shoot5/zzz/frames/0_locator_barrel1
data modify entity @s data merge value {"cameras":{"camera2":{"px":3.061616997868383e-17,"py":-0.1875,"pz":-0.25,"ry":0,"rx":0}},"locators":{"barrel1":{"px":-0.027456307021673045,"py":-0.02232275163919764,"pz":0.6113363748310284,"ry":358.1863586715859,"rx":-27.7678823659039}}}
execute on vehicle unless entity @s[tag=aj.transforms_only] at @s run function animated_java:glock/animations/shoot5/zzz/frames/0_root_function