# This file was generated by Animated Java via MC-Build. It is not recommended to edit this file directly.
$data merge entity $(bone_slide) {transformation: [-0.9962f,0.0874f,-0.0057f,-0.0459f,0.0876f,0.9943f,-0.0604f,-0.2789f,0.0004f,-0.0606f,-0.9982f,0.5395f,0f,0f,0f,1f],start_interpolation: 0,interpolation_duration: 1}
$data merge entity $(bone_barrel) {transformation: [-0.9962f,0.0874f,-0.0057f,0.056f,0.0876f,0.9943f,-0.0604f,-0.3689f,0.0004f,-0.0606f,-0.9982f,0.5443f,0f,0f,0f,1f],start_interpolation: 0,interpolation_duration: 1}
$data merge entity $(bone_magazine) {transformation: [-0.9962f,0.0874f,-0.0057f,-0.0587f,0.0876f,0.9943f,-0.0604f,-0.4235f,0.0004f,-0.0606f,-0.9982f,0.351f,0f,0f,0f,1f],start_interpolation: 0,interpolation_duration: 1}
$data merge entity $(bone_grip) {transformation: [-0.9962f,0.0874f,-0.0057f,-0.0587f,0.0876f,0.9943f,-0.0604f,-0.4235f,0.0004f,-0.0606f,-0.9982f,0.351f,0f,0f,0f,1f],start_interpolation: 0,interpolation_duration: 1}
$data merge entity $(bone_trigger) {transformation: [-0.9962f,0.0874f,-0.0057f,-0.0581f,0.0876f,0.9943f,-0.0604f,-0.4173f,0.0004f,-0.0606f,-0.9982f,0.3813f,0f,0f,0f,1f],start_interpolation: 0,interpolation_duration: 1}
$data merge entity $(bone_trigger_gaurd) {transformation: [-0.9962f,0.0874f,-0.0057f,-0.0554f,0.0876f,0.9943f,-0.0604f,-0.3866f,0.0004f,-0.0606f,-0.9982f,0.4119f,0f,0f,0f,1f],start_interpolation: 0,interpolation_duration: 1}
$data merge entity $(bone_right_arm) {transformation: [-0.9962f,-0.0009f,-0.0876f,-0.095f,0.0876f,-0.0061f,-0.9961f,-0.4425f,0.0004f,-1f,0.0061f,0.0187f,0f,0f,0f,1f],start_interpolation: 0,interpolation_duration: 1}
$data merge entity $(bone_magazine1) {transformation: [0f,0f,0f,-0.1152f,0f,0f,0f,-0.3567f,0f,0f,0f,0.3686f,0f,0f,0f,1f],start_interpolation: 0,interpolation_duration: 1}
$data merge entity $(bone_left_arm) {transformation: [-0.8344f,0.402f,0.377f,0.0831f,-0.3969f,0.0361f,-0.9171f,-0.4488f,-0.3824f,-0.9149f,0.1294f,0.0312f,0f,0f,0f,1f],start_interpolation: 0,interpolation_duration: 1}
data modify entity @s data merge value {"cameras":{},"locators":{"barrel1":{"px":-0.07152448230177164,"py":-0.3215222370268811,"pz":0.7050057801090228,"ry":359.6723367138693,"rx":-3.4601819415567716}}}
execute on vehicle unless entity @s[tag=aj.transforms_only] at @s run function animated_java:glock/animations/shoot5/zzz/frames/3_root_function