# This file was generated by Animated Java via MC-Build. It is not recommended to edit this file directly.
$data merge entity $(bone_muzzleflash) {transformation: [0f,0f,0f,-0.2031f,0f,0f,0f,-0.7703f,0f,0f,0f,0.4f,0f,0f,0f,1f],start_interpolation: 0,interpolation_duration: 1}
$data merge entity $(bone_slide) {transformation: [-0.9962f,0.0876f,-0.0009f,-0.0461f,0.0847f,0.9606f,-0.2647f,-0.1249f,-0.0223f,-0.2637f,-0.9643f,0.4367f,0f,0f,0f,1f],start_interpolation: 0,interpolation_duration: 1}
$data merge entity $(bone_barrel) {transformation: [-0.9962f,0.0876f,-0.0009f,0.0559f,0.0847f,0.9606f,-0.2647f,-0.197f,-0.0223f,-0.2637f,-0.9643f,0.5147f,0f,0f,0f,1f],start_interpolation: 0,interpolation_duration: 1}
$data merge entity $(bone_magazine) {transformation: [-0.9962f,0.0876f,-0.0009f,-0.0579f,0.0847f,0.9606f,-0.2647f,-0.2903f,-0.0223f,-0.2637f,-0.9643f,0.3362f,0f,0f,0f,1f],start_interpolation: 0,interpolation_duration: 1}
$data merge entity $(bone_grip) {transformation: [-0.9962f,0.0876f,-0.0009f,-0.0579f,0.0847f,0.9606f,-0.2647f,-0.2903f,-0.0223f,-0.2637f,-0.9643f,0.3362f,0f,0f,0f,1f],start_interpolation: 0,interpolation_duration: 1}
$data merge entity $(bone_trigger) {transformation: [-0.9962f,0.0876f,-0.0009f,-0.0575f,0.0847f,0.9606f,-0.2647f,-0.278f,-0.0223f,-0.2637f,-0.9643f,0.3645f,0f,0f,0f,1f],start_interpolation: 0,interpolation_duration: 1}
$data merge entity $(bone_trigger_gaurd) {transformation: [-0.9962f,0.0876f,-0.0009f,-0.0549f,0.0847f,0.9606f,-0.2647f,-0.2417f,-0.0223f,-0.2637f,-0.9643f,0.3882f,0f,0f,0f,1f],start_interpolation: 0,interpolation_duration: 1}
$data merge entity $(bone_right_arm) {transformation: [-0.9962f,-0.0009f,-0.0876f,-0.0937f,0.0847f,-0.2647f,-0.9606f,-0.3886f,-0.0223f,-0.9643f,0.2637f,0.023f,0f,0f,0f,1f],start_interpolation: 0,interpolation_duration: 1}
$data merge entity $(bone_magazine1) {transformation: [0f,0f,0f,-0.114f,0f,0f,0f,-0.2152f,0f,0f,0f,0.3387f,0f,0f,0f,1f],start_interpolation: 0,interpolation_duration: 1}
$data merge entity $(bone_left_arm) {transformation: [-0.8344f,0.402f,0.377f,0.0844f,-0.4824f,-0.2019f,-0.8524f,-0.3914f,-0.2666f,-0.8931f,0.3624f,0.0367f,0f,0f,0f,1f],start_interpolation: 0,interpolation_duration: 1}
data modify entity @s data merge value {"cameras":{"camera2":{"px":3.061616997868383e-17,"py":-0.1875,"pz":-0.25,"ry":0,"rx":0}},"locators":{"barrel1":{"px":-0.07244435867083497,"py":-0.11764479871723627,"pz":0.6615463661314938,"ry":359.9444258833905,"rx":-15.347200421729571}}}
execute on vehicle unless entity @s[tag=aj.transforms_only] at @s run function animated_java:glock/animations/reload_empty/zzz/frames/0_root_function