# This file was generated by Animated Java via MC-Build. It is not recommended to edit this file directly.
$data merge entity $(bone_slide) {transformation: [-0.9973f,-0.0192f,-0.0707f,-0.0292f,0.009f,0.926f,-0.3774f,-0.1024f,0.0727f,-0.377f,-0.9234f,0.3823f,0f,0f,0f,1f],start_interpolation: 0,interpolation_duration: 1}
$data merge entity $(bone_barrel) {transformation: [-0.9973f,-0.0192f,-0.0707f,0.0855f,0.009f,0.926f,-0.3774f,-0.1571f,0.0727f,-0.377f,-0.9234f,0.4568f,0f,0f,0f,1f],start_interpolation: 0,interpolation_duration: 1}
$data merge entity $(bone_magazine) {transformation: [-0.9973f,-0.0192f,-0.0707f,-0.0365f,0.009f,0.926f,-0.3774f,-0.2791f,0.0727f,-0.377f,-0.9234f,0.3027f,0f,0f,0f,1f],start_interpolation: 0,interpolation_duration: 1}
$data merge entity $(bone_grip) {transformation: [-0.9973f,-0.0192f,-0.0707f,-0.0365f,0.009f,0.926f,-0.3774f,-0.2791f,0.0727f,-0.377f,-0.9234f,0.3027f,0f,0f,0f,1f],start_interpolation: 0,interpolation_duration: 1}
$data merge entity $(bone_trigger) {transformation: [-0.9973f,-0.0192f,-0.0707f,-0.0345f,0.009f,0.926f,-0.3774f,-0.2635f,0.0727f,-0.377f,-0.9234f,0.3294f,0f,0f,0f,1f],start_interpolation: 0,interpolation_duration: 1}
$data merge entity $(bone_trigger_gaurd) {transformation: [-0.9973f,-0.0192f,-0.0707f,-0.0327f,0.009f,0.926f,-0.3774f,-0.2245f,0.0727f,-0.377f,-0.9234f,0.3484f,0f,0f,0f,1f],start_interpolation: 0,interpolation_duration: 1}
$data merge entity $(bone_right_arm) {transformation: [-0.9973f,-0.0707f,0.0192f,-0.0937f,0.009f,-0.3774f,-0.926f,-0.4164f,0.0727f,-0.9234f,0.377f,0.008f,0f,0f,0f,1f],start_interpolation: 0,interpolation_duration: 1}
$data merge entity $(bone_magazine1) {transformation: [-0.0618f,-0.0347f,0.0088f,-0.0673f,-0.0316f,0.0611f,0.0191f,-0.2573f,-0.0168f,0.0127f,-0.0683f,0.3644f,0f,0f,0f,1f],start_interpolation: 0,interpolation_duration: 1}
$data merge entity $(bone_left_arm) {transformation: [-0.8657f,0.3038f,0.398f,0.0957f,-0.4422f,-0.091f,-0.8923f,-0.3954f,-0.2348f,-0.9484f,0.2131f,0.0239f,0f,0f,0f,1f],start_interpolation: 0,interpolation_duration: 1}
data modify entity @s data merge value {"cameras":{},"locators":{"barrel1":{"px":-0.03444712125159391,"py":-0.07025489273685792,"pz":0.6065240117299114,"ry":355.61891804007803,"rx":-22.171665759242753}}}