# This file was generated by Animated Java via MC-Build. It is not recommended to edit this file directly.
$data merge entity $(bone_slide) {transformation: [-0.7996f,0.5934f,-0.0923f,0.0651f,0.4301f,0.4586f,-0.7777f,-0.1367f,-0.4192f,-0.6615f,-0.6219f,0.1973f,0f,0f,0f,1f],start_interpolation: 0,interpolation_duration: 1}
$data merge entity $(bone_barrel) {transformation: [-0.7996f,0.5934f,-0.0923f,0.1097f,0.4301f,0.4586f,-0.7777f,-0.1771f,-0.4192f,-0.6615f,-0.6219f,0.3317f,0f,0f,0f,1f],start_interpolation: 0,interpolation_duration: 1}
$data merge entity $(bone_magazine) {transformation: [0f,0f,0f,-0.2311f,0f,0f,0f,-0.465f,0f,0f,0f,0.4255f,0f,0f,0f,1f],start_interpolation: -1,interpolation_duration: 0}
$data merge entity $(bone_grip) {transformation: [-0.7996f,0.5934f,-0.0923f,-0.0271f,0.4301f,0.4586f,-0.7777f,-0.3073f,-0.4192f,-0.6615f,-0.6219f,0.1981f,0f,0f,0f,1f],start_interpolation: 0,interpolation_duration: 1}
$data merge entity $(bone_trigger) {transformation: [-0.7996f,0.5934f,-0.0923f,-0.0217f,0.4301f,0.4586f,-0.7777f,-0.2815f,-0.4192f,-0.6615f,-0.6219f,0.2143f,0f,0f,0f,1f],start_interpolation: 0,interpolation_duration: 1}
$data merge entity $(bone_trigger_gaurd) {transformation: [-0.7996f,0.5934f,-0.0923f,-0.0016f,0.4301f,0.4586f,-0.7777f,-0.243f,-0.4192f,-0.6615f,-0.6219f,0.2154f,0f,0f,0f,1f],start_interpolation: 0,interpolation_duration: 1}
$data merge entity $(bone_right_arm) {transformation: [-0.7996f,-0.0923f,-0.5934f,-0.0937f,0.4301f,-0.7777f,-0.4586f,-0.5545f,-0.4192f,-0.6219f,0.6615f,-0.0104f,0f,0f,0f,1f],start_interpolation: 0,interpolation_duration: 1}
$data merge entity $(bone_magazine1) {transformation: [-0.7061f,0.0885f,-0.061f,0.2971f,-0.0394f,0.1644f,0.694f,-0.7202f,0.1001f,0.6895f,-0.1576f,0.3115f,0f,0f,0f,1f],start_interpolation: 0,interpolation_duration: 1}
$data merge entity $(bone_left_arm) {transformation: [-0.9886f,-0.1352f,-0.0662f,0.2374f,-0.0551f,0.7345f,-0.6764f,-0.5156f,0.1401f,-0.665f,-0.7336f,-0.0293f,0f,0f,0f,1f],start_interpolation: 0,interpolation_duration: 1}
data modify entity @s data merge value {"cameras":{},"locators":{"barrel1":{"px":0.035329588907795695,"py":0.017733746568819875,"pz":0.3603807310687211,"ry":351.55873112333995,"rx":-51.04604855918532}}}