# This file was generated by Animated Java via MC-Build. It is not recommended to edit this file directly.
$data merge entity $(bone_slide) {transformation: [-0.8737f,0.477f,-0.0958f,0.052f,0.3727f,0.5297f,-0.7619f,-0.1304f,-0.3127f,-0.7014f,-0.6406f,0.1946f,0f,0f,0f,1f],start_interpolation: 0,interpolation_duration: 1}
$data merge entity $(bone_barrel) {transformation: [-0.8737f,0.477f,-0.0958f,0.1143f,0.3727f,0.5297f,-0.7619f,-0.1711f,-0.3127f,-0.7014f,-0.6406f,0.3216f,0f,0f,0f,1f],start_interpolation: 0,interpolation_duration: 1}
$data merge entity $(bone_magazine) {transformation: [0f,0f,0f,-0.1891f,0f,0f,0f,-0.4903f,0f,0f,0f,0.4392f,0f,0f,0f,1f],start_interpolation: 0,interpolation_duration: 1}
$data merge entity $(bone_grip) {transformation: [-0.8737f,0.477f,-0.0958f,-0.0252f,0.3727f,0.5297f,-0.7619f,-0.3083f,-0.3127f,-0.7014f,-0.6406f,0.1981f,0f,0f,0f,1f],start_interpolation: 0,interpolation_duration: 1}
$data merge entity $(bone_trigger) {transformation: [-0.8737f,0.477f,-0.0958f,-0.0201f,0.3727f,0.5297f,-0.7619f,-0.2826f,-0.3127f,-0.7014f,-0.6406f,0.2146f,0f,0f,0f,1f],start_interpolation: 0,interpolation_duration: 1}
$data merge entity $(bone_trigger_gaurd) {transformation: [-0.8737f,0.477f,-0.0958f,-0.0033f,0.3727f,0.5297f,-0.7619f,-0.2426f,-0.3127f,-0.7014f,-0.6406f,0.2152f,0f,0f,0f,1f],start_interpolation: 0,interpolation_duration: 1}
$data merge entity $(bone_right_arm) {transformation: [-0.8737f,-0.0958f,-0.477f,-0.0937f,0.3727f,-0.7619f,-0.5297f,-0.5533f,-0.3127f,-0.6406f,0.7014f,-0.0123f,0f,0f,0f,1f],start_interpolation: 0,interpolation_duration: 1}
$data merge entity $(bone_magazine1) {transformation: [-0.7665f,0.1187f,-0.1252f,0.3357f,-0.0732f,0.2926f,0.7255f,-0.6763f,0.1562f,0.7195f,-0.2744f,0.3512f,0f,0f,0f,1f],start_interpolation: 0,interpolation_duration: 1}
$data merge entity $(bone_left_arm) {transformation: [-0.9756f,-0.2135f,-0.0512f,0.2476f,-0.0931f,0.6135f,-0.7842f,-0.5307f,0.1988f,-0.7603f,-0.6184f,-0.013f,0f,0f,0f,1f],start_interpolation: 0,interpolation_duration: 1}
data modify entity @s data merge value {"cameras":{},"locators":{"barrel1":{"px":0.02775083256841194,"py":0.01549686061602179,"pz":0.3662571284823401,"ry":351.4944377267185,"rx":-49.631776152648094}}}