# This file was generated by Animated Java via MC-Build. It is not recommended to edit this file directly.
$data merge entity $(bone_slide) {transformation: [-0.9311f,0.3497f,-0.1034f,0.0386f,0.3039f,0.5873f,-0.7501f,-0.1232f,-0.2016f,-0.7299f,-0.6531f,0.1903f,0f,0f,0f,1f],start_interpolation: 0,interpolation_duration: 1}
$data merge entity $(bone_barrel) {transformation: [-0.9311f,0.3497f,-0.1034f,0.118f,0.3039f,0.5873f,-0.7501f,-0.1618f,-0.2016f,-0.7299f,-0.6531f,0.3082f,0f,0f,0f,1f],start_interpolation: 0,interpolation_duration: 1}
$data merge entity $(bone_magazine) {transformation: [0f,0f,0f,-0.1428f,0f,0f,0f,-0.5091f,0f,0f,0f,0.4468f,0f,0f,0f,1f],start_interpolation: 0,interpolation_duration: 1}
$data merge entity $(bone_grip) {transformation: [-0.9311f,0.3497f,-0.1034f,-0.0226f,0.3039f,0.5873f,-0.7501f,-0.3072f,-0.2016f,-0.7299f,-0.6531f,0.1958f,0f,0f,0f,1f],start_interpolation: 0,interpolation_duration: 1}
$data merge entity $(bone_trigger) {transformation: [-0.9311f,0.3497f,-0.1034f,-0.0179f,0.3039f,0.5873f,-0.7501f,-0.2816f,-0.2016f,-0.7299f,-0.6531f,0.2127f,0f,0f,0f,1f],start_interpolation: 0,interpolation_duration: 1}
$data merge entity $(bone_trigger_gaurd) {transformation: [-0.9311f,0.3497f,-0.1034f,-0.0044f,0.3039f,0.5873f,-0.7501f,-0.2403f,-0.2016f,-0.7299f,-0.6531f,0.2128f,0f,0f,0f,1f],start_interpolation: 0,interpolation_duration: 1}
$data merge entity $(bone_right_arm) {transformation: [-0.9311f,-0.1034f,-0.3497f,-0.0937f,0.3039f,-0.7501f,-0.5873f,-0.5516f,-0.2016f,-0.6531f,0.7299f,-0.0144f,0f,0f,0f,1f],start_interpolation: 0,interpolation_duration: 1}
$data merge entity $(bone_magazine1) {transformation: [-0.8192f,0.1292f,-0.2167f,0.3714f,-0.1182f,0.4539f,0.7174f,-0.6182f,0.2229f,0.7155f,-0.416f,0.3841f,0f,0f,0f,1f],start_interpolation: 0,interpolation_duration: 1}
$data merge entity $(bone_left_arm) {transformation: [-0.9557f,-0.2943f,-0.0006f,0.258f,-0.1379f,0.4496f,-0.8825f,-0.5471f,0.26f,-0.8433f,-0.4703f,0.0051f,0f,0f,0f,1f],start_interpolation: 0,interpolation_duration: 1}
data modify entity @s data merge value {"cameras":{},"locators":{"barrel1":{"px":0.0217761213783859,"py":0.015410073479630415,"pz":0.36870097551054964,"ry":351.0018196993655,"rx":-48.60248608967139}}}