# This file was generated by Animated Java via MC-Build. It is not recommended to edit this file directly.
$data merge entity $(bone_slide) {transformation: [-0.9893f,-0.069f,-0.1286f,-0.0097f,0.0508f,0.6633f,-0.7466f,-0.0969f,0.1368f,-0.7452f,-0.6527f,0.1688f,0f,0f,0f,1f],start_interpolation: 0,interpolation_duration: 1}
$data merge entity $(bone_barrel) {transformation: [-0.9893f,-0.069f,-0.1286f,0.1113f,0.0508f,0.6633f,-0.7466f,-0.1142f,0.1368f,-0.7452f,-0.6527f,0.2509f,0f,0f,0f,1f],start_interpolation: 0,interpolation_duration: 1}
$data merge entity $(bone_magazine) {transformation: [0f,0f,0f,0.0051f,0f,0f,0f,-0.5185f,0f,0f,0f,0.4326f,0f,0f,0f,1f],start_interpolation: 0,interpolation_duration: 1}
$data merge entity $(bone_grip) {transformation: [-0.9893f,-0.069f,-0.1286f,-0.0186f,0.0508f,0.6633f,-0.7466f,-0.2905f,0.1368f,-0.7452f,-0.6527f,0.1764f,0f,0f,0f,1f],start_interpolation: 0,interpolation_duration: 1}
$data merge entity $(bone_trigger) {transformation: [-0.9893f,-0.069f,-0.1286f,-0.015f,0.0508f,0.6633f,-0.7466f,-0.2647f,0.1368f,-0.7452f,-0.6527f,0.1932f,0f,0f,0f,1f],start_interpolation: 0,interpolation_duration: 1}
$data merge entity $(bone_trigger_gaurd) {transformation: [-0.9893f,-0.069f,-0.1286f,-0.0128f,0.0508f,0.6633f,-0.7466f,-0.2214f,0.1368f,-0.7452f,-0.6527f,0.1928f,0f,0f,0f,1f],start_interpolation: 0,interpolation_duration: 1}
$data merge entity $(bone_right_arm) {transformation: [-0.9893f,-0.1286f,0.069f,-0.0937f,0.0508f,-0.7466f,-0.6633f,-0.5436f,0.1368f,-0.6527f,0.7452f,-0.0218f,0f,0f,0f,1f],start_interpolation: 0,interpolation_duration: 1}
$data merge entity $(bone_magazine1) {transformation: [-0.8506f,-0.0936f,-0.5174f,0.3952f,-0.2912f,0.9033f,0.3152f,-0.4074f,0.4379f,0.4188f,-0.7956f,0.399f,0f,0f,0f,1f],start_interpolation: -1,interpolation_duration: 0}
$data merge entity $(bone_left_arm) {transformation: [-0.8506f,-0.3847f,0.3585f,0.2885f,-0.2912f,-0.2232f,-0.9303f,-0.6008f,0.4379f,-0.8957f,0.0778f,0.0631f,0f,0f,0f,1f],start_interpolation: 0,interpolation_duration: 1}
data modify entity @s data merge value {"cameras":{},"locators":{"barrel1":{"px":0.0005507061076434963,"py":0.031246935747272164,"pz":0.3553446921618968,"ry":348.85468083103194,"rx":-48.29857396726337}}}