# This file was generated by Animated Java via MC-Build. It is not recommended to edit this file directly.
$data merge entity $(bone_slide) {transformation: [-0.9689f,-0.2103f,-0.1301f,-0.0307f,-0.0401f,0.6526f,-0.7566f,-0.0872f,0.244f,-0.7279f,-0.6408f,0.1594f,0f,0f,0f,1f],start_interpolation: 0,interpolation_duration: 1}
$data merge entity $(bone_barrel) {transformation: [-0.9689f,-0.2103f,-0.1301f,0.0996f,-0.0401f,0.6526f,-0.7566f,-0.0931f,0.244f,-0.7279f,-0.6408f,0.2277f,0f,0f,0f,1f],start_interpolation: 0,interpolation_duration: 1}
$data merge entity $(bone_magazine) {transformation: [0f,0f,0f,0.0514f,0f,0f,0f,-0.5052f,0f,0f,0f,0.4166f,0f,0f,0f,1f],start_interpolation: 0,interpolation_duration: 1}
$data merge entity $(bone_grip) {transformation: [-0.9689f,-0.2103f,-0.1301f,-0.0209f,-0.0401f,0.6526f,-0.7566f,-0.2808f,0.244f,-0.7279f,-0.6408f,0.1664f,0f,0f,0f,1f],start_interpolation: 0,interpolation_duration: 1}
$data merge entity $(bone_trigger) {transformation: [-0.9689f,-0.2103f,-0.1301f,-0.0179f,-0.0401f,0.6526f,-0.7566f,-0.2548f,0.244f,-0.7279f,-0.6408f,0.1829f,0f,0f,0f,1f],start_interpolation: 0,interpolation_duration: 1}
$data merge entity $(bone_trigger_gaurd) {transformation: [-0.9689f,-0.2103f,-0.1301f,-0.0197f,-0.0401f,0.6526f,-0.7566f,-0.2114f,0.244f,-0.7279f,-0.6408f,0.1826f,0f,0f,0f,1f],start_interpolation: 0,interpolation_duration: 1}
$data merge entity $(bone_right_arm) {transformation: [-0.9689f,-0.1301f,0.2103f,-0.0937f,-0.0401f,-0.7566f,-0.6526f,-0.5402f,0.244f,-0.6408f,0.7279f,-0.0245f,0f,0f,0f,1f],start_interpolation: 0,interpolation_duration: 1}
$data merge entity $(bone_magazine1) {transformation: [-0.8026f,-0.2441f,-0.5443f,0.3629f,-0.3413f,0.9362f,0.0835f,-0.352f,0.4892f,0.2528f,-0.8348f,0.3747f,0f,0f,0f,1f],start_interpolation: 0,interpolation_duration: 1}
$data merge entity $(bone_left_arm) {transformation: [-0.8026f,-0.3199f,0.5034f,0.2979f,-0.3413f,-0.4458f,-0.8275f,-0.6192f,0.4892f,-0.836f,0.2486f,0.0815f,0f,0f,0f,1f],start_interpolation: 0,interpolation_duration: 1}
data modify entity @s data merge value {"cameras":{},"locators":{"barrel1":{"px":-0.01191820014319079,"py":0.041688534990451165,"pz":0.3447611908920739,"ry":348.52473253202135,"rx":-49.16537301759462}}}