# This file was generated by Animated Java via MC-Build. It is not recommended to edit this file directly.
$data merge entity $(bone_slide) {transformation: [-0.9296f,-0.3469f,-0.1246f,-0.0549f,-0.1291f,0.6232f,-0.7713f,-0.0779f,0.3452f,-0.701f,-0.6241f,0.1494f,0f,0f,0f,1f],start_interpolation: 0,interpolation_duration: 1}
$data merge entity $(bone_barrel) {transformation: [-0.9296f,-0.3469f,-0.1246f,0.0819f,-0.1291f,0.6232f,-0.7713f,-0.0708f,0.3452f,-0.701f,-0.6241f,0.2035f,0f,0f,0f,1f],start_interpolation: 0,interpolation_duration: 1}
$data merge entity $(bone_magazine) {transformation: [0f,0f,0f,0.0931f,0f,0f,0f,-0.4838f,0f,0f,0f,0.3961f,0f,0f,0f,1f],start_interpolation: 0,interpolation_duration: 1}
$data merge entity $(bone_grip) {transformation: [-0.9296f,-0.3469f,-0.1246f,-0.0261f,-0.1291f,0.6232f,-0.7713f,-0.2696f,0.3452f,-0.701f,-0.6241f,0.1551f,0f,0f,0f,1f],start_interpolation: 0,interpolation_duration: 1}
$data merge entity $(bone_trigger) {transformation: [-0.9296f,-0.3469f,-0.1246f,-0.0238f,-0.1291f,0.6232f,-0.7713f,-0.2432f,0.3452f,-0.701f,-0.6241f,0.1712f,0f,0f,0f,1f],start_interpolation: 0,interpolation_duration: 1}
$data merge entity $(bone_trigger_gaurd) {transformation: [-0.9296f,-0.3469f,-0.1246f,-0.0298f,-0.1291f,0.6232f,-0.7713f,-0.2002f,0.3452f,-0.701f,-0.6241f,0.1712f,0f,0f,0f,1f],start_interpolation: 0,interpolation_duration: 1}
$data merge entity $(bone_right_arm) {transformation: [-0.9296f,-0.1246f,0.3469f,-0.0937f,-0.1291f,-0.7713f,-0.6232f,-0.5364f,0.3452f,-0.6241f,0.701f,-0.0272f,0f,0f,0f,1f],start_interpolation: 0,interpolation_duration: 1}
$data merge entity $(bone_magazine1) {transformation: [-0.751f,-0.4034f,-0.5228f,0.3138f,-0.388f,0.9102f,-0.1451f,-0.3169f,0.5344f,0.0939f,-0.84f,0.3411f,0f,0f,0f,1f],start_interpolation: 0,interpolation_duration: 1}
$data merge entity $(bone_left_arm) {transformation: [-0.751f,-0.2068f,0.6271f,0.3066f,-0.388f,-0.6303f,-0.6724f,-0.6373f,0.5344f,-0.7483f,0.3931f,0.0984f,0f,0f,0f,1f],start_interpolation: 0,interpolation_duration: 1}
data modify entity @s data merge value {"cameras":{},"locators":{"barrel1":{"px":-0.02899438828331198,"py":0.0539481250067636,"pz":0.3317981435094781,"ry":348.7105190227552,"rx":-50.47508374229896}}}