# This file was generated by Animated Java via MC-Build. It is not recommended to edit this file directly.
$data merge entity $(bone_slide) {transformation: [-0.757f,-0.6452f,-0.1033f,-0.1151f,-0.3582f,0.542f,-0.7602f,-0.0789f,0.5464f,-0.5385f,-0.6414f,0.1692f,0f,0f,0f,1f],start_interpolation: 0,interpolation_duration: 1}
$data merge entity $(bone_barrel) {transformation: [-0.757f,-0.6452f,-0.1033f,0.0258f,-0.3582f,0.542f,-0.7602f,-0.0409f,0.5464f,-0.5385f,-0.6414f,0.1891f,0f,0f,0f,1f],start_interpolation: 0,interpolation_duration: 1}
$data merge entity $(bone_magazine) {transformation: [0f,0f,0f,0.1783f,0f,0f,0f,-0.4446f,0f,0f,0f,0.3359f,0f,0f,0f,1f],start_interpolation: 0,interpolation_duration: 1}
$data merge entity $(bone_grip) {transformation: [-0.757f,-0.6452f,-0.1033f,-0.0435f,-0.3582f,0.542f,-0.7602f,-0.2583f,0.5464f,-0.5385f,-0.6414f,0.1508f,0f,0f,0f,1f],start_interpolation: 0,interpolation_duration: 1}
$data merge entity $(bone_trigger) {transformation: [-0.757f,-0.6452f,-0.1033f,-0.0431f,-0.3582f,0.542f,-0.7602f,-0.2326f,0.5464f,-0.5385f,-0.6414f,0.1681f,0f,0f,0f,1f],start_interpolation: 0,interpolation_duration: 1}
$data merge entity $(bone_trigger_gaurd) {transformation: [-0.757f,-0.6452f,-0.1033f,-0.0584f,-0.3582f,0.542f,-0.7602f,-0.1923f,0.5464f,-0.5385f,-0.6414f,0.1734f,0f,0f,0f,1f],start_interpolation: 0,interpolation_duration: 1}
$data merge entity $(bone_right_arm) {transformation: [-0.757f,-0.1033f,0.6452f,-0.0937f,-0.3582f,-0.7602f,-0.542f,-0.5281f,0.5464f,-0.6414f,0.5385f,-0.0327f,0f,0f,0f,1f],start_interpolation: 0,interpolation_duration: 1}
$data merge entity $(bone_magazine1) {transformation: [-0.6465f,-0.6742f,-0.3572f,0.1955f,-0.4663f,0.7197f,-0.5144f,-0.3151f,0.6039f,-0.166f,-0.7796f,0.2653f,0f,0f,0f,1f],start_interpolation: 0,interpolation_duration: 1}
$data merge entity $(bone_left_arm) {transformation: [-0.6465f,0.1001f,0.7563f,0.3214f,-0.4663f,-0.8365f,-0.2879f,-0.6704f,0.6039f,-0.5388f,0.5874f,0.1257f,0f,0f,0f,1f],start_interpolation: 0,interpolation_duration: 1}
data modify entity @s data merge value {"cameras":{},"locators":{"barrel1":{"px":-0.07374695315121757,"py":0.04986949404401947,"pz":0.3509289875149464,"ry":350.8508771895953,"rx":-49.480489155216375}}}