# This file was generated by Animated Java via MC-Build. It is not recommended to edit this file directly.
$data merge entity $(bone_slide) {transformation: [-0.9706f,-0.2003f,-0.1339f,-0.0274f,-0.0945f,0.8278f,-0.553f,-0.0737f,0.2216f,-0.5241f,-0.8223f,0.2887f,0f,0f,0f,1f],start_interpolation: 0,interpolation_duration: 1}
$data merge entity $(bone_barrel) {transformation: [-0.9706f,-0.2003f,-0.1339f,0.1025f,-0.0945f,0.8278f,-0.553f,-0.0992f,0.2216f,-0.5241f,-0.8223f,0.3531f,0f,0f,0f,1f],start_interpolation: 0,interpolation_duration: 1}
$data merge entity $(bone_magazine) {transformation: [-0.9706f,-0.2003f,-0.1339f,-0.0195f,-0.0945f,0.8278f,-0.553f,-0.262f,0.2216f,-0.5241f,-0.8223f,0.2429f,0f,0f,0f,1f],start_interpolation: 0,interpolation_duration: 1}
$data merge entity $(bone_grip) {transformation: [-0.9706f,-0.2003f,-0.1339f,-0.0195f,-0.0945f,0.8278f,-0.553f,-0.262f,0.2216f,-0.5241f,-0.8223f,0.2429f,0f,0f,0f,1f],start_interpolation: 0,interpolation_duration: 1}
$data merge entity $(bone_trigger) {transformation: [-0.9706f,-0.2003f,-0.1339f,-0.0163f,-0.0945f,0.8278f,-0.553f,-0.2414f,0.2216f,-0.5241f,-0.8223f,0.2658f,0f,0f,0f,1f],start_interpolation: 0,interpolation_duration: 1}
$data merge entity $(bone_trigger_gaurd) {transformation: [-0.9706f,-0.2003f,-0.1339f,-0.0177f,-0.0945f,0.8278f,-0.553f,-0.1996f,0.2216f,-0.5241f,-0.8223f,0.2774f,0f,0f,0f,1f],start_interpolation: 0,interpolation_duration: 1}
$data merge entity $(bone_right_arm) {transformation: [-0.9706f,-0.1339f,0.2003f,-0.0937f,-0.0945f,-0.553f,-0.8278f,-0.459f,0.2216f,-0.8223f,0.5241f,-0.0114f,0f,0f,0f,1f],start_interpolation: 0,interpolation_duration: 1}
$data merge entity $(bone_magazine1) {transformation: [-0.1295f,-0.0603f,0.0001f,0.0004f,-0.0532f,0.1144f,0.0669f,-0.3345f,-0.0283f,0.0606f,-0.1262f,0.3848f,0f,0f,0f,1f],start_interpolation: 0,interpolation_duration: 1}
$data merge entity $(bone_left_arm) {transformation: [-0.9065f,0.1714f,0.3858f,0.111f,-0.3727f,0.1042f,-0.9221f,-0.401f,-0.1982f,-0.9797f,-0.0305f,0.004f,0f,0f,0f,1f],start_interpolation: 0,interpolation_duration: 1}
data modify entity @s data merge value {"cameras":{},"locators":{"barrel1":{"px":-0.008368254957256065,"py":-0.00005337695838950052,"pz":0.5020626693108816,"ry":350.75477813264285,"rx":-33.5746914722196}}}