# This file was generated by Animated Java via MC-Build. It is not recommended to edit this file directly.
$data merge entity $(bone_slide) {transformation: [-0.6678f,-0.7364f,-0.1079f,-0.1295f,-0.4396f,0.5073f,-0.7412f,-0.0857f,0.6006f,-0.4476f,-0.6625f,0.188f,0f,0f,0f,1f],start_interpolation: 0,interpolation_duration: 1}
$data merge entity $(bone_barrel) {transformation: [-0.6678f,-0.7364f,-0.1079f,0.0092f,-0.4396f,0.5073f,-0.7412f,-0.037f,0.6006f,-0.4476f,-0.6625f,0.1958f,0f,0f,0f,1f],start_interpolation: 0,interpolation_duration: 1}
$data merge entity $(bone_magazine) {transformation: [0f,0f,0f,0.2068f,0f,0f,0f,-0.4321f,0f,0f,0f,0.3084f,0f,0f,0f,1f],start_interpolation: 0,interpolation_duration: 1}
$data merge entity $(bone_grip) {transformation: [-0.6678f,-0.7364f,-0.1079f,-0.0464f,-0.4396f,0.5073f,-0.7412f,-0.2577f,0.6006f,-0.4476f,-0.6625f,0.1545f,0f,0f,0f,1f],start_interpolation: 0,interpolation_duration: 1}
$data merge entity $(bone_trigger) {transformation: [-0.6678f,-0.7364f,-0.1079f,-0.0463f,-0.4396f,0.5073f,-0.7412f,-0.2328f,0.6006f,-0.4476f,-0.6625f,0.1729f,0f,0f,0f,1f],start_interpolation: 0,interpolation_duration: 1}
$data merge entity $(bone_trigger_gaurd) {transformation: [-0.6678f,-0.7364f,-0.1079f,-0.0641f,-0.4396f,0.5073f,-0.7412f,-0.1941f,0.6006f,-0.4476f,-0.6625f,0.1814f,0f,0f,0f,1f],start_interpolation: 0,interpolation_duration: 1}
$data merge entity $(bone_right_arm) {transformation: [-0.6678f,-0.1079f,0.7364f,-0.0937f,-0.4396f,-0.7412f,-0.5073f,-0.5236f,0.6006f,-0.6625f,0.4476f,-0.0355f,0f,0f,0f,1f],start_interpolation: 0,interpolation_duration: 1}
$data merge entity $(bone_magazine1) {transformation: [-0.599f,-0.7627f,-0.244f,0.142f,-0.497f,0.593f,-0.6335f,-0.3406f,0.6278f,-0.2582f,-0.7343f,0.2306f,0f,0f,0f,1f],start_interpolation: 0,interpolation_duration: 1}
$data merge entity $(bone_left_arm) {transformation: [-0.599f,0.2528f,0.7598f,0.3271f,-0.497f,-0.8613f,-0.1053f,-0.6844f,0.6278f,-0.4407f,0.6415f,0.1351f,0f,0f,0f,1f],start_interpolation: 0,interpolation_duration: 1}
data modify entity @s data merge value {"cameras":{},"locators":{"barrel1":{"px":-0.08023527779407236,"py":0.0390719547852979,"pz":0.3705489244265199,"ry":350.7464647150076,"rx":-47.83615201051325}}}