# This file was generated by Animated Java via MC-Build. It is not recommended to edit this file directly.
$data merge entity $(bone_slide) {transformation: [-0.5891f,-0.7994f,-0.1183f,-0.1367f,-0.5005f,0.4759f,-0.7232f,-0.0921f,0.6344f,-0.3668f,-0.6804f,0.2046f,0f,0f,0f,1f],start_interpolation: 0,interpolation_duration: 1}
$data merge entity $(bone_barrel) {transformation: [-0.5891f,-0.7994f,-0.1183f,-0.0009f,-0.5005f,0.4759f,-0.7232f,-0.0352f,0.6344f,-0.3668f,-0.6804f,0.2031f,0f,0f,0f,1f],start_interpolation: 0,interpolation_duration: 1}
$data merge entity $(bone_magazine) {transformation: [0f,0f,0f,0.2281f,0f,0f,0f,-0.421f,0f,0f,0f,0.2839f,0f,0f,0f,1f],start_interpolation: 0,interpolation_duration: 1}
$data merge entity $(bone_grip) {transformation: [-0.5891f,-0.7994f,-0.1183f,-0.0467f,-0.5005f,0.4759f,-0.7232f,-0.2574f,0.6344f,-0.3668f,-0.6804f,0.1578f,0f,0f,0f,1f],start_interpolation: 0,interpolation_duration: 1}
$data merge entity $(bone_trigger) {transformation: [-0.5891f,-0.7994f,-0.1183f,-0.0465f,-0.5005f,0.4759f,-0.7232f,-0.2332f,0.6344f,-0.3668f,-0.6804f,0.177f,0f,0f,0f,1f],start_interpolation: 0,interpolation_duration: 1}
$data merge entity $(bone_trigger_gaurd) {transformation: [-0.5891f,-0.7994f,-0.1183f,-0.0658f,-0.5005f,0.4759f,-0.7232f,-0.196f,0.6344f,-0.3668f,-0.6804f,0.1885f,0f,0f,0f,1f],start_interpolation: 0,interpolation_duration: 1}
$data merge entity $(bone_right_arm) {transformation: [-0.5891f,-0.1183f,0.7994f,-0.0937f,-0.5005f,-0.7232f,-0.4759f,-0.519f,0.6344f,-0.6804f,0.3668f,-0.0381f,0f,0f,0f,1f],start_interpolation: 0,interpolation_duration: 1}
$data merge entity $(bone_magazine1) {transformation: [-0.5581f,-0.8185f,-0.136f,0.0994f,-0.5223f,0.474f,-0.7089f,-0.3733f,0.6448f,-0.3246f,-0.692f,0.2015f,0f,0f,0f,1f],start_interpolation: 0,interpolation_duration: 1}
$data merge entity $(bone_left_arm) {transformation: [-0.5581f,0.3816f,0.7368f,0.3315f,-0.5223f,-0.8516f,0.0454f,-0.6959f,0.6448f,-0.3595f,0.6746f,0.141f,0f,0f,0f,1f],start_interpolation: 0,interpolation_duration: 1}
data modify entity @s data merge value {"cameras":{},"locators":{"barrel1":{"px":-0.08000823044270261,"py":0.02911714974117907,"pz":0.38734914038725243,"ry":350.13855821331714,"rx":-46.319825189765034}}}