# This file was generated by Animated Java via MC-Build. It is not recommended to edit this file directly.
$data merge entity $(bone_slide) {transformation: [-0.4919f,-0.8617f,-0.1247f,-0.1463f,-0.5788f,0.4306f,-0.6925f,-0.0963f,0.6504f,-0.2684f,-0.7105f,0.2253f,0f,0f,0f,1f],start_interpolation: 0,interpolation_duration: 1}
$data merge entity $(bone_barrel) {transformation: [-0.4919f,-0.8617f,-0.1247f,-0.0157f,-0.5788f,0.4306f,-0.6925f,-0.0289f,0.6504f,-0.2684f,-0.7105f,0.2158f,0f,0f,0f,1f],start_interpolation: 0,interpolation_duration: 1}
$data merge entity $(bone_magazine) {transformation: [0f,0f,0f,0.2474f,0f,0f,0f,-0.3993f,0f,0f,0f,0.2534f,0f,0f,0f,1f],start_interpolation: 0,interpolation_duration: 1}
$data merge entity $(bone_grip) {transformation: [-0.4919f,-0.8617f,-0.1247f,-0.0488f,-0.5788f,0.4306f,-0.6925f,-0.2512f,0.6504f,-0.2684f,-0.7105f,0.1611f,0f,0f,0f,1f],start_interpolation: 0,interpolation_duration: 1}
$data merge entity $(bone_trigger) {transformation: [-0.4919f,-0.8617f,-0.1247f,-0.0488f,-0.5788f,0.4306f,-0.6925f,-0.2281f,0.6504f,-0.2684f,-0.7105f,0.1817f,0f,0f,0f,1f],start_interpolation: 0,interpolation_duration: 1}
$data merge entity $(bone_trigger_gaurd) {transformation: [-0.4919f,-0.8617f,-0.1247f,-0.0696f,-0.5788f,0.4306f,-0.6925f,-0.1932f,0.6504f,-0.2684f,-0.7105f,0.197f,0f,0f,0f,1f],start_interpolation: 0,interpolation_duration: 1}
$data merge entity $(bone_right_arm) {transformation: [-0.4919f,-0.1247f,0.8617f,-0.0937f,-0.5788f,-0.6925f,-0.4306f,-0.5047f,0.6504f,-0.7105f,0.2684f,-0.0456f,0f,0f,0f,1f],start_interpolation: 0,interpolation_duration: 1}
$data merge entity $(bone_magazine1) {transformation: [-0.4762f,-0.8732f,0.1036f,0.0019f,-0.5754f,0.2204f,-0.7876f,-0.433f,0.6649f,-0.4347f,-0.6074f,0.1369f,0f,0f,0f,1f],start_interpolation: 0,interpolation_duration: 1}
$data merge entity $(bone_left_arm) {transformation: [-0.4762f,0.6138f,0.6297f,0.3109f,-0.5754f,-0.759f,0.3046f,-0.6901f,0.6649f,-0.2173f,0.7147f,0.1358f,0f,0f,0f,1f],start_interpolation: 0,interpolation_duration: 1}
data modify entity @s data merge value {"cameras":{},"locators":{"barrel1":{"px":-0.08261962838129744,"py":0.01897477855908447,"pz":0.409602744812371,"ry":350.0421541381643,"rx":-43.828997574201075}}}