# This file was generated by Animated Java via MC-Build. It is not recommended to edit this file directly.
$data merge entity $(bone_slide) {transformation: [-0.4867f,-0.8646f,-0.1247f,-0.1469f,-0.5922f,0.4315f,-0.6805f,-0.0966f,0.6422f,-0.2573f,-0.7221f,0.2303f,0f,0f,0f,1f],start_interpolation: 0,interpolation_duration: 1}
$data merge entity $(bone_barrel) {transformation: [-0.4867f,-0.8646f,-0.1247f,-0.0167f,-0.5922f,0.4315f,-0.6805f,-0.0285f,0.6422f,-0.2573f,-0.7221f,0.2215f,0f,0f,0f,1f],start_interpolation: 0,interpolation_duration: 1}
$data merge entity $(bone_magazine) {transformation: [0f,0f,0f,0.2482f,0f,0f,0f,-0.3983f,0f,0f,0f,0.2515f,0f,0f,0f,1f],start_interpolation: 0,interpolation_duration: 1}
$data merge entity $(bone_grip) {transformation: [-0.4867f,-0.8646f,-0.1247f,-0.049f,-0.5922f,0.4315f,-0.6805f,-0.25f,0.6422f,-0.2573f,-0.7221f,0.1631f,0f,0f,0f,1f],start_interpolation: 0,interpolation_duration: 1}
$data merge entity $(bone_trigger) {transformation: [-0.4867f,-0.8646f,-0.1247f,-0.049f,-0.5922f,0.4315f,-0.6805f,-0.2273f,0.6422f,-0.2573f,-0.7221f,0.184f,0f,0f,0f,1f],start_interpolation: 0,interpolation_duration: 1}
$data merge entity $(bone_trigger_gaurd) {transformation: [-0.4867f,-0.8646f,-0.1247f,-0.0699f,-0.5922f,0.4315f,-0.6805f,-0.1927f,0.6422f,-0.2573f,-0.7221f,0.2f,0f,0f,0f,1f],start_interpolation: 0,interpolation_duration: 1}
$data merge entity $(bone_right_arm) {transformation: [-0.4867f,-0.1247f,0.8646f,-0.0937f,-0.5922f,-0.6805f,-0.4315f,-0.5f,0.6422f,-0.7221f,0.2573f,-0.0479f,0f,0f,0f,1f],start_interpolation: 0,interpolation_duration: 1}
$data merge entity $(bone_magazine1) {transformation: [-0.5076f,-0.8615f,0.0058f,0.0052f,-0.5815f,0.3377f,-0.7401f,-0.3759f,0.6357f,-0.3791f,-0.6724f,0.1518f,0f,0f,0f,1f],start_interpolation: 0,interpolation_duration: 1}
$data merge entity $(bone_left_arm) {transformation: [-0.5076f,0.5291f,0.68f,0.2875f,-0.5815f,-0.7928f,0.1827f,-0.6601f,0.6357f,-0.3027f,0.7101f,0.1173f,0f,0f,0f,1f],start_interpolation: 0,interpolation_duration: 1}
data modify entity @s data merge value {"cameras":{},"locators":{"barrel1":{"px":-0.08296650872502156,"py":0.015668734496754683,"pz":0.41637545808353527,"ry":350.1987169139747,"rx":-42.88246114010265}}}