# This file was generated by Animated Java via MC-Build. It is not recommended to edit this file directly.
$data merge entity $(bone_slide) {transformation: [-0.4875f,-0.8642f,-0.1247f,-0.1468f,-0.6031f,0.4366f,-0.6675f,-0.097f,0.6313f,-0.2502f,-0.7341f,0.2352f,0f,0f,0f,1f],start_interpolation: 0,interpolation_duration: 1}
$data merge entity $(bone_barrel) {transformation: [-0.4875f,-0.8642f,-0.1247f,-0.0165f,-0.6031f,0.4366f,-0.6675f,-0.0288f,0.6313f,-0.2502f,-0.7341f,0.2277f,0f,0f,0f,1f],start_interpolation: 0,interpolation_duration: 1}
$data merge entity $(bone_magazine) {transformation: [0f,0f,0f,0.2481f,0f,0f,0f,-0.3993f,0f,0f,0f,0.2513f,0f,0f,0f,1f],start_interpolation: 0,interpolation_duration: 1}
$data merge entity $(bone_grip) {transformation: [-0.4875f,-0.8642f,-0.1247f,-0.049f,-0.6031f,0.4366f,-0.6675f,-0.2492f,0.6313f,-0.2502f,-0.7341f,0.1653f,0f,0f,0f,1f],start_interpolation: 0,interpolation_duration: 1}
$data merge entity $(bone_trigger) {transformation: [-0.4875f,-0.8642f,-0.1247f,-0.049f,-0.6031f,0.4366f,-0.6675f,-0.2268f,0.6313f,-0.2502f,-0.7341f,0.1867f,0f,0f,0f,1f],start_interpolation: 0,interpolation_duration: 1}
$data merge entity $(bone_trigger_gaurd) {transformation: [-0.4875f,-0.8642f,-0.1247f,-0.0699f,-0.6031f,0.4366f,-0.6675f,-0.1926f,0.6313f,-0.2502f,-0.7341f,0.2033f,0f,0f,0f,1f],start_interpolation: 0,interpolation_duration: 1}
$data merge entity $(bone_right_arm) {transformation: [-0.4875f,-0.1247f,0.8642f,-0.0937f,-0.6031f,-0.6675f,-0.4366f,-0.4954f,0.6313f,-0.7341f,0.2502f,-0.0501f,0f,0f,0f,1f],start_interpolation: 0,interpolation_duration: 1}
$data merge entity $(bone_magazine1) {transformation: [-0.5263f,-0.8488f,-0.0508f,0.0071f,-0.5882f,0.4066f,-0.699f,-0.3428f,0.614f,-0.338f,-0.7133f,0.1618f,0f,0f,0f,1f],start_interpolation: 0,interpolation_duration: 1}
$data merge entity $(bone_left_arm) {transformation: [-0.5263f,0.4764f,0.7043f,0.2719f,-0.5882f,-0.8021f,0.1029f,-0.6398f,0.614f,-0.3601f,0.7024f,0.1043f,0f,0f,0f,1f],start_interpolation: 0,interpolation_duration: 1}
data modify entity @s data merge value {"cameras":{},"locators":{"barrel1":{"px":-0.08291149272533596,"py":0.011960967410178186,"pz":0.4232616188320654,"ry":350.3558308124749,"rx":-41.8763285417791}}}