# This file was generated by Animated Java via MC-Build. It is not recommended to edit this file directly.
$data merge entity $(bone_slide) {transformation: [-0.4927f,-0.8612f,-0.1247f,-0.1462f,-0.6119f,0.4448f,-0.654f,-0.0974f,0.6187f,-0.2459f,-0.7462f,0.2399f,0f,0f,0f,1f],start_interpolation: 0,interpolation_duration: 1}
$data merge entity $(bone_barrel) {transformation: [-0.4927f,-0.8612f,-0.1247f,-0.0156f,-0.6119f,0.4448f,-0.654f,-0.0297f,0.6187f,-0.2459f,-0.7462f,0.2341f,0f,0f,0f,1f],start_interpolation: 0,interpolation_duration: 1}
$data merge entity $(bone_magazine) {transformation: [0f,0f,0f,0.2473f,0f,0f,0f,-0.4017f,0f,0f,0f,0.2522f,0f,0f,0f,1f],start_interpolation: 0,interpolation_duration: 1}
$data merge entity $(bone_grip) {transformation: [-0.4927f,-0.8612f,-0.1247f,-0.0488f,-0.6119f,0.4448f,-0.654f,-0.2488f,0.6187f,-0.2459f,-0.7462f,0.1677f,0f,0f,0f,1f],start_interpolation: 0,interpolation_duration: 1}
$data merge entity $(bone_trigger) {transformation: [-0.4927f,-0.8612f,-0.1247f,-0.0487f,-0.6119f,0.4448f,-0.654f,-0.2268f,0.6187f,-0.2459f,-0.7462f,0.1895f,0f,0f,0f,1f],start_interpolation: 0,interpolation_duration: 1}
$data merge entity $(bone_trigger_gaurd) {transformation: [-0.4927f,-0.8612f,-0.1247f,-0.0695f,-0.6119f,0.4448f,-0.654f,-0.1927f,0.6187f,-0.2459f,-0.7462f,0.2066f,0f,0f,0f,1f],start_interpolation: 0,interpolation_duration: 1}
$data merge entity $(bone_right_arm) {transformation: [-0.4927f,-0.1247f,0.8612f,-0.0937f,-0.6119f,-0.654f,-0.4448f,-0.491f,0.6187f,-0.7462f,0.2459f,-0.0521f,0f,0f,0f,1f],start_interpolation: 0,interpolation_duration: 1}
$data merge entity $(bone_magazine1) {transformation: [-0.5263f,-0.8488f,-0.0498f,0.0039f,-0.5986f,0.4115f,-0.6873f,-0.3394f,0.6038f,-0.3319f,-0.7247f,0.1611f,0f,0f,0f,1f],start_interpolation: 0,interpolation_duration: 1}
$data merge entity $(bone_left_arm) {transformation: [-0.5263f,0.4772f,0.7037f,0.2689f,-0.5986f,-0.7957f,0.0919f,-0.6352f,0.6038f,-0.3729f,0.7045f,0.0989f,0f,0f,0f,1f],start_interpolation: 0,interpolation_duration: 1}
data modify entity @s data merge value {"cameras":{},"locators":{"barrel1":{"px":-0.08256519064303072,"py":0.007957866287843257,"pz":0.43008672545170745,"ry":350.5087024015593,"rx":-40.840997462336475}}}