# This file was generated by Animated Java via MC-Build. It is not recommended to edit this file directly.
$data merge entity $(bone_slide) {transformation: [-0.5005f,-0.8567f,-0.1247f,-0.1452f,-0.619f,0.4549f,-0.6402f,-0.0978f,0.6052f,-0.2432f,-0.758f,0.2443f,0f,0f,0f,1f],start_interpolation: 0,interpolation_duration: 1}
$data merge entity $(bone_barrel) {transformation: [-0.5005f,-0.8567f,-0.1247f,-0.0141f,-0.619f,0.4549f,-0.6402f,-0.0309f,0.6052f,-0.2432f,-0.758f,0.2404f,0f,0f,0f,1f],start_interpolation: 0,interpolation_duration: 1}
$data merge entity $(bone_magazine) {transformation: [0f,0f,0f,0.246f,0f,0f,0f,-0.405f,0f,0f,0f,0.2537f,0f,0f,0f,1f],start_interpolation: 0,interpolation_duration: 1}
$data merge entity $(bone_grip) {transformation: [-0.5005f,-0.8567f,-0.1247f,-0.0484f,-0.619f,0.4549f,-0.6402f,-0.2486f,0.6052f,-0.2432f,-0.758f,0.1701f,0f,0f,0f,1f],start_interpolation: 0,interpolation_duration: 1}
$data merge entity $(bone_trigger) {transformation: [-0.5005f,-0.8567f,-0.1247f,-0.0484f,-0.619f,0.4549f,-0.6402f,-0.2271f,0.6052f,-0.2432f,-0.758f,0.1923f,0f,0f,0f,1f],start_interpolation: 0,interpolation_duration: 1}
$data merge entity $(bone_trigger_gaurd) {transformation: [-0.5005f,-0.8567f,-0.1247f,-0.0691f,-0.619f,0.4549f,-0.6402f,-0.1931f,0.6052f,-0.2432f,-0.758f,0.2099f,0f,0f,0f,1f],start_interpolation: 0,interpolation_duration: 1}
$data merge entity $(bone_right_arm) {transformation: [-0.5005f,-0.1247f,0.8567f,-0.0937f,-0.619f,-0.6402f,-0.4549f,-0.4867f,0.6052f,-0.758f,0.2432f,-0.0541f,0f,0f,0f,1f],start_interpolation: 0,interpolation_duration: 1}
$data merge entity $(bone_magazine1) {transformation: [-0.5263f,-0.8489f,-0.048f,0.0064f,-0.6084f,0.4155f,-0.6761f,-0.3415f,0.5939f,-0.3267f,-0.7352f,0.1613f,0f,0f,0f,1f],start_interpolation: 0,interpolation_duration: 1}
$data merge entity $(bone_left_arm) {transformation: [-0.5263f,0.4787f,0.7027f,0.2719f,-0.6084f,-0.7894f,0.082f,-0.636f,0.5939f,-0.3844f,0.7067f,0.095f,0f,0f,0f,1f],start_interpolation: 0,interpolation_duration: 1}
data modify entity @s data merge value {"cameras":{},"locators":{"barrel1":{"px":-0.08204346461759898,"py":0.0037904859978514782,"pz":0.43667132752006477,"ry":350.6543037908024,"rx":-39.8086622127715}}}