# This file was generated by Animated Java via MC-Build. It is not recommended to edit this file directly.
$data merge entity $(bone_slide) {transformation: [-0.5094f,-0.8514f,-0.1247f,-0.1442f,-0.6248f,0.4656f,-0.6268f,-0.0984f,0.5917f,-0.2414f,-0.7692f,0.2485f,0f,0f,0f,1f],start_interpolation: 0,interpolation_duration: 1}
$data merge entity $(bone_barrel) {transformation: [-0.5094f,-0.8514f,-0.1247f,-0.0125f,-0.6248f,0.4656f,-0.6268f,-0.0325f,0.5917f,-0.2414f,-0.7692f,0.2465f,0f,0f,0f,1f],start_interpolation: 0,interpolation_duration: 1}
$data merge entity $(bone_magazine) {transformation: [0f,0f,0f,0.2446f,0f,0f,0f,-0.4088f,0f,0f,0f,0.2554f,0f,0f,0f,1f],start_interpolation: 0,interpolation_duration: 1}
$data merge entity $(bone_grip) {transformation: [-0.5094f,-0.8514f,-0.1247f,-0.0481f,-0.6248f,0.4656f,-0.6268f,-0.2487f,0.5917f,-0.2414f,-0.7692f,0.1724f,0f,0f,0f,1f],start_interpolation: 0,interpolation_duration: 1}
$data merge entity $(bone_trigger) {transformation: [-0.5094f,-0.8514f,-0.1247f,-0.048f,-0.6248f,0.4656f,-0.6268f,-0.2275f,0.5917f,-0.2414f,-0.7692f,0.1949f,0f,0f,0f,1f],start_interpolation: 0,interpolation_duration: 1}
$data merge entity $(bone_trigger_gaurd) {transformation: [-0.5094f,-0.8514f,-0.1247f,-0.0685f,-0.6248f,0.4656f,-0.6268f,-0.1937f,0.5917f,-0.2414f,-0.7692f,0.2129f,0f,0f,0f,1f],start_interpolation: 0,interpolation_duration: 1}
$data merge entity $(bone_right_arm) {transformation: [-0.5094f,-0.1247f,0.8514f,-0.0937f,-0.6248f,-0.6268f,-0.4656f,-0.4828f,0.5917f,-0.7692f,0.2414f,-0.0559f,0f,0f,0f,1f],start_interpolation: 0,interpolation_duration: 1}
$data merge entity $(bone_magazine1) {transformation: [-0.5263f,-0.8489f,-0.0477f,0.0092f,-0.6176f,0.4203f,-0.6648f,-0.3441f,0.5844f,-0.3205f,-0.7455f,0.1617f,0f,0f,0f,1f],start_interpolation: 0,interpolation_duration: 1}
$data merge entity $(bone_left_arm) {transformation: [-0.5263f,0.479f,0.7025f,0.2748f,-0.6176f,-0.7832f,0.0713f,-0.6374f,0.5844f,-0.3964f,0.7081f,0.0909f,0f,0f,0f,1f],start_interpolation: 0,interpolation_duration: 1}
$execute on vehicle unless entity @s[tag=aj.transforms_only] as $(locator_barrel1) positioned ^-0.0814592166 ^-0.0004036217 ^0.4428508529 rotated ~350.7899931404 ~-38.8107964588 run function animated_java:glock/animations/reload_empty/zzz/frames/29_locator_barrel1
data modify entity @s data merge value {"cameras":{},"locators":{"barrel1":{"px":-0.08145921657408528,"py":-0.00040362168301713575,"pz":0.4428508528530791,"ry":350.78999314039805,"rx":-38.810796458775}}}