# This file was generated by Animated Java via MC-Build. It is not recommended to edit this file directly.
$data merge entity $(bone_slide) {transformation: [-0.9276f,-0.3471f,-0.1379f,-0.0487f,-0.1491f,0.6828f,-0.7152f,-0.0629f,0.3425f,-0.6429f,-0.6851f,0.1882f,0f,0f,0f,1f],start_interpolation: 0,interpolation_duration: 1}
$data merge entity $(bone_barrel) {transformation: [-0.9276f,-0.3471f,-0.1379f,0.0886f,-0.1491f,0.6828f,-0.7152f,-0.0616f,0.3425f,-0.6429f,-0.6851f,0.2413f,0f,0f,0f,1f],start_interpolation: 0,interpolation_duration: 1}
$data merge entity $(bone_magazine) {transformation: [-0.9276f,-0.3471f,-0.1379f,-0.0218f,-0.1491f,0.6828f,-0.7152f,-0.2547f,0.3425f,-0.6429f,-0.6851f,0.1776f,0f,0f,0f,1f],start_interpolation: 0,interpolation_duration: 1}
$data merge entity $(bone_grip) {transformation: [-0.9276f,-0.3471f,-0.1379f,-0.0218f,-0.1491f,0.6828f,-0.7152f,-0.2547f,0.3425f,-0.6429f,-0.6851f,0.1776f,0f,0f,0f,1f],start_interpolation: 0,interpolation_duration: 1}
$data merge entity $(bone_trigger) {transformation: [-0.9276f,-0.3471f,-0.1379f,-0.0191f,-0.1491f,0.6828f,-0.7152f,-0.2298f,0.3425f,-0.6429f,-0.6851f,0.1958f,0f,0f,0f,1f],start_interpolation: 0,interpolation_duration: 1}
$data merge entity $(bone_trigger_gaurd) {transformation: [-0.9276f,-0.3471f,-0.1379f,-0.0246f,-0.1491f,0.6828f,-0.7152f,-0.1868f,0.3425f,-0.6429f,-0.6851f,0.1995f,0f,0f,0f,1f],start_interpolation: 0,interpolation_duration: 1}
$data merge entity $(bone_right_arm) {transformation: [-0.9276f,-0.1379f,0.3471f,-0.0937f,-0.1491f,-0.7152f,-0.6828f,-0.5046f,0.3425f,-0.6851f,0.6429f,-0.0257f,0f,0f,0f,1f],start_interpolation: 0,interpolation_duration: 1}
$data merge entity $(bone_magazine1) {transformation: [-0.2026f,-0.0676f,-0.0177f,0.0706f,-0.0605f,0.1425f,0.1482f,-0.443f,-0.035f,0.1451f,-0.1538f,0.3776f,0f,0f,0f,1f],start_interpolation: 0,interpolation_duration: 1}
$data merge entity $(bone_left_arm) {transformation: [-0.9453f,0.0559f,0.3214f,0.1292f,-0.2825f,0.3528f,-0.892f,-0.4102f,-0.1632f,-0.934f,-0.3177f,-0.0188f,0f,0f,0f,1f],start_interpolation: 0,interpolation_duration: 1}
data modify entity @s data merge value {"cameras":{},"locators":{"barrel1":{"px":-0.019859955176369695,"py":0.05297501975630245,"pz":0.3807388982924501,"ry":348.616377070982,"rx":-45.66230626078625}}}