# This file was generated by Animated Java via MC-Build. It is not recommended to edit this file directly.
$data merge entity $(bone_slide) {transformation: [-0.5178f,-0.8464f,-0.1247f,-0.1431f,-0.6299f,0.4757f,-0.614f,-0.099f,0.579f,-0.2394f,-0.7794f,0.2522f,0f,0f,0f,1f],start_interpolation: 0,interpolation_duration: 1}
$data merge entity $(bone_barrel) {transformation: [-0.5178f,-0.8464f,-0.1247f,-0.011f,-0.6299f,0.4757f,-0.614f,-0.0341f,0.579f,-0.2394f,-0.7794f,0.2521f,0f,0f,0f,1f],start_interpolation: 0,interpolation_duration: 1}
$data merge entity $(bone_magazine) {transformation: [0f,0f,0f,0.2432f,0f,0f,0f,-0.4124f,0f,0f,0f,0.2568f,0f,0f,0f,1f],start_interpolation: 0,interpolation_duration: 1}
$data merge entity $(bone_grip) {transformation: [-0.5178f,-0.8464f,-0.1247f,-0.0477f,-0.6299f,0.4757f,-0.614f,-0.2489f,0.579f,-0.2394f,-0.7794f,0.1745f,0f,0f,0f,1f],start_interpolation: 0,interpolation_duration: 1}
$data merge entity $(bone_trigger) {transformation: [-0.5178f,-0.8464f,-0.1247f,-0.0476f,-0.6299f,0.4757f,-0.614f,-0.228f,0.579f,-0.2394f,-0.7794f,0.1973f,0f,0f,0f,1f],start_interpolation: 0,interpolation_duration: 1}
$data merge entity $(bone_trigger_gaurd) {transformation: [-0.5178f,-0.8464f,-0.1247f,-0.068f,-0.6299f,0.4757f,-0.614f,-0.1944f,0.579f,-0.2394f,-0.7794f,0.2157f,0f,0f,0f,1f],start_interpolation: 0,interpolation_duration: 1}
$data merge entity $(bone_right_arm) {transformation: [-0.5178f,-0.1247f,0.8464f,-0.0937f,-0.6299f,-0.614f,-0.4757f,-0.4791f,0.579f,-0.7794f,0.2394f,-0.0577f,0f,0f,0f,1f],start_interpolation: 0,interpolation_duration: 1}
$data merge entity $(bone_magazine1) {transformation: [-0.5263f,-0.8488f,-0.0508f,0.0071f,-0.6261f,0.4273f,-0.6522f,-0.342f,0.5753f,-0.3115f,-0.7563f,0.1618f,0f,0f,0f,1f],start_interpolation: 0,interpolation_duration: 1}
$data merge entity $(bone_left_arm) {transformation: [-0.5263f,0.4764f,0.7043f,0.2719f,-0.6261f,-0.7776f,0.058f,-0.6347f,0.5753f,-0.4104f,0.7075f,0.0855f,0f,0f,0f,1f],start_interpolation: 0,interpolation_duration: 1}
data modify entity @s data merge value {"cameras":{},"locators":{"barrel1":{"px":-0.08091884319864556,"py":-0.0044926090661193685,"pz":0.4484849137317706,"ry":350.9128108921731,"rx":-37.87677986062943}}}