# This file was generated by Animated Java via MC-Build. It is not recommended to edit this file directly.
$data merge entity $(bone_slide) {transformation: [-0.5239f,-0.8426f,-0.1246f,-0.1424f,-0.6349f,0.4839f,-0.6023f,-0.0998f,0.5678f,-0.2364f,-0.7885f,0.2556f,0f,0f,0f,1f],start_interpolation: 0,interpolation_duration: 1}
$data merge entity $(bone_barrel) {transformation: [-0.5239f,-0.8426f,-0.1246f,-0.0099f,-0.6349f,0.4839f,-0.6023f,-0.0356f,0.5678f,-0.2364f,-0.7885f,0.257f,0f,0f,0f,1f],start_interpolation: 0,interpolation_duration: 1}
$data merge entity $(bone_magazine) {transformation: [0f,0f,0f,0.2422f,0f,0f,0f,-0.4154f,0f,0f,0f,0.2575f,0f,0f,0f,1f],start_interpolation: 0,interpolation_duration: 1}
$data merge entity $(bone_grip) {transformation: [-0.5239f,-0.8426f,-0.1246f,-0.0475f,-0.6349f,0.4839f,-0.6023f,-0.2491f,0.5678f,-0.2364f,-0.7885f,0.1762f,0f,0f,0f,1f],start_interpolation: 0,interpolation_duration: 1}
$data merge entity $(bone_trigger) {transformation: [-0.5239f,-0.8426f,-0.1246f,-0.0473f,-0.6349f,0.4839f,-0.6023f,-0.2285f,0.5678f,-0.2364f,-0.7885f,0.1993f,0f,0f,0f,1f],start_interpolation: 0,interpolation_duration: 1}
$data merge entity $(bone_trigger_gaurd) {transformation: [-0.5239f,-0.8426f,-0.1246f,-0.0676f,-0.6349f,0.4839f,-0.6023f,-0.195f,0.5678f,-0.2364f,-0.7885f,0.2181f,0f,0f,0f,1f],start_interpolation: 0,interpolation_duration: 1}
$data merge entity $(bone_right_arm) {transformation: [-0.5239f,-0.1246f,0.8426f,-0.0937f,-0.6349f,-0.6023f,-0.4839f,-0.4757f,0.5678f,-0.7885f,0.2364f,-0.0594f,0f,0f,0f,1f],start_interpolation: 0,interpolation_duration: 1}
$data merge entity $(bone_magazine1) {transformation: [-0.5263f,-0.8471f,-0.073f,-0.0184f,-0.6339f,0.4482f,-0.6304f,-0.3183f,0.5667f,-0.2855f,-0.7728f,0.161f,0f,0f,0f,1f],start_interpolation: 0,interpolation_duration: 1}
$data merge entity $(bone_left_arm) {transformation: [-0.5263f,0.4578f,0.7165f,0.2406f,-0.6339f,-0.7729f,0.0282f,-0.6126f,0.5667f,-0.4393f,0.697f,0.0724f,0f,0f,0f,1f],start_interpolation: 0,interpolation_duration: 1}
data modify entity @s data merge value {"cameras":{},"locators":{"barrel1":{"px":-0.08052281455563884,"py":-0.008355067551228279,"pz":0.4534570433142843,"ry":351.01937113061604,"rx":-37.03367378552801}}}