# This file was generated by Animated Java via MC-Build. It is not recommended to edit this file directly.
$data merge entity $(bone_slide) {transformation: [-0.5263f,-0.8411f,-0.1246f,-0.1421f,-0.6408f,0.4887f,-0.5921f,-0.1007f,0.5589f,-0.2318f,-0.7962f,0.2586f,0f,0f,0f,1f],start_interpolation: 0,interpolation_duration: 1}
$data merge entity $(bone_barrel) {transformation: [-0.5263f,-0.8411f,-0.1246f,-0.0095f,-0.6408f,0.4887f,-0.5921f,-0.0368f,0.5589f,-0.2318f,-0.7962f,0.261f,0f,0f,0f,1f],start_interpolation: 0,interpolation_duration: 1}
$data merge entity $(bone_magazine) {transformation: [0f,0f,0f,0.2418f,0f,0f,0f,-0.4172f,0f,0f,0f,0.2572f,0f,0f,0f,1f],start_interpolation: 0,interpolation_duration: 1}
$data merge entity $(bone_grip) {transformation: [-0.5263f,-0.8411f,-0.1246f,-0.0474f,-0.6408f,0.4887f,-0.5921f,-0.2492f,0.5589f,-0.2318f,-0.7962f,0.1775f,0f,0f,0f,1f],start_interpolation: 0,interpolation_duration: 1}
$data merge entity $(bone_trigger) {transformation: [-0.5263f,-0.8411f,-0.1246f,-0.0472f,-0.6408f,0.4887f,-0.5921f,-0.2289f,0.5589f,-0.2318f,-0.7962f,0.2009f,0f,0f,0f,1f],start_interpolation: 0,interpolation_duration: 1}
$data merge entity $(bone_trigger_gaurd) {transformation: [-0.5263f,-0.8411f,-0.1246f,-0.0675f,-0.6408f,0.4887f,-0.5921f,-0.1956f,0.5589f,-0.2318f,-0.7962f,0.22f,0f,0f,0f,1f],start_interpolation: 0,interpolation_duration: 1}
$data merge entity $(bone_right_arm) {transformation: [-0.5263f,-0.1246f,0.8411f,-0.0937f,-0.6408f,-0.5921f,-0.4887f,-0.4728f,0.5589f,-0.7962f,0.2318f,-0.061f,0f,0f,0f,1f],start_interpolation: 0,interpolation_duration: 1}
$data merge entity $(bone_magazine1) {transformation: [-0.5263f,-0.8449f,-0.0952f,-0.0437f,-0.6408f,0.4678f,-0.6088f,-0.2947f,0.5589f,-0.2594f,-0.7876f,0.1608f,0f,0f,0f,1f],start_interpolation: 0,interpolation_duration: 1}
$data merge entity $(bone_left_arm) {transformation: [-0.5263f,0.4388f,0.7283f,0.2094f,-0.6408f,-0.7677f,-0.0005f,-0.5904f,0.5589f,-0.4669f,0.6853f,0.0602f,0f,0f,0f,1f],start_interpolation: 0,interpolation_duration: 1}
data modify entity @s data merge value {"cameras":{},"locators":{"barrel1":{"px":-0.08036891298814103,"py":-0.011875789344656218,"pz":0.4576657271350473,"ry":351.1061720316226,"rx":-36.30717786938086}}}