# This file was generated by Animated Java via MC-Build. It is not recommended to edit this file directly.
$data merge entity $(bone_slide) {transformation: [-0.4792f,-0.8697f,-0.1187f,-0.1507f,-0.709f,0.4632f,-0.5317f,-0.107f,0.5174f,-0.1706f,-0.8386f,0.2781f,0f,0f,0f,1f],start_interpolation: 0,interpolation_duration: 1}
$data merge entity $(bone_barrel) {transformation: [-0.4792f,-0.8697f,-0.1187f,-0.0213f,-0.709f,0.4632f,-0.5317f,-0.0371f,0.5174f,-0.1706f,-0.8386f,0.2825f,0f,0f,0f,1f],start_interpolation: 0,interpolation_duration: 1}
$data merge entity $(bone_magazine) {transformation: [0f,0f,0f,0.2476f,0f,0f,0f,-0.4029f,0f,0f,0f,0.2415f,0f,0f,0f,1f],start_interpolation: 0,interpolation_duration: 1}
$data merge entity $(bone_grip) {transformation: [-0.4792f,-0.8697f,-0.1187f,-0.0514f,-0.709f,0.4632f,-0.5317f,-0.2437f,0.5174f,-0.1706f,-0.8386f,0.1829f,0f,0f,0f,1f],start_interpolation: 0,interpolation_duration: 1}
$data merge entity $(bone_trigger) {transformation: [-0.4792f,-0.8697f,-0.1187f,-0.0515f,-0.709f,0.4632f,-0.5317f,-0.2254f,0.5174f,-0.1706f,-0.8386f,0.2078f,0f,0f,0f,1f],start_interpolation: 0,interpolation_duration: 1}
$data merge entity $(bone_trigger_gaurd) {transformation: [-0.4792f,-0.8697f,-0.1187f,-0.0728f,-0.709f,0.4632f,-0.5317f,-0.1948f,0.5174f,-0.1706f,-0.8386f,0.2301f,0f,0f,0f,1f],start_interpolation: 0,interpolation_duration: 1}
$data merge entity $(bone_right_arm) {transformation: [-0.4792f,-0.1187f,0.8697f,-0.0937f,-0.709f,-0.5317f,-0.4632f,-0.4494f,0.5174f,-0.8386f,0.1706f,-0.0719f,0f,0f,0f,1f],start_interpolation: 0,interpolation_duration: 1}
$data merge entity $(bone_magazine1) {transformation: [-0.531f,-0.8409f,-0.105f,-0.0482f,-0.6826f,0.4979f,-0.5349f,-0.2868f,0.5021f,-0.2124f,-0.8383f,0.1643f,0f,0f,0f,1f],start_interpolation: -1,interpolation_duration: 0}
$data merge entity $(bone_left_arm) {transformation: [-0.531f,0.4286f,0.731f,0.2013f,-0.6826f,-0.7275f,-0.0693f,-0.5749f,0.5021f,-0.5358f,0.6788f,0.0364f,0f,0f,0f,1f],start_interpolation: 0,interpolation_duration: 1}
data modify entity @s data merge value {"cameras":{},"locators":{"barrel1":{"px":-0.08770250770792502,"py":-0.031566067237316725,"pz":0.4821820720774923,"ry":351.9447184439654,"rx":-32.12298344441732}}}