# This file was generated by Animated Java via MC-Build. It is not recommended to edit this file directly.
$data merge entity $(bone_slide) {transformation: [-0.4313f,-0.8954f,-0.1108f,-0.1599f,-0.7643f,0.4279f,-0.4825f,-0.1131f,0.4794f,-0.1234f,-0.8689f,0.2932f,0f,0f,0f,1f],start_interpolation: 0,interpolation_duration: 1}
$data merge entity $(bone_barrel) {transformation: [-0.4313f,-0.8954f,-0.1108f,-0.034f,-0.7643f,0.4279f,-0.4825f,-0.037f,0.4794f,-0.1234f,-0.8689f,0.2997f,0f,0f,0f,1f],start_interpolation: 0,interpolation_duration: 1}
$data merge entity $(bone_magazine) {transformation: [0f,0f,0f,0.2518f,0f,0f,0f,-0.3852f,0f,0f,0f,0.2299f,0f,0f,0f,1f],start_interpolation: 0,interpolation_duration: 1}
$data merge entity $(bone_grip) {transformation: [-0.4313f,-0.8954f,-0.1108f,-0.056f,-0.7643f,0.4279f,-0.4825f,-0.2381f,0.4794f,-0.1234f,-0.8689f,0.1874f,0f,0f,0f,1f],start_interpolation: 0,interpolation_duration: 1}
$data merge entity $(bone_trigger) {transformation: [-0.4313f,-0.8954f,-0.1108f,-0.0565f,-0.7643f,0.4279f,-0.4825f,-0.2215f,0.4794f,-0.1234f,-0.8689f,0.2135f,0f,0f,0f,1f],start_interpolation: 0,interpolation_duration: 1}
$data merge entity $(bone_trigger_gaurd) {transformation: [-0.4313f,-0.8954f,-0.1108f,-0.0788f,-0.7643f,0.4279f,-0.4825f,-0.1934f,0.4794f,-0.1234f,-0.8689f,0.2381f,0f,0f,0f,1f],start_interpolation: 0,interpolation_duration: 1}
$data merge entity $(bone_right_arm) {transformation: [-0.4313f,-0.1108f,0.8954f,-0.0937f,-0.7643f,-0.4825f,-0.4279f,-0.429f,0.4794f,-0.8689f,0.1234f,-0.0793f,0f,0f,0f,1f],start_interpolation: 0,interpolation_duration: 1}
$data merge entity $(bone_magazine1) {transformation: [0f,0f,0f,-0.0471f,0f,0f,0f,-0.2844f,0f,0f,0f,0.1674f,0f,0f,0f,1f],start_interpolation: 0,interpolation_duration: 1}
$data merge entity $(bone_left_arm) {transformation: [-0.5355f,0.4225f,0.7313f,0.2001f,-0.7127f,-0.6907f,-0.1228f,-0.5646f,0.4532f,-0.5869f,0.6709f,0.0189f,0f,0f,0f,1f],start_interpolation: 0,interpolation_duration: 1}
$execute on vehicle unless entity @s[tag=aj.transforms_only] as $(locator_barrel1) positioned ^-0.0961242995 ^-0.0476686582 ^0.5005279998 rotated ~352.7328111328 ~-28.8481394039 run function animated_java:glock/animations/reload_empty/zzz/frames/34_locator_barrel1
data modify entity @s data merge value {"cameras":{},"locators":{"barrel1":{"px":-0.09612429945766207,"py":-0.04766865824971761,"pz":0.5005279998269062,"ry":352.73281113276596,"rx":-28.848139403855274}}}