# This file was generated by Animated Java via MC-Build. It is not recommended to edit this file directly.
$data merge entity $(bone_slide) {transformation: [-0.5263f,-0.8411f,-0.1246f,-0.1421f,-0.7483f,0.5278f,-0.4018f,-0.1251f,0.4037f,-0.1183f,-0.9072f,0.3111f,0f,0f,0f,1f],start_interpolation: 0,interpolation_duration: 1}
$data merge entity $(bone_barrel) {transformation: [-0.5263f,-0.8411f,-0.1246f,-0.0095f,-0.7483f,0.5278f,-0.4018f,-0.0634f,0.4037f,-0.1183f,-0.9072f,0.3276f,0f,0f,0f,1f],start_interpolation: 0,interpolation_duration: 1}
$data merge entity $(bone_magazine) {transformation: [0f,0f,0f,0.2418f,0f,0f,0f,-0.4335f,0f,0f,0f,0.2399f,0f,0f,0f,1f],start_interpolation: 0,interpolation_duration: 1}
$data merge entity $(bone_grip) {transformation: [-0.5263f,-0.8411f,-0.1246f,-0.0474f,-0.7483f,0.5278f,-0.4018f,-0.2521f,0.4037f,-0.1183f,-0.9072f,0.1993f,0f,0f,0f,1f],start_interpolation: 0,interpolation_duration: 1}
$data merge entity $(bone_trigger) {transformation: [-0.5263f,-0.8411f,-0.1246f,-0.0472f,-0.7483f,0.5278f,-0.4018f,-0.2375f,0.4037f,-0.1183f,-0.9072f,0.2265f,0f,0f,0f,1f],start_interpolation: 0,interpolation_duration: 1}
$data merge entity $(bone_trigger_gaurd) {transformation: [-0.5263f,-0.8411f,-0.1246f,-0.0675f,-0.7483f,0.5278f,-0.4018f,-0.2092f,0.4037f,-0.1183f,-0.9072f,0.2526f,0f,0f,0f,1f],start_interpolation: 0,interpolation_duration: 1}
$data merge entity $(bone_right_arm) {transformation: [-0.5263f,-0.1246f,0.8411f,-0.0937f,-0.7483f,-0.4018f,-0.5278f,-0.4175f,0.4037f,-0.9072f,0.1183f,-0.0827f,0f,0f,0f,1f],start_interpolation: 0,interpolation_duration: 1}
$data merge entity $(bone_magazine1) {transformation: [0f,0f,0f,-0.0437f,0f,0f,0f,-0.2928f,0f,0f,0f,0.1729f,0f,0f,0f,1f],start_interpolation: -1,interpolation_duration: 0}
$data merge entity $(bone_left_arm) {transformation: [-0.5263f,0.4388f,0.7283f,0.2094f,-0.7483f,-0.6457f,-0.1517f,-0.559f,0.4037f,-0.6249f,0.6683f,0.0096f,0f,0f,0f,1f],start_interpolation: 0,interpolation_duration: 1}
data modify entity @s data merge value {"cameras":{},"locators":{"barrel1":{"px":-0.08036891298814106,"py":-0.08245075742287913,"pz":0.524886326672978,"ry":352.18042807329755,"rx":-23.690904733550145}}}