# This file was generated by Animated Java via MC-Build. It is not recommended to edit this file directly.
$data merge entity $(bone_slide) {transformation: [-0.6475f,-0.7507f,-0.1315f,-0.1213f,-0.6775f,0.646f,-0.3517f,-0.1337f,0.349f,-0.1386f,-0.9268f,0.3184f,0f,0f,0f,1f],start_interpolation: 0,interpolation_duration: 1}
$data merge entity $(bone_barrel) {transformation: [-0.6475f,-0.7507f,-0.1315f,0.0177f,-0.6775f,0.646f,-0.3517f,-0.0921f,0.349f,-0.1386f,-0.9268f,0.3436f,0f,0f,0f,1f],start_interpolation: 0,interpolation_duration: 1}
$data merge entity $(bone_magazine) {transformation: [0f,0f,0f,0.2185f,0f,0f,0f,-0.4915f,0f,0f,0f,0.2542f,0f,0f,0f,1f],start_interpolation: 0,interpolation_duration: 1}
$data merge entity $(bone_grip) {transformation: [-0.6475f,-0.7507f,-0.1315f,-0.0396f,-0.6775f,0.646f,-0.3517f,-0.2694f,0.349f,-0.1386f,-0.9268f,0.2065f,0f,0f,0f,1f],start_interpolation: 0,interpolation_duration: 1}
$data merge entity $(bone_trigger) {transformation: [-0.6475f,-0.7507f,-0.1315f,-0.0388f,-0.6775f,0.646f,-0.3517f,-0.2558f,0.349f,-0.1386f,-0.9268f,0.2343f,0f,0f,0f,1f],start_interpolation: 0,interpolation_duration: 1}
$data merge entity $(bone_trigger_gaurd) {transformation: [-0.6475f,-0.7507f,-0.1315f,-0.0562f,-0.6775f,0.646f,-0.3517f,-0.2258f,0.349f,-0.1386f,-0.9268f,0.2604f,0f,0f,0f,1f],start_interpolation: 0,interpolation_duration: 1}
$data merge entity $(bone_right_arm) {transformation: [-0.6475f,-0.1315f,0.7507f,-0.0937f,-0.6775f,-0.3517f,-0.646f,-0.4178f,0.349f,-0.9268f,0.1386f,-0.0835f,0f,0f,0f,1f],start_interpolation: 0,interpolation_duration: 1}
$data merge entity $(bone_magazine1) {transformation: [0f,0f,0f,-0.0383f,0f,0f,0f,-0.3162f,0f,0f,0f,0.1841f,0f,0f,0f,1f],start_interpolation: 0,interpolation_duration: 1}
$data merge entity $(bone_left_arm) {transformation: [-0.4954f,0.474f,0.7279f,0.2283f,-0.7931f,-0.5886f,-0.1565f,-0.5609f,0.3543f,-0.6549f,0.6675f,0.0091f,0f,0f,0f,1f],start_interpolation: 0,interpolation_duration: 1}
data modify entity @s data merge value {"cameras":{},"locators":{"barrel1":{"px":-0.06560282535178139,"py":-0.1069283917113845,"pz":0.5363733971984718,"ry":351.922584890227,"rx":-20.59355175147348}}}