# This file was generated by Animated Java via MC-Build. It is not recommended to edit this file directly.
$data merge entity $(bone_slide) {transformation: [-0.8004f,-0.5867f,-0.1231f,-0.0956f,-0.5305f,0.7888f,-0.3104f,-0.1416f,0.2792f,-0.1832f,-0.9426f,0.321f,0f,0f,0f,1f],start_interpolation: 0,interpolation_duration: 1}
$data merge entity $(bone_barrel) {transformation: [-0.8004f,-0.5867f,-0.1231f,0.0463f,-0.5305f,0.7888f,-0.3104f,-0.13f,0.2792f,-0.1832f,-0.9426f,0.3583f,0f,0f,0f,1f],start_interpolation: 0,interpolation_duration: 1}
$data merge entity $(bone_magazine) {transformation: [0f,0f,0f,0.167f,0f,0f,0f,-0.5618f,0f,0f,0f,0.2757f,0f,0f,0f,1f],start_interpolation: 0,interpolation_duration: 1}
$data merge entity $(bone_grip) {transformation: [-0.8004f,-0.5867f,-0.1231f,-0.0346f,-0.5305f,0.7888f,-0.3104f,-0.2906f,0.2792f,-0.1832f,-0.9426f,0.2128f,0f,0f,0f,1f],start_interpolation: 0,interpolation_duration: 1}
$data merge entity $(bone_trigger) {transformation: [-0.8004f,-0.5867f,-0.1231f,-0.0334f,-0.5305f,0.7888f,-0.3104f,-0.2777f,0.2792f,-0.1832f,-0.9426f,0.2408f,0f,0f,0f,1f],start_interpolation: 0,interpolation_duration: 1}
$data merge entity $(bone_trigger_gaurd) {transformation: [-0.8004f,-0.5867f,-0.1231f,-0.0464f,-0.5305f,0.7888f,-0.3104f,-0.2448f,0.2792f,-0.1832f,-0.9426f,0.2661f,0f,0f,0f,1f],start_interpolation: 0,interpolation_duration: 1}
$data merge entity $(bone_right_arm) {transformation: [-0.8004f,-0.1231f,0.5867f,-0.0937f,-0.5305f,-0.3104f,-0.7888f,-0.4225f,0.2792f,-0.9426f,0.1832f,-0.0841f,0f,0f,0f,1f],start_interpolation: 0,interpolation_duration: 1}
$data merge entity $(bone_magazine1) {transformation: [0f,0f,0f,-0.0281f,0f,0f,0f,-0.354f,0f,0f,0f,0.2008f,0f,0f,0f,1f],start_interpolation: 0,interpolation_duration: 1}
$data merge entity $(bone_left_arm) {transformation: [-0.4404f,0.5173f,0.7338f,0.2559f,-0.8485f,-0.5068f,-0.152f,-0.5668f,0.2933f,-0.6896f,0.6621f,0.0118f,0f,0f,0f,1f],start_interpolation: 0,interpolation_duration: 1}
data modify entity @s data merge value {"cameras":{},"locators":{"barrel1":{"px":-0.054116511464028724,"py":-0.12846965104907784,"pz":0.5432812428090119,"ry":352.5595329110845,"rx":-18.08569071110131}}}