# This file was generated by Animated Java via MC-Build. It is not recommended to edit this file directly.
$data merge entity $(bone_slide) {transformation: [-0.9319f,-0.3494f,-0.0972f,-0.068f,-0.3071f,0.9029f,-0.3007f,-0.1444f,0.1928f,-0.2503f,-0.9488f,0.3165f,0f,0f,0f,1f],start_interpolation: 0,interpolation_duration: 1}
$data merge entity $(bone_barrel) {transformation: [-0.9319f,-0.3494f,-0.0972f,0.0677f,-0.3071f,0.9029f,-0.3007f,-0.167f,0.1928f,-0.2503f,-0.9488f,0.369f,0f,0f,0f,1f],start_interpolation: 0,interpolation_duration: 1}
$data merge entity $(bone_magazine) {transformation: [0f,0f,0f,0.0851f,0f,0f,0f,-0.6176f,0f,0f,0f,0.3025f,0f,0f,0f,1f],start_interpolation: 0,interpolation_duration: 1}
$data merge entity $(bone_grip) {transformation: [-0.9319f,-0.3494f,-0.0972f,-0.035f,-0.3071f,0.9029f,-0.3007f,-0.3072f,0.1928f,-0.2503f,-0.9488f,0.2164f,0f,0f,0f,1f],start_interpolation: 0,interpolation_duration: 1}
$data merge entity $(bone_trigger) {transformation: [-0.9319f,-0.3494f,-0.0972f,-0.0336f,-0.3071f,0.9029f,-0.3007f,-0.294f,0.1928f,-0.2503f,-0.9488f,0.2444f,0f,0f,0f,1f],start_interpolation: 0,interpolation_duration: 1}
$data merge entity $(bone_trigger_gaurd) {transformation: [-0.9319f,-0.3494f,-0.0972f,-0.0405f,-0.3071f,0.9029f,-0.3007f,-0.2582f,0.1928f,-0.2503f,-0.9488f,0.2679f,0f,0f,0f,1f],start_interpolation: 0,interpolation_duration: 1}
$data merge entity $(bone_right_arm) {transformation: [-0.9319f,-0.0972f,0.3494f,-0.0937f,-0.3071f,-0.3007f,-0.9029f,-0.4299f,0.1928f,-0.9488f,0.2503f,-0.0844f,0f,0f,0f,1f],start_interpolation: 0,interpolation_duration: 1}
$data merge entity $(bone_magazine1) {transformation: [0f,0f,0f,-0.0159f,0f,0f,0f,-0.39f,0f,0f,0f,0.2143f,0f,0f,0f,1f],start_interpolation: 0,interpolation_duration: 1}
$data merge entity $(bone_left_arm) {transformation: [-0.3797f,0.5562f,0.7392f,0.2836f,-0.8926f,-0.4302f,-0.1348f,-0.5712f,0.2431f,-0.711f,0.6598f,0.0167f,0f,0f,0f,1f],start_interpolation: 0,interpolation_duration: 1}
data modify entity @s data merge value {"cameras":{},"locators":{"barrel1":{"px":-0.04800178397123841,"py":-0.1347063689872207,"pz":0.5419555080465223,"ry":354.1480225228528,"rx":-17.496969591608536}}}