# This file was generated by Animated Java via MC-Build. It is not recommended to edit this file directly.
$data merge entity $(bone_slide) {transformation: [-0.9952f,-0.0669f,-0.0712f,-0.0361f,-0.0395f,0.942f,-0.3332f,-0.1409f,0.0894f,-0.3288f,-0.9402f,0.3044f,0f,0f,0f,1f],start_interpolation: 0,interpolation_duration: 1}
$data merge entity $(bone_barrel) {transformation: [-0.9952f,-0.0669f,-0.0712f,0.0822f,-0.0395f,0.942f,-0.3332f,-0.194f,0.0894f,-0.3288f,-0.9402f,0.3741f,0f,0f,0f,1f],start_interpolation: 0,interpolation_duration: 1}
$data merge entity $(bone_magazine) {transformation: [0f,0f,0f,-0.0142f,0f,0f,0f,-0.6373f,0f,0f,0f,0.329f,0f,0f,0f,1f],start_interpolation: 0,interpolation_duration: 1}
$data merge entity $(bone_grip) {transformation: [-0.9952f,-0.0669f,-0.0712f,-0.0372f,-0.0395f,0.942f,-0.3332f,-0.3135f,0.0894f,-0.3288f,-0.9402f,0.216f,0f,0f,0f,1f],start_interpolation: 0,interpolation_duration: 1}
$data merge entity $(bone_trigger) {transformation: [-0.9952f,-0.0669f,-0.0712f,-0.0353f,-0.0395f,0.942f,-0.3332f,-0.2992f,0.0894f,-0.3288f,-0.9402f,0.2433f,0f,0f,0f,1f],start_interpolation: 0,interpolation_duration: 1}
$data merge entity $(bone_trigger_gaurd) {transformation: [-0.9952f,-0.0669f,-0.0712f,-0.0349f,-0.0395f,0.942f,-0.3332f,-0.2611f,0.0894f,-0.3288f,-0.9402f,0.2643f,0f,0f,0f,1f],start_interpolation: 0,interpolation_duration: 1}
$data merge entity $(bone_right_arm) {transformation: [-0.9952f,-0.0712f,0.0669f,-0.0937f,-0.0395f,-0.3332f,-0.942f,-0.4383f,0.0894f,-0.9402f,0.3288f,-0.0844f,0f,0f,0f,1f],start_interpolation: 0,interpolation_duration: 1}
$data merge entity $(bone_magazine1) {transformation: [0f,0f,0f,-0.0091f,0f,0f,0f,-0.404f,0f,0f,0f,0.2147f,0f,0f,0f,1f],start_interpolation: 0,interpolation_duration: 1}
$data merge entity $(bone_left_arm) {transformation: [-0.3445f,0.5924f,0.7283f,0.3031f,-0.9116f,-0.3965f,-0.1087f,-0.5692f,0.2244f,-0.7013f,0.6766f,0.0228f,0f,0f,0f,1f],start_interpolation: 0,interpolation_duration: 1}
data modify entity @s data merge value {"cameras":{},"locators":{"barrel1":{"px":-0.03861686945326784,"py":-0.120344947455538,"pz":0.5299748867703056,"ry":355.6678149009816,"rx":-19.465153267133452}}}