# This file was generated by Animated Java via MC-Build. It is not recommended to edit this file directly.
$data merge entity $(bone_slide) {transformation: [-0.9296f,-0.3469f,-0.1246f,-0.0549f,-0.1137f,0.5914f,-0.7983f,-0.0733f,0.3506f,-0.728f,-0.5892f,0.1273f,0f,0f,0f,1f],start_interpolation: 0,interpolation_duration: 1}
$data merge entity $(bone_barrel) {transformation: [-0.9296f,-0.3469f,-0.1246f,0.0819f,-0.1137f,0.5914f,-0.7983f,-0.0639f,0.3506f,-0.728f,-0.5892f,0.181f,0f,0f,0f,1f],start_interpolation: 0,interpolation_duration: 1}
$data merge entity $(bone_magazine) {transformation: [-0.9296f,-0.3469f,-0.1246f,-0.0261f,-0.1137f,0.5914f,-0.7983f,-0.2646f,0.3506f,-0.728f,-0.5892f,0.1416f,0f,0f,0f,1f],start_interpolation: 0,interpolation_duration: 1}
$data merge entity $(bone_grip) {transformation: [-0.9296f,-0.3469f,-0.1246f,-0.0261f,-0.1137f,0.5914f,-0.7983f,-0.2646f,0.3506f,-0.728f,-0.5892f,0.1416f,0f,0f,0f,1f],start_interpolation: 0,interpolation_duration: 1}
$data merge entity $(bone_trigger) {transformation: [-0.9296f,-0.3469f,-0.1246f,-0.0238f,-0.1137f,0.5914f,-0.7983f,-0.2376f,0.3506f,-0.728f,-0.5892f,0.1564f,0f,0f,0f,1f],start_interpolation: 0,interpolation_duration: 1}
$data merge entity $(bone_trigger_gaurd) {transformation: [-0.9296f,-0.3469f,-0.1246f,-0.0298f,-0.1137f,0.5914f,-0.7983f,-0.1946f,0.3506f,-0.728f,-0.5892f,0.1545f,0f,0f,0f,1f],start_interpolation: 0,interpolation_duration: 1}
$data merge entity $(bone_right_arm) {transformation: [-0.9296f,-0.1246f,0.3469f,-0.0937f,-0.1137f,-0.7983f,-0.5914f,-0.5392f,0.3506f,-0.5892f,0.728f,-0.0287f,0f,0f,0f,1f],start_interpolation: 0,interpolation_duration: 1}
$data merge entity $(bone_magazine1) {transformation: [-0.2783f,-0.058f,-0.0286f,0.1246f,-0.0526f,0.1294f,0.2492f,-0.5631f,-0.0377f,0.248f,-0.1368f,0.3359f,0f,0f,0f,1f],start_interpolation: 0,interpolation_duration: 1}
$data merge entity $(bone_left_arm) {transformation: [-0.974f,-0.0038f,0.2263f,0.1492f,-0.184f,0.596f,-0.7816f,-0.4239f,-0.1319f,-0.803f,-0.5813f,-0.0404f,0f,0f,0f,1f],start_interpolation: 0,interpolation_duration: 1}
data modify entity @s data merge value {"cameras":{},"locators":{"barrel1":{"px":-0.02899438828331198,"py":0.06647753649323263,"pz":0.30368210134635665,"ry":348.05980442405576,"rx":-52.97282145778862}}}
execute on vehicle unless entity @s[tag=aj.transforms_only] at @s run function animated_java:glock/animations/reload_empty/zzz/frames/4_root_function