# This file was generated by Animated Java via MC-Build. It is not recommended to edit this file directly.
$data merge entity $(bone_slide) {transformation: [-0.8173f,0.5625f,-0.1246f,0.0762f,0.5418f,0.6769f,-0.4981f,-0.1369f,-0.1959f,-0.4747f,-0.8581f,0.255f,0f,0f,0f,1f],start_interpolation: 0,interpolation_duration: 1}
$data merge entity $(bone_barrel) {transformation: [-0.8173f,0.5625f,-0.1246f,0.1271f,0.5418f,0.6769f,-0.4981f,-0.223f,-0.1959f,-0.4747f,-0.8581f,0.3631f,0f,0f,0f,1f],start_interpolation: 0,interpolation_duration: 1}
$data merge entity $(bone_magazine) {transformation: [0f,0f,0f,-0.2097f,0f,0f,0f,-0.5301f,0f,0f,0f,0.3608f,0f,0f,0f,1f],start_interpolation: 0,interpolation_duration: 1}
$data merge entity $(bone_grip) {transformation: [-0.8173f,0.5625f,-0.1246f,-0.0164f,0.5418f,0.6769f,-0.4981f,-0.2974f,-0.1959f,-0.4747f,-0.8581f,0.1976f,0f,0f,0f,1f],start_interpolation: 0,interpolation_duration: 1}
$data merge entity $(bone_trigger) {transformation: [-0.8173f,0.5625f,-0.1246f,-0.0101f,0.5418f,0.6769f,-0.4981f,-0.2792f,-0.1959f,-0.4747f,-0.8581f,0.2218f,0f,0f,0f,1f],start_interpolation: 0,interpolation_duration: 1}
$data merge entity $(bone_trigger_gaurd) {transformation: [-0.8173f,0.5625f,-0.1246f,0.0102f,0.5418f,0.6769f,-0.4981f,-0.2435f,-0.1959f,-0.4747f,-0.8581f,0.2359f,0f,0f,0f,1f],start_interpolation: 0,interpolation_duration: 1}
$data merge entity $(bone_right_arm) {transformation: [-0.8173f,-0.1246f,-0.5625f,-0.0937f,0.5418f,-0.4981f,-0.6769f,-0.4523f,-0.1959f,-0.8581f,0.4747f,-0.0835f,0f,0f,0f,1f],start_interpolation: 0,interpolation_duration: 1}
$data merge entity $(bone_magazine1) {transformation: [0f,0f,0f,-0.0288f,0f,0f,0f,-0.2741f,0f,0f,0f,0.0685f,0f,0f,0f,1f],start_interpolation: 0,interpolation_duration: 1}
$data merge entity $(bone_left_arm) {transformation: [-0.4792f,0.7337f,0.4818f,0.3094f,-0.8124f,-0.5785f,0.0729f,-0.4884f,0.3322f,-0.3565f,0.8733f,0.0321f,0f,0f,0f,1f],start_interpolation: 0,interpolation_duration: 1}
data modify entity @s data merge value {"cameras":{},"locators":{"barrel1":{"px":0.054858356091648956,"py":-0.053135003312645535,"pz":0.4643669370886882,"ry":351.73888680269374,"rx":-29.8771564232912}}}