# This file was generated by Animated Java via MC-Build. It is not recommended to edit this file directly.
$data merge entity $(bone_slide) {transformation: [-0.7299f,0.6603f,-0.177f,0.1117f,0.6365f,0.5619f,-0.5284f,-0.1424f,-0.2494f,-0.4983f,-0.8303f,0.2379f,0f,0f,0f,1f],start_interpolation: 0,interpolation_duration: 1}
$data merge entity $(bone_barrel) {transformation: [-0.7299f,0.6603f,-0.177f,0.1487f,0.6365f,0.5619f,-0.5284f,-0.2259f,-0.2494f,-0.4983f,-0.8303f,0.3551f,0f,0f,0f,1f],start_interpolation: 0,interpolation_duration: 1}
$data merge entity $(bone_magazine) {transformation: [0f,0f,0f,-0.2277f,0f,0f,0f,-0.483f,0f,0f,0f,0.3618f,0f,0f,0f,1f],start_interpolation: 0,interpolation_duration: 1}
$data merge entity $(bone_grip) {transformation: [-0.7299f,0.6603f,-0.177f,-0.0007f,0.6365f,0.5619f,-0.5284f,-0.2899f,-0.2494f,-0.4983f,-0.8303f,0.1905f,0f,0f,0f,1f],start_interpolation: 0,interpolation_duration: 1}
$data merge entity $(bone_trigger) {transformation: [-0.7299f,0.6603f,-0.177f,0.0076f,0.6365f,0.5619f,-0.5284f,-0.2712f,-0.2494f,-0.4983f,-0.8303f,0.2137f,0f,0f,0f,1f],start_interpolation: 0,interpolation_duration: 1}
$data merge entity $(bone_trigger_gaurd) {transformation: [-0.7299f,0.6603f,-0.177f,0.0324f,0.6365f,0.5619f,-0.5284f,-0.2379f,-0.2494f,-0.4983f,-0.8303f,0.2263f,0f,0f,0f,1f],start_interpolation: 0,interpolation_duration: 1}
$data merge entity $(bone_right_arm) {transformation: [-0.7299f,-0.177f,-0.6603f,-0.0937f,0.6365f,-0.5284f,-0.5619f,-0.4497f,-0.2494f,-0.8303f,0.4983f,-0.083f,0f,0f,0f,1f],start_interpolation: 0,interpolation_duration: 1}
$data merge entity $(bone_magazine1) {transformation: [0f,0f,0f,-0.0278f,0f,0f,0f,-0.2816f,0f,0f,0f,0.0419f,0f,0f,0f,1f],start_interpolation: 0,interpolation_duration: 1}
$data merge entity $(bone_left_arm) {transformation: [-0.4658f,0.7654f,0.444f,0.3182f,-0.8096f,-0.5711f,0.1352f,-0.4859f,0.3571f,-0.2965f,0.8858f,0.0301f,0f,0f,0f,1f],start_interpolation: 0,interpolation_duration: 1}
data modify entity @s data merge value {"cameras":{},"locators":{"barrel1":{"px":0.09898407937019171,"py":-0.041754973185639366,"pz":0.4442524966693604,"ry":347.9642727581512,"rx":-31.89736818697873}}}
execute on vehicle unless entity @s[tag=aj.transforms_only] at @s run function animated_java:glock/animations/reload_empty/zzz/frames/43_root_function