# This file was generated by Animated Java via MC-Build. It is not recommended to edit this file directly.
$data merge entity $(bone_slide) {transformation: [-0.8173f,0.5625f,-0.1246f,0.0833f,0.5431f,0.68f,-0.4926f,-0.1029f,-0.1924f,-0.4703f,-0.8613f,0.314f,0f,0f,0f,1f],start_interpolation: 0,interpolation_duration: 1}
$data merge entity $(bone_barrel) {transformation: [-0.8173f,0.5625f,-0.1246f,0.1271f,0.5431f,0.68f,-0.4926f,-0.2173f,-0.1924f,-0.4703f,-0.8613f,0.3731f,0f,0f,0f,1f],start_interpolation: 0,interpolation_duration: 1}
$data merge entity $(bone_magazine) {transformation: [0f,0f,0f,-0.2097f,0f,0f,0f,-0.5244f,0f,0f,0f,0.3688f,0f,0f,0f,1f],start_interpolation: 0,interpolation_duration: 1}
$data merge entity $(bone_grip) {transformation: [-0.8173f,0.5625f,-0.1246f,-0.0164f,0.5431f,0.68f,-0.4926f,-0.2906f,-0.1924f,-0.4703f,-0.8613f,0.2071f,0f,0f,0f,1f],start_interpolation: 0,interpolation_duration: 1}
$data merge entity $(bone_trigger) {transformation: [-0.8173f,0.5625f,-0.1246f,-0.0101f,0.5431f,0.68f,-0.4926f,-0.2726f,-0.1924f,-0.4703f,-0.8613f,0.2314f,0f,0f,0f,1f],start_interpolation: 0,interpolation_duration: 1}
$data merge entity $(bone_trigger_gaurd) {transformation: [-0.8173f,0.5625f,-0.1246f,0.0102f,0.5431f,0.68f,-0.4926f,-0.237f,-0.1924f,-0.4703f,-0.8613f,0.2458f,0f,0f,0f,1f],start_interpolation: 0,interpolation_duration: 1}
$data merge entity $(bone_right_arm) {transformation: [-0.8173f,-0.1246f,-0.5625f,-0.0937f,0.5431f,-0.4926f,-0.68f,-0.4437f,-0.1924f,-0.8613f,0.4703f,-0.075f,0f,0f,0f,1f],start_interpolation: 0,interpolation_duration: 1}
$data merge entity $(bone_magazine1) {transformation: [0f,0f,0f,-0.0288f,0f,0f,0f,-0.2734f,0f,0f,0f,0.069f,0f,0f,0f,1f],start_interpolation: 0,interpolation_duration: 1}
$data merge entity $(bone_left_arm) {transformation: [-0.4792f,0.7337f,0.4818f,0.3094f,-0.8146f,-0.5762f,0.0673f,-0.4875f,0.3269f,-0.3602f,0.8737f,0.0313f,0f,0f,0f,1f],start_interpolation: 0,interpolation_duration: 1}
$execute on vehicle unless entity @s[tag=aj.transforms_only] as $(locator_barrel1) positioned ^0.0548583561 ^-0.0481087653 ^0.4754408528 rotated ~351.7689456833 ~-29.5134558969 run function animated_java:glock/animations/reload_empty/zzz/frames/45_locator_barrel1
data modify entity @s data merge value {"cameras":{},"locators":{"barrel1":{"px":0.054858356091648956,"py":-0.048108765337501996,"pz":0.47544085280298,"ry":351.76894568332705,"rx":-29.513455896914476}}}
execute on vehicle unless entity @s[tag=aj.transforms_only] at @s run function animated_java:glock/animations/reload_empty/zzz/frames/45_root_function