# This file was generated by Animated Java via MC-Build. It is not recommended to edit this file directly.
$data merge entity $(bone_slide) {transformation: [-0.8462f,0.5254f,-0.0888f,0.0599f,0.5316f,0.8207f,-0.2094f,-0.2503f,-0.0372f,-0.2244f,-0.9738f,0.4028f,0f,0f,0f,1f],start_interpolation: 0,interpolation_duration: 1}
$data merge entity $(bone_barrel) {transformation: [-0.8462f,0.5254f,-0.0888f,0.11f,0.5316f,0.8207f,-0.2094f,-0.3749f,-0.0372f,-0.2244f,-0.9738f,0.4251f,0f,0f,0f,1f],start_interpolation: 0,interpolation_duration: 1}
$data merge entity $(bone_magazine) {transformation: [0f,0f,0f,-0.2083f,0f,0f,0f,-0.6833f,0f,0f,0f,0.3181f,0f,0f,0f,1f],start_interpolation: 0,interpolation_duration: 1}
$data merge entity $(bone_grip) {transformation: [-0.8462f,0.5254f,-0.0888f,-0.0277f,0.5316f,0.8207f,-0.2094f,-0.4011f,-0.0372f,-0.2244f,-0.9738f,0.241f,0f,0f,0f,1f],start_interpolation: 0,interpolation_duration: 1}
$data merge entity $(bone_trigger) {transformation: [-0.8462f,0.5254f,-0.0888f,-0.0227f,0.5316f,0.8207f,-0.2094f,-0.3911f,-0.0372f,-0.2244f,-0.9738f,0.2698f,0f,0f,0f,1f],start_interpolation: 0,interpolation_duration: 1}
$data merge entity $(bone_trigger_gaurd) {transformation: [-0.8462f,0.5254f,-0.0888f,-0.0046f,0.5316f,0.8207f,-0.2094f,-0.3606f,-0.0372f,-0.2244f,-0.9738f,0.295f,0f,0f,0f,1f],start_interpolation: 0,interpolation_duration: 1}
$data merge entity $(bone_right_arm) {transformation: [-0.8462f,-0.0888f,-0.5254f,-0.0937f,0.5316f,-0.2094f,-0.8207f,-0.4638f,-0.0372f,-0.9738f,0.2244f,-0.0764f,0f,0f,0f,1f],start_interpolation: 0,interpolation_duration: 1}
$data merge entity $(bone_magazine1) {transformation: [0f,0f,0f,-0.0284f,0f,0f,0f,-0.3192f,0f,0f,0f,0.1436f,0f,0f,0f,1f],start_interpolation: 0,interpolation_duration: 1}
$data merge entity $(bone_left_arm) {transformation: [-0.5381f,0.663f,0.5204f,0.2871f,-0.8419f,-0.4533f,-0.2929f,-0.5276f,0.0417f,-0.5957f,0.8021f,0.0069f,0f,0f,0f,1f],start_interpolation: 0,interpolation_duration: 1}
data modify entity @s data merge value {"cameras":{},"locators":{"barrel1":{"px":0.027102210359654502,"py":-0.249572457951505,"pz":0.5725419657968334,"ry":354.79248580479475,"rx":-12.087025307857617}}}