# This file was generated by Animated Java via MC-Build. It is not recommended to edit this file directly.
$data merge entity $(bone_slide) {transformation: [-0.9221f,0.3868f,-0.0081f,-0.0004f,0.3852f,0.9159f,-0.1134f,-0.2824f,-0.0365f,-0.1077f,-0.9935f,0.4762f,0f,0f,0f,1f],start_interpolation: 0,interpolation_duration: 1}
$data merge entity $(bone_barrel) {transformation: [-0.9221f,0.3868f,-0.0081f,0.0691f,0.3852f,0.9159f,-0.1134f,-0.3986f,-0.0365f,-0.1077f,-0.9935f,0.4889f,0f,0f,0f,1f],start_interpolation: 0,interpolation_duration: 1}
$data merge entity $(bone_magazine) {transformation: [0f,0f,0f,-0.1866f,0f,0f,0f,-0.7418f,0f,0f,0f,0.3319f,0f,0f,0f,1f],start_interpolation: 0,interpolation_duration: 1}
$data merge entity $(bone_grip) {transformation: [-0.9221f,0.3868f,-0.0081f,-0.0536f,0.3852f,0.9159f,-0.1134f,-0.427f,-0.0365f,-0.1077f,-0.9935f,0.2949f,0f,0f,0f,1f],start_interpolation: 0,interpolation_duration: 1}
$data merge entity $(bone_trigger) {transformation: [-0.9221f,0.3868f,-0.0081f,-0.0517f,0.3852f,0.9159f,-0.1134f,-0.4195f,-0.0365f,-0.1077f,-0.9935f,0.3248f,0f,0f,0f,1f],start_interpolation: 0,interpolation_duration: 1}
$data merge entity $(bone_trigger_gaurd) {transformation: [-0.9221f,0.3868f,-0.0081f,-0.0403f,0.3852f,0.9159f,-0.1134f,-0.3893f,-0.0365f,-0.1077f,-0.9935f,0.354f,0f,0f,0f,1f],start_interpolation: 0,interpolation_duration: 1}
$data merge entity $(bone_right_arm) {transformation: [-0.9221f,-0.0081f,-0.3868f,-0.0937f,0.3852f,-0.1134f,-0.9159f,-0.4646f,-0.0365f,-0.9935f,0.1077f,-0.0307f,0f,0f,0f,1f],start_interpolation: 0,interpolation_duration: 1}
$data merge entity $(bone_magazine1) {transformation: [0f,0f,0f,-0.0261f,0f,0f,0f,-0.3035f,0f,0f,0f,0.278f,0f,0f,0f,1f],start_interpolation: 0,interpolation_duration: 1}
$data merge entity $(bone_left_arm) {transformation: [-0.7003f,0.4698f,0.5375f,0.2169f,-0.7054f,-0.3393f,-0.6224f,-0.506f,-0.1101f,-0.8149f,0.569f,0.0299f,0f,0f,0f,1f],start_interpolation: 0,interpolation_duration: 1}
data modify entity @s data merge value {"cameras":{},"locators":{"barrel1":{"px":-0.04041731164725553,"py":-0.3056091671930891,"pz":0.6427315630317187,"ry":359.5351243268725,"rx":-6.509980705512211}}}