# This file was generated by Animated Java via MC-Build. It is not recommended to edit this file directly.
$data merge entity $(bone_slide) {transformation: [-0.9544f,0.298f,0.0144f,-0.0242f,0.2962f,0.9521f,-0.0756f,-0.291f,-0.0362f,-0.0679f,-0.997f,0.5095f,0f,0f,0f,1f],start_interpolation: 0,interpolation_duration: 1}
$data merge entity $(bone_barrel) {transformation: [-0.9544f,0.298f,0.0144f,0.056f,0.2962f,0.9521f,-0.0756f,-0.4005f,-0.0362f,-0.0679f,-0.997f,0.5189f,0f,0f,0f,1f],start_interpolation: 0,interpolation_duration: 1}
$data merge entity $(bone_magazine) {transformation: [0f,0f,0f,-0.1636f,0f,0f,0f,-0.7603f,0f,0f,0f,0.3455f,0f,0f,0f,1f],start_interpolation: 0,interpolation_duration: 1}
$data merge entity $(bone_grip) {transformation: [-0.9544f,0.298f,0.0144f,-0.0612f,0.2962f,0.9521f,-0.0756f,-0.433f,-0.0362f,-0.0679f,-0.997f,0.3222f,0f,0f,0f,1f],start_interpolation: 0,interpolation_duration: 1}
$data merge entity $(bone_trigger) {transformation: [-0.9544f,0.298f,0.0144f,-0.0603f,0.2962f,0.9521f,-0.0756f,-0.4265f,-0.0362f,-0.0679f,-0.997f,0.3524f,0f,0f,0f,1f],start_interpolation: 0,interpolation_duration: 1}
$data merge entity $(bone_trigger_gaurd) {transformation: [-0.9544f,0.298f,0.0144f,-0.0522f,0.2962f,0.9521f,-0.0756f,-0.3966f,-0.0362f,-0.0679f,-0.997f,0.3828f,0f,0f,0f,1f],start_interpolation: 0,interpolation_duration: 1}
$data merge entity $(bone_right_arm) {transformation: [-0.9544f,0.0144f,-0.298f,-0.0937f,0.2962f,-0.0756f,-0.9521f,-0.4618f,-0.0362f,-0.997f,0.0679f,-0.0051f,0f,0f,0f,1f],start_interpolation: 0,interpolation_duration: 1}
$data merge entity $(bone_magazine1) {transformation: [0f,0f,0f,-0.0357f,0f,0f,0f,-0.3121f,0f,0f,0f,0.3329f,0f,0f,0f,1f],start_interpolation: 0,interpolation_duration: 1}
$data merge entity $(bone_left_arm) {transformation: [-0.7687f,0.4029f,0.4968f,0.1769f,-0.612f,-0.2377f,-0.7543f,-0.4908f,-0.1858f,-0.8838f,0.4293f,0.0422f,0f,0f,0f,1f],start_interpolation: 0,interpolation_duration: 1}
data modify entity @s data merge value {"cameras":{},"locators":{"barrel1":{"px":-0.06374564954494304,"py":-0.3243038702598354,"pz":0.6744152024952199,"ry":0.824730335757323,"rx":-4.336587540909559}}}