# This file was generated by Animated Java via MC-Build. It is not recommended to edit this file directly.
$data merge entity $(bone_slide) {transformation: [-0.9878f,0.0848f,-0.1302f,0.0138f,0.1549f,0.6025f,-0.7829f,-0.0965f,0.0121f,-0.7936f,-0.6084f,0.1495f,0f,0f,0f,1f],start_interpolation: 0,interpolation_duration: 1}
$data merge entity $(bone_barrel) {transformation: [-0.9878f,0.0848f,-0.1302f,0.1223f,0.1549f,0.6025f,-0.7829f,-0.1182f,0.0121f,-0.7936f,-0.6084f,0.2467f,0f,0f,0f,1f],start_interpolation: 0,interpolation_duration: 1}
$data merge entity $(bone_magazine) {transformation: [-0.9878f,0.0848f,-0.1302f,-0.0255f,0.1549f,0.6025f,-0.7829f,-0.3561f,0.0121f,-0.7936f,-0.6084f,0.2608f,0f,0f,0f,1f],start_interpolation: 0,interpolation_duration: 1}
$data merge entity $(bone_grip) {transformation: [-0.9878f,0.0848f,-0.1302f,-0.0158f,0.1549f,0.6025f,-0.7829f,-0.2871f,0.0121f,-0.7936f,-0.6084f,0.1699f,0f,0f,0f,1f],start_interpolation: 0,interpolation_duration: 1}
$data merge entity $(bone_trigger) {transformation: [-0.9878f,0.0848f,-0.1302f,-0.0114f,0.1549f,0.6025f,-0.7829f,-0.2605f,0.0121f,-0.7936f,-0.6084f,0.185f,0f,0f,0f,1f],start_interpolation: 0,interpolation_duration: 1}
$data merge entity $(bone_trigger_gaurd) {transformation: [-0.9878f,0.0848f,-0.1302f,-0.0048f,0.1549f,0.6025f,-0.7829f,-0.2177f,0.0121f,-0.7936f,-0.6084f,0.1818f,0f,0f,0f,1f],start_interpolation: 0,interpolation_duration: 1}
$data merge entity $(bone_right_arm) {transformation: [-0.9878f,-0.1302f,-0.0848f,-0.0937f,0.1549f,-0.7829f,-0.6025f,-0.5476f,0.0121f,-0.6084f,0.7936f,-0.0174f,0f,0f,0f,1f],start_interpolation: 0,interpolation_duration: 1}
$data merge entity $(bone_magazine1) {transformation: [-0.3538f,-0.0425f,-0.0241f,0.1576f,-0.0331f,0.0794f,0.3466f,-0.668f,-0.0359f,0.3456f,-0.0826f,0.275f,0f,0f,0f,1f],start_interpolation: 0,interpolation_duration: 1}
$data merge entity $(bone_left_arm) {transformation: [-0.9906f,-0.0088f,0.1364f,0.17f,-0.0928f,0.7759f,-0.624f,-0.4414f,-0.1004f,-0.6308f,-0.7694f,-0.0568f,0f,0f,0f,1f],start_interpolation: 0,interpolation_duration: 1}
$execute on vehicle unless entity @s[tag=aj.transforms_only] as $(locator_barrel1) positioned ^0.0160784419 ^0.0451877282 ^0.3262856082 rotated ~347.9180035519 ~-51.5268981255 run function animated_java:glock/animations/reload_empty/zzz/frames/5_locator_barrel1
data modify entity @s data merge value {"cameras":{},"locators":{"barrel1":{"px":0.01607844188023315,"py":0.04518772817791594,"pz":0.3262856081559118,"ry":347.9180035519465,"rx":-51.526898125544754}}}
execute on vehicle unless entity @s[tag=aj.transforms_only] at @s run function animated_java:glock/animations/reload_empty/zzz/frames/5_root_function