# This file was generated by Animated Java via MC-Build. It is not recommended to edit this file directly.
$data merge entity $(bone_slide) {transformation: [-0.9773f,0.211f,0.0193f,-0.0389f,0.2099f,0.9767f,-0.0452f,-0.2948f,-0.0283f,-0.0401f,-0.9988f,0.5377f,0f,0f,0f,1f],start_interpolation: 0,interpolation_duration: 1}
$data merge entity $(bone_barrel) {transformation: [-0.9773f,0.211f,0.0193f,0.0509f,0.2099f,0.9767f,-0.0452f,-0.3968f,-0.0283f,-0.0401f,-0.9988f,0.5441f,0f,0f,0f,1f],start_interpolation: 0,interpolation_duration: 1}
$data merge entity $(bone_magazine) {transformation: [0f,0f,0f,-0.1358f,0f,0f,0f,-0.7698f,0f,0f,0f,0.3602f,0f,0f,0f,1f],start_interpolation: 0,interpolation_duration: 1}
$data merge entity $(bone_grip) {transformation: [-0.9773f,0.211f,0.0193f,-0.0633f,0.2099f,0.9767f,-0.0452f,-0.4341f,-0.0283f,-0.0401f,-0.9988f,0.3464f,0f,0f,0f,1f],start_interpolation: 0,interpolation_duration: 1}
$data merge entity $(bone_trigger) {transformation: [-0.9773f,0.211f,0.0193f,-0.063f,0.2099f,0.9767f,-0.0452f,-0.4284f,-0.0283f,-0.0401f,-0.9988f,0.3768f,0f,0f,0f,1f],start_interpolation: 0,interpolation_duration: 1}
$data merge entity $(bone_trigger_gaurd) {transformation: [-0.9773f,0.211f,0.0193f,-0.0575f,0.2099f,0.9767f,-0.0452f,-0.3987f,-0.0283f,-0.0401f,-0.9988f,0.408f,0f,0f,0f,1f],start_interpolation: 0,interpolation_duration: 1}
$data merge entity $(bone_right_arm) {transformation: [-0.9773f,0.0193f,-0.211f,-0.0937f,0.2099f,-0.0452f,-0.9767f,-0.4563f,-0.0283f,-0.9988f,0.0401f,0.0184f,0f,0f,0f,1f],start_interpolation: 0,interpolation_duration: 1}
$data merge entity $(bone_magazine1) {transformation: [0f,0f,0f,-0.0578f,0f,0f,0f,-0.3278f,0f,0f,0f,0.3705f,0f,0f,0f,1f],start_interpolation: 0,interpolation_duration: 1}
$data merge entity $(bone_left_arm) {transformation: [-0.8126f,0.3773f,0.4443f,0.1388f,-0.5209f,-0.1282f,-0.8439f,-0.4746f,-0.2615f,-0.9172f,0.3007f,0.0521f,0f,0f,0f,1f],start_interpolation: 0,interpolation_duration: 1}
data modify entity @s data merge value {"cameras":{},"locators":{"barrel1":{"px":-0.07499096240635018,"py":-0.3362666238897623,"pz":0.7016254398911558,"ry":1.1041711210122003,"rx":-2.591547169270921}}}