# This file was generated by Animated Java via MC-Build. It is not recommended to edit this file directly.
$data merge entity $(bone_slide) {transformation: [-0.9904f,0.1375f,0.0111f,-0.0451f,0.1373f,0.9903f,-0.0226f,-0.2953f,-0.0141f,-0.0208f,-0.9997f,0.5596f,0f,0f,0f,1f],start_interpolation: 0,interpolation_duration: 1}
$data merge entity $(bone_barrel) {transformation: [-0.9904f,0.1375f,0.0111f,0.0521f,0.1373f,0.9903f,-0.0226f,-0.3904f,-0.0141f,-0.0208f,-0.9997f,0.5628f,0f,0f,0f,1f],start_interpolation: 0,interpolation_duration: 1}
$data merge entity $(bone_magazine) {transformation: [0f,0f,0f,-0.1086f,0f,0f,0f,-0.7723f,0f,0f,0f,0.3726f,0f,0f,0f,1f],start_interpolation: 0,interpolation_duration: 1}
$data merge entity $(bone_grip) {transformation: [-0.9904f,0.1375f,0.0111f,-0.0613f,0.1373f,0.9903f,-0.0226f,-0.4319f,-0.0141f,-0.0208f,-0.9997f,0.3655f,0f,0f,0f,1f],start_interpolation: 0,interpolation_duration: 1}
$data merge entity $(bone_trigger) {transformation: [-0.9904f,0.1375f,0.0111f,-0.061f,0.1373f,0.9903f,-0.0226f,-0.4269f,-0.0141f,-0.0208f,-0.9997f,0.396f,0f,0f,0f,1f],start_interpolation: 0,interpolation_duration: 1}
$data merge entity $(bone_trigger_gaurd) {transformation: [-0.9904f,0.1375f,0.0111f,-0.0574f,0.1373f,0.9903f,-0.0226f,-0.3975f,-0.0141f,-0.0208f,-0.9997f,0.4278f,0f,0f,0f,1f],start_interpolation: 0,interpolation_duration: 1}
$data merge entity $(bone_right_arm) {transformation: [-0.9904f,0.0111f,-0.1375f,-0.0937f,0.1373f,-0.0226f,-0.9903f,-0.4494f,-0.0141f,-0.9997f,0.0208f,0.0374f,0f,0f,0f,1f],start_interpolation: 0,interpolation_duration: 1}
$data merge entity $(bone_magazine1) {transformation: [0f,0f,0f,-0.0876f,0f,0f,0f,-0.3444f,0f,0f,0f,0.3912f,0f,0f,0f,1f],start_interpolation: 0,interpolation_duration: 1}
$data merge entity $(bone_left_arm) {transformation: [-0.8315f,0.3841f,0.4013f,0.1067f,-0.4464f,-0.0321f,-0.8943f,-0.4601f,-0.3306f,-0.9227f,0.1981f,0.0588f,0f,0f,0f,1f],start_interpolation: 0,interpolation_duration: 1}
data modify entity @s data merge value {"cameras":{},"locators":{"barrel1":{"px":-0.07610842529856467,"py":-0.3427377815222363,"pz":0.7228762089071017,"ry":0.6362290663789452,"rx":-1.2932716746233435}}}