# This file was generated by Animated Java via MC-Build. It is not recommended to edit this file directly.
$data merge entity $(bone_slide) {transformation: [-0.7418f,0.6621f,-0.1063f,0.0799f,0.4591f,0.3859f,-0.8002f,-0.1365f,-0.4888f,-0.6424f,-0.5902f,0.1889f,0f,0f,0f,1f],start_interpolation: 0,interpolation_duration: 1}
$data merge entity $(bone_barrel) {transformation: [-0.7418f,0.6621f,-0.1063f,0.1134f,0.4591f,0.3859f,-0.8002f,-0.1729f,-0.4888f,-0.6424f,-0.5902f,0.3276f,0f,0f,0f,1f],start_interpolation: 0,interpolation_duration: 1}
$data merge entity $(bone_magazine) {transformation: [-0.7418f,0.6621f,-0.1063f,-0.1752f,0.4591f,0.3859f,-0.8002f,-0.389f,-0.4888f,-0.6424f,-0.5902f,0.3388f,0f,0f,0f,1f],start_interpolation: 0,interpolation_duration: 1}
$data merge entity $(bone_grip) {transformation: [-0.7418f,0.6621f,-0.1063f,-0.0235f,0.4591f,0.3859f,-0.8002f,-0.3006f,-0.4888f,-0.6424f,-0.5902f,0.1916f,0f,0f,0f,1f],start_interpolation: 0,interpolation_duration: 1}
$data merge entity $(bone_trigger) {transformation: [-0.7418f,0.6621f,-0.1063f,-0.0173f,0.4591f,0.3859f,-0.8002f,-0.2744f,-0.4888f,-0.6424f,-0.5902f,0.2069f,0f,0f,0f,1f],start_interpolation: 0,interpolation_duration: 1}
$data merge entity $(bone_trigger_gaurd) {transformation: [-0.7418f,0.6621f,-0.1063f,0.0052f,0.4591f,0.3859f,-0.8002f,-0.2373f,-0.4888f,-0.6424f,-0.5902f,0.2075f,0f,0f,0f,1f],start_interpolation: 0,interpolation_duration: 1}
$data merge entity $(bone_right_arm) {transformation: [-0.7418f,-0.1063f,-0.6621f,-0.0937f,0.4591f,-0.8002f,-0.3859f,-0.5531f,-0.4888f,-0.5902f,0.6424f,-0.0092f,0f,0f,0f,1f],start_interpolation: 0,interpolation_duration: 1}
$data merge entity $(bone_magazine1) {transformation: [-0.4277f,-0.0262f,-0.0097f,0.1802f,-0.011f,0.0216f,0.4279f,-0.7389f,-0.0257f,0.4272f,-0.0222f,0.2256f,0f,0f,0f,1f],start_interpolation: 0,interpolation_duration: 1}
$data merge entity $(bone_left_arm) {transformation: [-0.9979f,0.0072f,0.0648f,0.1904f,-0.0257f,0.8702f,-0.492f,-0.4607f,-0.0599f,-0.4926f,-0.8682f,-0.0644f,0f,0f,0f,1f],start_interpolation: 0,interpolation_duration: 1}
data modify entity @s data merge value {"cameras":{},"locators":{"barrel1":{"px":0.0506839056050817,"py":0.027532166980300754,"pz":0.342449909968874,"ry":349.788989128748,"rx":-53.15146571031733}}}
execute on vehicle unless entity @s[tag=aj.transforms_only] at @s run function animated_java:glock/animations/reload_empty/zzz/frames/6_root_function