# This file was generated by Animated Java via MC-Build. It is not recommended to edit this file directly.
$data merge entity $(bone_slide) {transformation: [-0.503f,0.8552f,-0.1246f,0.1089f,0.5192f,0.1838f,-0.8347f,-0.1539f,-0.6909f,-0.4845f,-0.5365f,0.197f,0f,0f,0f,1f],start_interpolation: 0,interpolation_duration: 1}
$data merge entity $(bone_barrel) {transformation: [-0.503f,0.8552f,-0.1246f,0.1017f,0.5192f,0.1838f,-0.8347f,-0.1786f,-0.6909f,-0.4845f,-0.5365f,0.3419f,0f,0f,0f,1f],start_interpolation: 0,interpolation_duration: 1}
$data merge entity $(bone_magazine) {transformation: [-0.503f,0.8552f,-0.1246f,-0.3168f,0.5192f,0.1838f,-0.8347f,-0.3591f,-0.6909f,-0.4845f,-0.5365f,0.3527f,0f,0f,0f,1f],start_interpolation: 0,interpolation_duration: 1}
$data merge entity $(bone_grip) {transformation: [-0.503f,0.8552f,-0.1246f,-0.0228f,0.5192f,0.1838f,-0.8347f,-0.2959f,-0.6909f,-0.4845f,-0.5365f,0.1861f,0f,0f,0f,1f],start_interpolation: 0,interpolation_duration: 1}
$data merge entity $(bone_trigger) {transformation: [-0.503f,0.8552f,-0.1246f,-0.0152f,0.5192f,0.1838f,-0.8347f,-0.2695f,-0.6909f,-0.4845f,-0.5365f,0.2005f,0f,0f,0f,1f],start_interpolation: 0,interpolation_duration: 1}
$data merge entity $(bone_trigger_gaurd) {transformation: [-0.503f,0.8552f,-0.1246f,0.0135f,0.5192f,0.1838f,-0.8347f,-0.2372f,-0.6909f,-0.4845f,-0.5365f,0.2039f,0f,0f,0f,1f],start_interpolation: 0,interpolation_duration: 1}
$data merge entity $(bone_right_arm) {transformation: [-0.503f,-0.1246f,-0.8552f,-0.0937f,0.5192f,-0.8347f,-0.1838f,-0.5546f,-0.6909f,-0.5365f,0.4845f,-0.0064f,0f,0f,0f,1f],start_interpolation: 0,interpolation_duration: 1}
$data merge entity $(bone_magazine1) {transformation: [-0.5f,0f,0f,0.2094f,0f,0.002f,0.5f,-0.7678f,0f,0.5f,-0.002f,0.2198f,0f,0f,0f,1f],start_interpolation: 0,interpolation_duration: 1}
$data merge entity $(bone_left_arm) {transformation: [-1f,0f,0f,0.2094f,0f,0.887f,-0.4617f,-0.4796f,0f,-0.4617f,-0.887f,-0.0605f,0f,0f,0f,1f],start_interpolation: 0,interpolation_duration: 1}
data modify entity @s data merge value {"cameras":{},"locators":{"barrel1":{"px":0.07837156733372522,"py":0.029957011478779938,"pz":0.32569831437932406,"ry":346.92603919156375,"rx":-56.58035722235516}}}