# This file was generated by Animated Java via MC-Build. It is not recommended to edit this file directly.
$data merge entity $(bone_slide) {transformation: [-0.6113f,0.7844f,-0.1052f,0.093f,0.5042f,0.2835f,-0.8157f,-0.1481f,-0.61f,-0.5517f,-0.5688f,0.1983f,0f,0f,0f,1f],start_interpolation: 0,interpolation_duration: 1}
$data merge entity $(bone_barrel) {transformation: [-0.6113f,0.7844f,-0.1052f,0.1023f,0.5042f,0.2835f,-0.8157f,-0.1803f,-0.61f,-0.5517f,-0.5688f,0.3417f,0f,0f,0f,1f],start_interpolation: 0,interpolation_duration: 1}
$data merge entity $(bone_magazine) {transformation: [-0.6113f,0.7844f,-0.1052f,-0.2961f,0.5042f,0.2835f,-0.8157f,-0.3982f,-0.61f,-0.5517f,-0.5688f,0.3816f,0f,0f,0f,1f],start_interpolation: -1,interpolation_duration: 0}
$data merge entity $(bone_grip) {transformation: [-0.6113f,0.7844f,-0.1052f,-0.0265f,0.5042f,0.2835f,-0.8157f,-0.3007f,-0.61f,-0.5517f,-0.5688f,0.1919f,0f,0f,0f,1f],start_interpolation: 0,interpolation_duration: 1}
$data merge entity $(bone_trigger) {transformation: [-0.6113f,0.7844f,-0.1052f,-0.0198f,0.5042f,0.2835f,-0.8157f,-0.2745f,-0.61f,-0.5517f,-0.5688f,0.2069f,0f,0f,0f,1f],start_interpolation: 0,interpolation_duration: 1}
$data merge entity $(bone_trigger_gaurd) {transformation: [-0.6113f,0.7844f,-0.1052f,0.0062f,0.5042f,0.2835f,-0.8157f,-0.2398f,-0.61f,-0.5517f,-0.5688f,0.2095f,0f,0f,0f,1f],start_interpolation: 0,interpolation_duration: 1}
$data merge entity $(bone_right_arm) {transformation: [-0.6113f,-0.1052f,-0.7844f,-0.0937f,0.5042f,-0.8157f,-0.2835f,-0.5552f,-0.61f,-0.5688f,0.5517f,-0.0074f,0f,0f,0f,1f],start_interpolation: 0,interpolation_duration: 1}
$data merge entity $(bone_magazine1) {transformation: [-0.571f,0.0219f,-0.0048f,0.2314f,-0.004f,0.0221f,0.571f,-0.7646f,0.0221f,0.5706f,-0.0219f,0.2393f,0f,0f,0f,1f],start_interpolation: 0,interpolation_duration: 1}
$data merge entity $(bone_left_arm) {transformation: [-0.9992f,-0.0255f,-0.0299f,0.2181f,-0.007f,0.8645f,-0.5026f,-0.4898f,0.0387f,-0.502f,-0.864f,-0.0538f,0f,0f,0f,1f],start_interpolation: 0,interpolation_duration: 1}
data modify entity @s data merge value {"cameras":{},"locators":{"barrel1":{"px":0.05976575809115063,"py":0.025863738177164808,"pz":0.33958907664628973,"ry":349.52042171937467,"rx":-54.6560100633907}}}