# This file was generated by Animated Java via MC-Build. It is not recommended to edit this file directly.
$data merge entity $(bone_slide) {transformation: [-0.7112f,0.6966f,-0.0949f,0.0786f,0.4743f,0.3758f,-0.7961f,-0.1425f,-0.5189f,-0.6112f,-0.5977f,0.1985f,0f,0f,0f,1f],start_interpolation: 0,interpolation_duration: 1}
$data merge entity $(bone_barrel) {transformation: [-0.7112f,0.6966f,-0.0949f,0.1053f,0.4743f,0.3758f,-0.7961f,-0.18f,-0.5189f,-0.6112f,-0.5977f,0.3384f,0f,0f,0f,1f],start_interpolation: 0,interpolation_duration: 1}
$data merge entity $(bone_magazine) {transformation: [0f,0f,0f,-0.2672f,0f,0f,0f,-0.4339f,0f,0f,0f,0.4061f,0f,0f,0f,1f],start_interpolation: 0,interpolation_duration: 1}
$data merge entity $(bone_grip) {transformation: [-0.7112f,0.6966f,-0.0949f,-0.0278f,0.4743f,0.3758f,-0.7961f,-0.3047f,-0.5189f,-0.6112f,-0.5977f,0.196f,0f,0f,0f,1f],start_interpolation: 0,interpolation_duration: 1}
$data merge entity $(bone_trigger) {transformation: [-0.7112f,0.6966f,-0.0949f,-0.0218f,0.4743f,0.3758f,-0.7961f,-0.2787f,-0.5189f,-0.6112f,-0.5977f,0.2116f,0f,0f,0f,1f],start_interpolation: 0,interpolation_duration: 1}
$data merge entity $(bone_trigger_gaurd) {transformation: [-0.7112f,0.6966f,-0.0949f,0.0014f,0.4743f,0.3758f,-0.7961f,-0.242f,-0.5189f,-0.6112f,-0.5977f,0.2134f,0f,0f,0f,1f],start_interpolation: 0,interpolation_duration: 1}
$data merge entity $(bone_right_arm) {transformation: [-0.7112f,-0.0949f,-0.6966f,-0.0937f,0.4743f,-0.7961f,-0.3758f,-0.5552f,-0.5189f,-0.5977f,0.6112f,-0.0087f,0f,0f,0f,1f],start_interpolation: 0,interpolation_duration: 1}
$data merge entity $(bone_magazine1) {transformation: [-0.6403f,0.053f,-0.0229f,0.2611f,-0.0166f,0.0745f,0.6383f,-0.7493f,0.0553f,0.6363f,-0.0729f,0.2719f,0f,0f,0f,1f],start_interpolation: 0,interpolation_duration: 1}
$data merge entity $(bone_left_arm) {transformation: [-0.996f,-0.0707f,-0.0553f,0.2275f,-0.0258f,0.8159f,-0.5776f,-0.5019f,0.086f,-0.5738f,-0.8144f,-0.0432f,0f,0f,0f,1f],start_interpolation: 0,interpolation_duration: 1}
data modify entity @s data merge value {"cameras":{},"locators":{"barrel1":{"px":0.0456723463149805,"py":0.02146650220376478,"pz":0.3513445631419417,"ry":350.98009094060706,"rx":-52.7596836676787}}}