# This file was generated by Animated Java via MC-Build. It is not recommended to edit this file directly.
$data merge entity $(bone_muzzleflash) {transformation: [-0.6087f,0.7934f,0.0023f,-0.0406f,0.7922f,0.608f,-0.0523f,-0.3516f,-0.0429f,-0.03f,-0.9986f,0.5563f,0f,0f,0f,1f],start_interpolation: 0,interpolation_duration: 1}
$data merge entity $(bone_slide) {transformation: [-0.9985f,0.0553f,-0.0023f,-0.0241f,0.0488f,0.8618f,-0.5048f,-0.1029f,-0.026f,-0.5042f,-0.8632f,0.3781f,0f,0f,0f,1f],start_interpolation: 0,interpolation_duration: 1}
$data merge entity $(bone_barrel) {transformation: [-0.9985f,0.0553f,-0.0023f,0.0808f,0.0488f,0.8618f,-0.5048f,-0.1496f,-0.026f,-0.5042f,-0.8632f,0.4703f,0f,0f,0f,1f],start_interpolation: 0,interpolation_duration: 1}
$data merge entity $(bone_magazine) {transformation: [-0.9985f,0.0553f,-0.0023f,-0.0318f,0.0488f,0.8618f,-0.5048f,-0.289f,-0.026f,-0.5042f,-0.8632f,0.3239f,0f,0f,0f,1f],start_interpolation: 0,interpolation_duration: 1}
$data merge entity $(bone_grip) {transformation: [-0.9985f,0.0553f,-0.0023f,-0.0318f,0.0488f,0.8618f,-0.5048f,-0.289f,-0.026f,-0.5042f,-0.8632f,0.3239f,0f,0f,0f,1f],start_interpolation: 0,interpolation_duration: 1}
$data merge entity $(bone_trigger) {transformation: [-0.9985f,0.0553f,-0.0023f,-0.0315f,0.0488f,0.8618f,-0.5048f,-0.2697f,-0.026f,-0.5042f,-0.8632f,0.3482f,0f,0f,0f,1f],start_interpolation: 0,interpolation_duration: 1}
$data merge entity $(bone_trigger_gaurd) {transformation: [-0.9985f,0.0553f,-0.0023f,-0.0298f,0.0488f,0.8618f,-0.5048f,-0.2285f,-0.026f,-0.5042f,-0.8632f,0.3616f,0f,0f,0f,1f],start_interpolation: 0,interpolation_duration: 1}
$data merge entity $(bone_right_arm) {transformation: [-0.9985f,0.0098f,-0.0544f,-0.0637f,0.0488f,-0.3063f,-0.9507f,-0.4106f,-0.026f,-0.9519f,0.3054f,-0.0003f,0f,0f,0f,1f],start_interpolation: 0,interpolation_duration: 1}
$data merge entity $(bone_magazine1) {transformation: [0f,0f,0f,-0.0905f,0f,0f,0f,-0.2244f,0f,0f,0f,0.3075f,0f,0f,0f,1f],start_interpolation: 0,interpolation_duration: 1}
$data merge entity $(bone_left_arm) {transformation: [-0.8167f,0.4102f,0.4059f,0.1144f,-0.5224f,-0.2265f,-0.8221f,-0.4066f,-0.2453f,-0.8834f,0.3992f,0.0135f,0f,0f,0f,1f],start_interpolation: 0,interpolation_duration: 1}
$execute on vehicle unless entity @s[tag=aj.transforms_only] as $(locator_barrel1) positioned ^-0.0484474597 ^-0.0385289005 ^0.5939490698 rotated ~359.8505185274 ~-30.3199176901 run function animated_java:glock/animations/shoot3/zzz/frames/0_locator_barrel1
data modify entity @s data merge value {"cameras":{"camera2":{"px":3.061616997868383e-17,"py":-0.1875,"pz":-0.25,"ry":0,"rx":0}},"locators":{"barrel1":{"px":-0.04844745965090233,"py":-0.03852890054827196,"pz":0.593949069825366,"ry":359.85051852740753,"rx":-30.319917690087774}}}
execute on vehicle unless entity @s[tag=aj.transforms_only] at @s run function animated_java:glock/animations/shoot3/zzz/frames/0_root_function