# This file was generated by Animated Java via MC-Build. It is not recommended to edit this file directly.
$data merge entity $(bone_muzzleflash) {transformation: [-0.6087f,0.7934f,0f,-0.0438f,0.7922f,0.608f,0f,-0.3516f,-0.0429f,-0.03f,0f,0.5563f,0f,0f,0f,1f],start_interpolation: -1,interpolation_duration: 0}
$data merge entity $(bone_slide) {transformation: [-0.9962f,0.0863f,-0.0152f,-0.0155f,0.0876f,0.9818f,-0.1682f,-0.219f,0.0004f,-0.1689f,-0.9856f,0.4944f,0f,0f,0f,1f],start_interpolation: 0,interpolation_duration: 1}
$data merge entity $(bone_barrel) {transformation: [-0.9962f,0.0863f,-0.0152f,0.0871f,0.0876f,0.9818f,-0.1682f,-0.3018f,0.0004f,-0.1689f,-0.9856f,0.545f,0f,0f,0f,1f],start_interpolation: 0,interpolation_duration: 1}
$data merge entity $(bone_magazine) {transformation: [-0.9962f,0.0863f,-0.0152f,-0.0294f,0.0876f,0.9818f,-0.1682f,-0.3769f,0.0004f,-0.1689f,-0.9856f,0.3598f,0f,0f,0f,1f],start_interpolation: 0,interpolation_duration: 1}
$data merge entity $(bone_grip) {transformation: [-0.9962f,0.0863f,-0.0152f,-0.0294f,0.0876f,0.9818f,-0.1682f,-0.3769f,0.0004f,-0.1689f,-0.9856f,0.3598f,0f,0f,0f,1f],start_interpolation: 0,interpolation_duration: 1}
$data merge entity $(bone_trigger) {transformation: [-0.9962f,0.0863f,-0.0152f,-0.0286f,0.0876f,0.9818f,-0.1682f,-0.3675f,0.0004f,-0.1689f,-0.9856f,0.3892f,0f,0f,0f,1f],start_interpolation: 0,interpolation_duration: 1}
$data merge entity $(bone_trigger_gaurd) {transformation: [-0.9962f,0.0863f,-0.0152f,-0.0256f,0.0876f,0.9818f,-0.1682f,-0.3337f,0.0004f,-0.1689f,-0.9856f,0.4163f,0f,0f,0f,1f],start_interpolation: 0,interpolation_duration: 1}
$data merge entity $(bone_right_arm) {transformation: [-0.9962f,-0.0009f,-0.0876f,-0.0656f,0.0876f,-0.0061f,-0.9961f,-0.3946f,0.0004f,-1f,0.0061f,0.0187f,0f,0f,0f,1f],start_interpolation: 0,interpolation_duration: 1}
$data merge entity $(bone_magazine1) {transformation: [0f,0f,0f,-0.0859f,0f,0f,0f,-0.3088f,0f,0f,0f,0.3686f,0f,0f,0f,1f],start_interpolation: 0,interpolation_duration: 1}
$data merge entity $(bone_left_arm) {transformation: [-0.8344f,0.402f,0.377f,0.1125f,-0.3969f,0.0361f,-0.9171f,-0.4008f,-0.3824f,-0.9149f,0.1294f,0.0312f,0f,0f,0f,1f],start_interpolation: 0,interpolation_duration: 1}
data modify entity @s data merge value {"cameras":{},"locators":{"barrel1":{"px":-0.03896130063553084,"py":-0.23715476907862287,"pz":0.7007760433585228,"ry":359.11710061639906,"rx":-9.685819561883353}}}
execute on vehicle unless entity @s[tag=aj.transforms_only] at @s run function animated_java:glock/animations/shoot3/zzz/frames/1_root_function