# This file was generated by Animated Java via MC-Build. It is not recommended to edit this file directly.
$data merge entity $(bone_muzzleflash) {transformation: [-0.6087f,0.7934f,0f,-0.0469f,0.7922f,0.608f,0f,-0.3516f,-0.0429f,-0.03f,0f,0.5563f,0f,0f,0f,1f],start_interpolation: -1,interpolation_duration: 0}
$data merge entity $(bone_slide) {transformation: [-0.995f,0.0992f,-0.0105f,-0.0171f,0.0993f,0.995f,-0.0066f,-0.2891f,0.0098f,-0.0076f,-0.9999f,0.5358f,0f,0f,0f,1f],start_interpolation: 0,interpolation_duration: 1}
$data merge entity $(bone_barrel) {transformation: [-0.995f,0.0992f,-0.0105f,0.0839f,0.0993f,0.995f,-0.0066f,-0.3804f,0.0098f,-0.0076f,-0.9999f,0.554f,0f,0f,0f,1f],start_interpolation: 0,interpolation_duration: 1}
$data merge entity $(bone_magazine) {transformation: [-0.995f,0.0992f,-0.0105f,-0.0323f,0.0993f,0.995f,-0.0066f,-0.4231f,0.0098f,-0.0076f,-0.9999f,0.3586f,0f,0f,0f,1f],start_interpolation: 0,interpolation_duration: 1}
$data merge entity $(bone_grip) {transformation: [-0.995f,0.0992f,-0.0105f,-0.0323f,0.0993f,0.995f,-0.0066f,-0.4231f,0.0098f,-0.0076f,-0.9999f,0.3586f,0f,0f,0f,1f],start_interpolation: 0,interpolation_duration: 1}
$data merge entity $(bone_trigger) {transformation: [-0.995f,0.0992f,-0.0105f,-0.0315f,0.0993f,0.995f,-0.0066f,-0.4186f,0.0098f,-0.0076f,-0.9999f,0.3892f,0f,0f,0f,1f],start_interpolation: 0,interpolation_duration: 1}
$data merge entity $(bone_trigger_gaurd) {transformation: [-0.995f,0.0992f,-0.0105f,-0.0283f,0.0993f,0.995f,-0.0066f,-0.3896f,0.0098f,-0.0076f,-0.9999f,0.4214f,0f,0f,0f,1f],start_interpolation: 0,interpolation_duration: 1}
$data merge entity $(bone_right_arm) {transformation: [-0.995f,0.0003f,-0.0998f,-0.0683f,0.0993f,0.1018f,-0.9898f,-0.4045f,0.0098f,-0.9948f,-0.1013f,0.022f,0f,0f,0f,1f],start_interpolation: 0,interpolation_duration: 1}
$data merge entity $(bone_magazine1) {transformation: [0f,0f,0f,-0.0879f,0f,0f,0f,-0.3567f,0f,0f,0f,0.379f,0f,0f,0f,1f],start_interpolation: 0,interpolation_duration: 1}
$data merge entity $(bone_left_arm) {transformation: [-0.8387f,0.4037f,0.3655f,0.1097f,-0.3431f,0.1296f,-0.9303f,-0.4143f,-0.4229f,-0.9057f,0.0298f,0.0337f,0f,0f,0f,1f],start_interpolation: 0,interpolation_duration: 1}
$execute on vehicle unless entity @s[tag=aj.transforms_only] as $(locator_barrel1) positioned ^-0.0424080356 ^-0.3401891469 ^0.7176211394 rotated ~359.3956914546 ~-0.3788044443 run function animated_java:glock/animations/shoot3/zzz/frames/2_locator_barrel1
data modify entity @s data merge value {"cameras":{},"locators":{"barrel1":{"px":-0.04240803555893657,"py":-0.34018914688014523,"pz":0.717621139419603,"ry":359.3956914545922,"rx":-0.3788044443123682}}}