# This file was generated by Animated Java via MC-Build. It is not recommended to edit this file directly.
$data merge entity $(bone_muzzleflash) {transformation: [-0.6087f,0.7934f,0f,-0.0531f,0.7922f,0.608f,0f,-0.3516f,-0.0429f,-0.03f,0f,0.5563f,0f,0f,0f,1f],start_interpolation: 0,interpolation_duration: 1}
$data merge entity $(bone_slide) {transformation: [-0.9962f,0.0876f,-0.0009f,-0.0267f,0.0876f,0.9961f,-0.0061f,-0.2985f,0.0004f,-0.0061f,-1f,0.5428f,0f,0f,0f,1f],start_interpolation: 0,interpolation_duration: 1}
$data merge entity $(bone_barrel) {transformation: [-0.9962f,0.0876f,-0.0009f,0.0751f,0.0876f,0.9961f,-0.0061f,-0.3887f,0.0004f,-0.0061f,-1f,0.5432f,0f,0f,0f,1f],start_interpolation: 0,interpolation_duration: 1}
$data merge entity $(bone_magazine) {transformation: [-0.9962f,0.0876f,-0.0009f,-0.0386f,0.0876f,0.9961f,-0.0061f,-0.4326f,0.0004f,-0.0061f,-1f,0.3466f,0f,0f,0f,1f],start_interpolation: 0,interpolation_duration: 1}
$data merge entity $(bone_grip) {transformation: [-0.9962f,0.0876f,-0.0009f,-0.0386f,0.0876f,0.9961f,-0.0061f,-0.4326f,0.0004f,-0.0061f,-1f,0.3466f,0f,0f,0f,1f],start_interpolation: 0,interpolation_duration: 1}
$data merge entity $(bone_trigger) {transformation: [-0.9962f,0.0876f,-0.0009f,-0.0382f,0.0876f,0.9961f,-0.0061f,-0.4281f,0.0004f,-0.0061f,-1f,0.3772f,0f,0f,0f,1f],start_interpolation: 0,interpolation_duration: 1}
$data merge entity $(bone_trigger_gaurd) {transformation: [-0.9962f,0.0876f,-0.0009f,-0.0356f,0.0876f,0.9961f,-0.0061f,-0.3991f,0.0004f,-0.0061f,-1f,0.4095f,0f,0f,0f,1f],start_interpolation: 0,interpolation_duration: 1}
$data merge entity $(bone_right_arm) {transformation: [-0.9962f,-0.0009f,-0.0876f,-0.075f,0.0876f,-0.0061f,-0.9961f,-0.4527f,0.0004f,-1f,0.0061f,0.0187f,0f,0f,0f,1f],start_interpolation: 0,interpolation_duration: 1}
$data merge entity $(bone_magazine1) {transformation: [0f,0f,0f,-0.0952f,0f,0f,0f,-0.3669f,0f,0f,0f,0.3686f,0f,0f,0f,1f],start_interpolation: 0,interpolation_duration: 1}
$data merge entity $(bone_left_arm) {transformation: [-0.8344f,0.402f,0.377f,0.1031f,-0.3969f,0.0361f,-0.9171f,-0.459f,-0.3824f,-0.9149f,0.1294f,0.0312f,0f,0f,0f,1f],start_interpolation: 0,interpolation_duration: 1}
data modify entity @s data merge value {"cameras":{},"locators":{"barrel1":{"px":-0.05314698424185155,"py":-0.3500360979153328,"pz":0.7056202124957758,"ry":359.946406688955,"rx":-0.34720714881170406}}}