# This file was generated by Animated Java via MC-Build. It is not recommended to edit this file directly.
$data merge entity $(bone_muzzleflash) {transformation: [-0.6087f,0.7934f,0.0023f,-0.0719f,0.7922f,0.608f,-0.0523f,-0.3516f,-0.0429f,-0.03f,-0.9986f,0.5563f,0f,0f,0f,1f],start_interpolation: 0,interpolation_duration: 1}
$data merge entity $(bone_slide) {transformation: [-0.9902f,0.1341f,-0.038f,-0.0275f,0.1389f,0.9281f,-0.3454f,-0.1398f,-0.011f,-0.3473f,-0.9377f,0.4345f,0f,0f,0f,1f],start_interpolation: 0,interpolation_duration: 1}
$data merge entity $(bone_barrel) {transformation: [-0.9902f,0.1341f,-0.038f,0.0721f,0.1389f,0.9281f,-0.3454f,-0.2107f,-0.011f,-0.3473f,-0.9377f,0.5166f,0f,0f,0f,1f],start_interpolation: 0,interpolation_duration: 1}
$data merge entity $(bone_magazine) {transformation: [-0.9902f,0.1341f,-0.038f,-0.0508f,0.1389f,0.9281f,-0.3454f,-0.3123f,-0.011f,-0.3473f,-0.9377f,0.3489f,0f,0f,0f,1f],start_interpolation: 0,interpolation_duration: 1}
$data merge entity $(bone_grip) {transformation: [-0.9902f,0.1341f,-0.038f,-0.0508f,0.1389f,0.9281f,-0.3454f,-0.3123f,-0.011f,-0.3473f,-0.9377f,0.3489f,0f,0f,0f,1f],start_interpolation: 0,interpolation_duration: 1}
$data merge entity $(bone_trigger) {transformation: [-0.9902f,0.1341f,-0.038f,-0.049f,0.1389f,0.9281f,-0.3454f,-0.2976f,-0.011f,-0.3473f,-0.9377f,0.3761f,0f,0f,0f,1f],start_interpolation: 0,interpolation_duration: 1}
$data merge entity $(bone_trigger_gaurd) {transformation: [-0.9902f,0.1341f,-0.038f,-0.0439f,0.1389f,0.9281f,-0.3454f,-0.2596f,-0.011f,-0.3473f,-0.9377f,0.3965f,0f,0f,0f,1f],start_interpolation: 0,interpolation_duration: 1}
$data merge entity $(bone_right_arm) {transformation: [-0.9902f,-0.0081f,-0.1391f,-0.0901f,0.1389f,-0.1363f,-0.9809f,-0.3726f,-0.011f,-0.9906f,0.1361f,0.0087f,0f,0f,0f,1f],start_interpolation: 0,interpolation_duration: 1}
$data merge entity $(bone_magazine1) {transformation: [0f,0f,0f,-0.1035f,0f,0f,0f,-0.241f,0f,0f,0f,0.3443f,0f,0f,0f,1f],start_interpolation: 0,interpolation_duration: 1}
$data merge entity $(bone_left_arm) {transformation: [-0.8565f,0.3971f,0.3298f,0.0875f,-0.3992f,-0.1045f,-0.9109f,-0.3865f,-0.3273f,-0.9118f,0.248f,0.0219f,0f,0f,0f,1f],start_interpolation: 0,interpolation_duration: 1}
$execute on vehicle unless entity @s[tag=aj.transforms_only] as $(locator_barrel1) positioned ^-0.048208475 ^-0.1119610743 ^0.6583903178 rotated ~357.6796087914 ~-20.2041802692 run function animated_java:glock/animations/shoot4/zzz/frames/0_locator_barrel1
data modify entity @s data merge value {"cameras":{"camera2":{"px":3.061616997868383e-17,"py":-0.1875,"pz":-0.25,"ry":0,"rx":0}},"locators":{"barrel1":{"px":-0.04820847503007668,"py":-0.11196107430199849,"pz":0.6583903177998651,"ry":357.6796087914241,"rx":-20.204180269230235}}}
execute on vehicle unless entity @s[tag=aj.transforms_only] at @s run function animated_java:glock/animations/shoot4/zzz/frames/0_root_function