# This file was generated by Animated Java via MC-Build. It is not recommended to edit this file directly.
$data merge entity $(bone_slide) {transformation: [-0.9976f,0.0685f,-0.0092f,-0.0473f,0.069f,0.9953f,-0.0686f,-0.2686f,0.0045f,-0.069f,-0.9976f,0.5256f,0f,0f,0f,1f],start_interpolation: 0,interpolation_duration: 1}
$data merge entity $(bone_barrel) {transformation: [-0.9976f,0.0685f,-0.0092f,0.0565f,0.069f,0.9953f,-0.0686f,-0.3554f,0.0045f,-0.069f,-0.9976f,0.5494f,0f,0f,0f,1f],start_interpolation: 0,interpolation_duration: 1}
$data merge entity $(bone_magazine) {transformation: [-0.9976f,0.0685f,-0.0092f,-0.0581f,0.069f,0.9953f,-0.0686f,-0.4136f,0.0045f,-0.069f,-0.9976f,0.357f,0f,0f,0f,1f],start_interpolation: 0,interpolation_duration: 1}
$data merge entity $(bone_grip) {transformation: [-0.9976f,0.0685f,-0.0092f,-0.0581f,0.069f,0.9953f,-0.0686f,-0.4136f,0.0045f,-0.069f,-0.9976f,0.357f,0f,0f,0f,1f],start_interpolation: 0,interpolation_duration: 1}
$data merge entity $(bone_trigger) {transformation: [-0.9976f,0.0685f,-0.0092f,-0.0575f,0.069f,0.9953f,-0.0686f,-0.4072f,0.0045f,-0.069f,-0.9976f,0.3872f,0f,0f,0f,1f],start_interpolation: 0,interpolation_duration: 1}
$data merge entity $(bone_trigger_gaurd) {transformation: [-0.9976f,0.0685f,-0.0092f,-0.0552f,0.069f,0.9953f,-0.0686f,-0.3762f,0.0045f,-0.069f,-0.9976f,0.4176f,0f,0f,0f,1f],start_interpolation: 0,interpolation_duration: 1}
$data merge entity $(bone_right_arm) {transformation: [-0.9976f,-0.0017f,-0.0691f,-0.0943f,0.069f,0.0402f,-0.9968f,-0.417f,0.0045f,-0.9992f,-0.04f,0.0199f,0f,0f,0f,1f],start_interpolation: 0,interpolation_duration: 1}
$data merge entity $(bone_magazine1) {transformation: [0f,0f,0f,-0.1158f,0f,0f,0f,-0.3478f,0f,0f,0f,0.3733f,0f,0f,0f,1f],start_interpolation: 0,interpolation_duration: 1}
$data merge entity $(bone_left_arm) {transformation: [-0.8273f,0.4005f,0.394f,0.084f,-0.3942f,0.0859f,-0.915f,-0.4205f,-0.4003f,-0.9123f,0.0869f,0.0321f,0f,0f,0f,1f],start_interpolation: 0,interpolation_duration: 1}
$execute on vehicle unless entity @s[tag=aj.transforms_only] as $(locator_barrel1) positioned ^-0.0711864438 ^-0.3090569539 ^0.7102538352 rotated ~359.471824085 ~-3.932024859 run function animated_java:glock/animations/shoot4/zzz/frames/2_locator_barrel1
data modify entity @s data merge value {"cameras":{},"locators":{"barrel1":{"px":-0.0711864437813233,"py":-0.30905695391243904,"pz":0.7102538351654081,"ry":359.4718240850037,"rx":-3.932024859018551}}}