# This file was generated by Animated Java via MC-Build. It is not recommended to edit this file directly.
$data merge entity $(bone_slide) {transformation: [-0.9962f,0.0876f,-0.0009f,-0.0455f,0.0876f,0.9961f,-0.0061f,-0.304f,0.0004f,-0.0061f,-1f,0.5428f,0f,0f,0f,1f],start_interpolation: 0,interpolation_duration: 1}
$data merge entity $(bone_barrel) {transformation: [-0.9962f,0.0876f,-0.0009f,0.0564f,0.0876f,0.9961f,-0.0061f,-0.3942f,0.0004f,-0.0061f,-1f,0.5432f,0f,0f,0f,1f],start_interpolation: 0,interpolation_duration: 1}
$data merge entity $(bone_magazine) {transformation: [-0.9962f,0.0876f,-0.0009f,-0.0573f,0.0876f,0.9961f,-0.0061f,-0.4381f,0.0004f,-0.0061f,-1f,0.3466f,0f,0f,0f,1f],start_interpolation: 0,interpolation_duration: 1}
$data merge entity $(bone_grip) {transformation: [-0.9962f,0.0876f,-0.0009f,-0.0573f,0.0876f,0.9961f,-0.0061f,-0.4381f,0.0004f,-0.0061f,-1f,0.3466f,0f,0f,0f,1f],start_interpolation: 0,interpolation_duration: 1}
$data merge entity $(bone_trigger) {transformation: [-0.9962f,0.0876f,-0.0009f,-0.0569f,0.0876f,0.9961f,-0.0061f,-0.4336f,0.0004f,-0.0061f,-1f,0.3772f,0f,0f,0f,1f],start_interpolation: 0,interpolation_duration: 1}
$data merge entity $(bone_trigger_gaurd) {transformation: [-0.9962f,0.0876f,-0.0009f,-0.0544f,0.0876f,0.9961f,-0.0061f,-0.4046f,0.0004f,-0.0061f,-1f,0.4095f,0f,0f,0f,1f],start_interpolation: 0,interpolation_duration: 1}
$data merge entity $(bone_right_arm) {transformation: [-0.9962f,-0.0009f,-0.0876f,-0.0937f,0.0876f,-0.0061f,-0.9961f,-0.4582f,0.0004f,-1f,0.0061f,0.0187f,0f,0f,0f,1f],start_interpolation: 0,interpolation_duration: 1}
$data merge entity $(bone_magazine1) {transformation: [0f,0f,0f,-0.114f,0f,0f,0f,-0.3724f,0f,0f,0f,0.3686f,0f,0f,0f,1f],start_interpolation: 0,interpolation_duration: 1}
$data merge entity $(bone_left_arm) {transformation: [-0.8344f,0.402f,0.377f,0.0844f,-0.3969f,0.0361f,-0.9171f,-0.4645f,-0.3824f,-0.9149f,0.1294f,0.0312f,0f,0f,0f,1f],start_interpolation: 0,interpolation_duration: 1}
data modify entity @s data merge value {"cameras":{},"locators":{"barrel1":{"px":-0.07189698424185156,"py":-0.3555364085403328,"pz":0.7056202124957758,"ry":359.946406688955,"rx":-0.34720714881170406}}}