# This file was generated by Animated Java via MC-Build. It is not recommended to edit this file directly.
$data merge entity $(bone_muzzleflash) {transformation: [0f,0f,0f,-0.2034f,0f,0f,0f,-0.7679f,0f,0f,0f,0.3996f,0f,0f,0f,1f],start_interpolation: 0,interpolation_duration: 1}
$data merge entity $(bone_slide) {transformation: [-0.9961f,0.0881f,-0.0009f,-0.0455f,0.0881f,0.9961f,-0.008f,-0.2993f,0.0002f,-0.0081f,-1f,0.5727f,0f,0f,0f,1f],start_interpolation: 0,interpolation_duration: 1}
$data merge entity $(bone_barrel) {transformation: [-0.9961f,0.0881f,-0.0009f,0.0563f,0.0881f,0.9961f,-0.008f,-0.3896f,0.0002f,-0.0081f,-1f,0.5733f,0f,0f,0f,1f],start_interpolation: 0,interpolation_duration: 1}
$data merge entity $(bone_magazine) {transformation: [-0.9961f,0.0881f,-0.0009f,-0.0574f,0.0881f,0.9961f,-0.008f,-0.4339f,0.0002f,-0.0081f,-1f,0.3768f,0f,0f,0f,1f],start_interpolation: 0,interpolation_duration: 1}
$data merge entity $(bone_grip) {transformation: [-0.9961f,0.0881f,-0.0009f,-0.0574f,0.0881f,0.9961f,-0.008f,-0.4339f,0.0002f,-0.0081f,-1f,0.3768f,0f,0f,0f,1f],start_interpolation: 0,interpolation_duration: 1}
$data merge entity $(bone_trigger) {transformation: [-0.9961f,0.0881f,-0.0009f,-0.057f,0.0881f,0.9961f,-0.008f,-0.4293f,0.0002f,-0.0081f,-1f,0.4074f,0f,0f,0f,1f],start_interpolation: 0,interpolation_duration: 1}
$data merge entity $(bone_trigger_gaurd) {transformation: [-0.9961f,0.0881f,-0.0009f,-0.0544f,0.0881f,0.9961f,-0.008f,-0.4002f,0.0002f,-0.0081f,-1f,0.4396f,0f,0f,0f,1f],start_interpolation: 0,interpolation_duration: 1}
$data merge entity $(bone_right_arm) {transformation: [-0.9961f,-0.0009f,-0.0881f,-0.0939f,0.0881f,-0.008f,-0.9961f,-0.4546f,0.0002f,-1f,0.0081f,0.049f,0f,0f,0f,1f],start_interpolation: 0,interpolation_duration: 1}
$data merge entity $(bone_magazine1) {transformation: [0f,0f,0f,-0.114f,0f,0f,0f,-0.3681f,0f,0f,0f,0.3986f,0f,0f,0f,1f],start_interpolation: 0,interpolation_duration: 1}
$data merge entity $(bone_left_arm) {transformation: [-0.8346f,0.4021f,0.3765f,0.0843f,-0.3972f,0.0341f,-0.9171f,-0.4609f,-0.3816f,-0.915f,0.1312f,0.0615f,0f,0f,0f,1f],start_interpolation: 0,interpolation_duration: 1}
data modify entity @s data merge value {"cameras":{},"locators":{"barrel1":{"px":-0.07194136722501872,"py":-0.35057279467893765,"pz":0.7356443407385316,"ry":359.9461571900831,"rx":-0.4587719209340003}}}