# This file was generated by Animated Java via MC-Build. It is not recommended to edit this file directly.
$data merge entity $(bone_muzzleflash) {transformation: [0f,0f,0f,-0.2071f,0f,0f,0f,-0.7523f,0f,0f,0f,0.3978f,0f,0f,0f,1f],start_interpolation: 0,interpolation_duration: 1}
$data merge entity $(bone_slide) {transformation: [-0.9954f,0.0956f,-0.0011f,-0.0457f,0.0956f,0.9952f,-0.0189f,-0.2831f,-0.0007f,-0.0189f,-0.9998f,0.5658f,0f,0f,0f,1f],start_interpolation: 0,interpolation_duration: 1}
$data merge entity $(bone_barrel) {transformation: [-0.9954f,0.0956f,-0.0011f,0.0555f,0.0956f,0.9952f,-0.0189f,-0.3741f,-0.0007f,-0.0189f,-0.9998f,0.5674f,0f,0f,0f,1f],start_interpolation: 0,interpolation_duration: 1}
$data merge entity $(bone_magazine) {transformation: [-0.9954f,0.0956f,-0.0011f,-0.0586f,0.0956f,0.9952f,-0.0189f,-0.4196f,-0.0007f,-0.0189f,-0.9998f,0.3714f,0f,0f,0f,1f],start_interpolation: 0,interpolation_duration: 1}
$data merge entity $(bone_grip) {transformation: [-0.9954f,0.0956f,-0.0011f,-0.0586f,0.0956f,0.9952f,-0.0189f,-0.4196f,-0.0007f,-0.0189f,-0.9998f,0.3714f,0f,0f,0f,1f],start_interpolation: 0,interpolation_duration: 1}
$data merge entity $(bone_trigger) {transformation: [-0.9954f,0.0956f,-0.0011f,-0.0582f,0.0956f,0.9952f,-0.0189f,-0.4147f,-0.0007f,-0.0189f,-0.9998f,0.402f,0f,0f,0f,1f],start_interpolation: 0,interpolation_duration: 1}
$data merge entity $(bone_trigger_gaurd) {transformation: [-0.9954f,0.0956f,-0.0011f,-0.0554f,0.0956f,0.9952f,-0.0189f,-0.3853f,-0.0007f,-0.0189f,-0.9998f,0.4339f,0f,0f,0f,1f],start_interpolation: 0,interpolation_duration: 1}
$data merge entity $(bone_right_arm) {transformation: [-0.9954f,-0.0011f,-0.0956f,-0.0952f,0.0956f,-0.0189f,-0.9952f,-0.4437f,-0.0007f,-0.9998f,0.0189f,0.0438f,0f,0f,0f,1f],start_interpolation: 0,interpolation_duration: 1}
$data merge entity $(bone_magazine1) {transformation: [0f,0f,0f,-0.1147f,0f,0f,0f,-0.3532f,0f,0f,0f,0.3925f,0f,0f,0f,1f],start_interpolation: 0,interpolation_duration: 1}
$data merge entity $(bone_left_arm) {transformation: [-0.8376f,0.4022f,0.3696f,0.0828f,-0.3951f,0.0211f,-0.9184f,-0.4512f,-0.3772f,-0.9153f,0.1412f,0.0564f,0f,0f,0f,1f],start_interpolation: 0,interpolation_duration: 1}
data modify entity @s data merge value {"cameras":{},"locators":{"barrel1":{"px":-0.07249327971781089,"py":-0.33232693161390653,"pz":0.729321252239438,"ry":359.93765740853246,"rx":-1.0834668860308279}}}