# This file was generated by Animated Java via MC-Build. It is not recommended to edit this file directly.
$data merge entity $(bone_muzzleflash) {transformation: [0f,0f,0f,-0.2263f,0f,0f,0f,-0.777f,0f,0f,0f,0.3782f,0f,0f,0f,1f],start_interpolation: 0,interpolation_duration: 1}
$data merge entity $(bone_slide) {transformation: [-0.9912f,0.1325f,0.0007f,-0.048f,0.1325f,0.9905f,0.0369f,-0.3242f,0.0042f,0.0367f,-0.9993f,0.5722f,0f,0f,0f,1f],start_interpolation: 0,interpolation_duration: 1}
$data merge entity $(bone_barrel) {transformation: [-0.9912f,0.1325f,0.0007f,0.0497f,0.1325f,0.9905f,0.0369f,-0.4188f,0.0042f,0.0367f,-0.9993f,0.5687f,0f,0f,0f,1f],start_interpolation: 0,interpolation_duration: 1}
$data merge entity $(bone_magazine) {transformation: [-0.9912f,0.1325f,0.0007f,-0.0655f,0.1325f,0.9905f,0.0369f,-0.4491f,0.0042f,0.0367f,-0.9993f,0.3704f,0f,0f,0f,1f],start_interpolation: 0,interpolation_duration: 1}
$data merge entity $(bone_grip) {transformation: [-0.9912f,0.1325f,0.0007f,-0.0655f,0.1325f,0.9905f,0.0369f,-0.4491f,0.0042f,0.0367f,-0.9993f,0.3704f,0f,0f,0f,1f],start_interpolation: 0,interpolation_duration: 1}
$data merge entity $(bone_trigger) {transformation: [-0.9912f,0.1325f,0.0007f,-0.0649f,0.1325f,0.9905f,0.0369f,-0.4459f,0.0042f,0.0367f,-0.9993f,0.4012f,0f,0f,0f,1f],start_interpolation: 0,interpolation_duration: 1}
$data merge entity $(bone_trigger_gaurd) {transformation: [-0.9912f,0.1325f,0.0007f,-0.0611f,0.1325f,0.9905f,0.0369f,-0.4185f,0.0042f,0.0367f,-0.9993f,0.4347f,0f,0f,0f,1f],start_interpolation: 0,interpolation_duration: 1}
$data merge entity $(bone_right_arm) {transformation: [-0.9912f,0.0007f,-0.1325f,-0.1021f,0.1325f,0.0369f,-0.9905f,-0.4535f,0.0042f,-0.9993f,-0.0367f,0.042f,0f,0f,0f,1f],start_interpolation: 0,interpolation_duration: 1}
$data merge entity $(bone_magazine1) {transformation: [0f,0f,0f,-0.1192f,0f,0f,0f,-0.3819f,0f,0f,0f,0.3952f,0f,0f,0f,1f],start_interpolation: 0,interpolation_duration: 1}
$data merge entity $(bone_left_arm) {transformation: [-0.8508f,0.405f,0.3349f,0.0755f,-0.342f,0.0571f,-0.938f,-0.4683f,-0.399f,-0.9125f,0.0899f,0.0542f,0f,0f,0f,1f],start_interpolation: 0,interpolation_duration: 1}
data modify entity @s data merge value {"cameras":{},"locators":{"barrel1":{"px":-0.07700394055986759,"py":-0.3814244246753087,"pz":0.7326382095982514,"ry":0.04210196239500874,"rx":2.1143716828370804}}}