# This file was generated by Animated Java via MC-Build. It is not recommended to edit this file directly.
$data merge entity $(bone_muzzleflash) {transformation: [0f,0f,0f,-0.2261f,0f,0f,0f,-0.7773f,0f,0f,0f,0.3781f,0f,0f,0f,1f],start_interpolation: 0,interpolation_duration: 1}
$data merge entity $(bone_slide) {transformation: [-0.9912f,0.1322f,0.0007f,-0.0479f,0.1322f,0.9905f,0.0371f,-0.3245f,0.0042f,0.0369f,-0.9993f,0.5721f,0f,0f,0f,1f],start_interpolation: 0,interpolation_duration: 1}
$data merge entity $(bone_barrel) {transformation: [-0.9912f,0.1322f,0.0007f,0.0498f,0.1322f,0.9905f,0.0371f,-0.4191f,0.0042f,0.0369f,-0.9993f,0.5687f,0f,0f,0f,1f],start_interpolation: 0,interpolation_duration: 1}
$data merge entity $(bone_magazine) {transformation: [-0.9912f,0.1322f,0.0007f,-0.0654f,0.1322f,0.9905f,0.0371f,-0.4494f,0.0042f,0.0369f,-0.9993f,0.3704f,0f,0f,0f,1f],start_interpolation: 0,interpolation_duration: 1}
$data merge entity $(bone_grip) {transformation: [-0.9912f,0.1322f,0.0007f,-0.0654f,0.1322f,0.9905f,0.0371f,-0.4494f,0.0042f,0.0369f,-0.9993f,0.3704f,0f,0f,0f,1f],start_interpolation: 0,interpolation_duration: 1}
$data merge entity $(bone_trigger) {transformation: [-0.9912f,0.1322f,0.0007f,-0.0649f,0.1322f,0.9905f,0.0371f,-0.4462f,0.0042f,0.0369f,-0.9993f,0.4012f,0f,0f,0f,1f],start_interpolation: 0,interpolation_duration: 1}
$data merge entity $(bone_trigger_gaurd) {transformation: [-0.9912f,0.1322f,0.0007f,-0.0611f,0.1322f,0.9905f,0.0371f,-0.4188f,0.0042f,0.0369f,-0.9993f,0.4347f,0f,0f,0f,1f],start_interpolation: 0,interpolation_duration: 1}
$data merge entity $(bone_right_arm) {transformation: [-0.9912f,0.0007f,-0.1322f,-0.1021f,0.1322f,0.0371f,-0.9905f,-0.4537f,0.0042f,-0.9993f,-0.0369f,0.0419f,0f,0f,0f,1f],start_interpolation: 0,interpolation_duration: 1}
$data merge entity $(bone_magazine1) {transformation: [0f,0f,0f,-0.1191f,0f,0f,0f,-0.3822f,0f,0f,0f,0.3952f,0f,0f,0f,1f],start_interpolation: 0,interpolation_duration: 1}
$data merge entity $(bone_left_arm) {transformation: [-0.8506f,0.405f,0.3352f,0.0756f,-0.3422f,0.0575f,-0.9379f,-0.4685f,-0.3991f,-0.9125f,0.0897f,0.0542f,0f,0f,0f,1f],start_interpolation: 0,interpolation_duration: 1}
data modify entity @s data merge value {"cameras":{},"locators":{"barrel1":{"px":-0.07697785726173059,"py":-0.38179911856780185,"pz":0.7326110443122359,"ry":0.04208044556855839,"rx":2.1280438195429237}}}