# This file was generated by Animated Java via MC-Build. It is not recommended to edit this file directly.
$data merge entity $(bone_muzzleflash) {transformation: [0f,0f,0f,-0.226f,0f,0f,0f,-0.7776f,0f,0f,0f,0.378f,0f,0f,0f,1f],start_interpolation: 0,interpolation_duration: 1}
$data merge entity $(bone_slide) {transformation: [-0.9913f,0.1319f,0.0007f,-0.0479f,0.1318f,0.9906f,0.0373f,-0.3248f,0.0042f,0.0371f,-0.9993f,0.5721f,0f,0f,0f,1f],start_interpolation: 0,interpolation_duration: 1}
$data merge entity $(bone_barrel) {transformation: [-0.9913f,0.1319f,0.0007f,0.0498f,0.1318f,0.9906f,0.0373f,-0.4194f,0.0042f,0.0371f,-0.9993f,0.5687f,0f,0f,0f,1f],start_interpolation: 0,interpolation_duration: 1}
$data merge entity $(bone_magazine) {transformation: [-0.9913f,0.1319f,0.0007f,-0.0654f,0.1318f,0.9906f,0.0373f,-0.4496f,0.0042f,0.0371f,-0.9993f,0.3704f,0f,0f,0f,1f],start_interpolation: 0,interpolation_duration: 1}
$data merge entity $(bone_grip) {transformation: [-0.9913f,0.1319f,0.0007f,-0.0654f,0.1318f,0.9906f,0.0373f,-0.4496f,0.0042f,0.0371f,-0.9993f,0.3704f,0f,0f,0f,1f],start_interpolation: 0,interpolation_duration: 1}
$data merge entity $(bone_trigger) {transformation: [-0.9913f,0.1319f,0.0007f,-0.0648f,0.1318f,0.9906f,0.0373f,-0.4465f,0.0042f,0.0371f,-0.9993f,0.4011f,0f,0f,0f,1f],start_interpolation: 0,interpolation_duration: 1}
$data merge entity $(bone_trigger_gaurd) {transformation: [-0.9913f,0.1319f,0.0007f,-0.0611f,0.1318f,0.9906f,0.0373f,-0.4191f,0.0042f,0.0371f,-0.9993f,0.4346f,0f,0f,0f,1f],start_interpolation: 0,interpolation_duration: 1}
$data merge entity $(bone_right_arm) {transformation: [-0.9913f,0.0007f,-0.1319f,-0.102f,0.1318f,0.0373f,-0.9906f,-0.4539f,0.0042f,-0.9993f,-0.0371f,0.0419f,0f,0f,0f,1f],start_interpolation: 0,interpolation_duration: 1}
$data merge entity $(bone_magazine1) {transformation: [0f,0f,0f,-0.1191f,0f,0f,0f,-0.3825f,0f,0f,0f,0.3951f,0f,0f,0f,1f],start_interpolation: 0,interpolation_duration: 1}
$data merge entity $(bone_left_arm) {transformation: [-0.8505f,0.405f,0.3355f,0.0756f,-0.3424f,0.0578f,-0.9378f,-0.4686f,-0.3992f,-0.9125f,0.0895f,0.0541f,0f,0f,0f,1f],start_interpolation: 0,interpolation_duration: 1}
data modify entity @s data merge value {"cameras":{},"locators":{"barrel1":{"px":-0.07694880974285244,"py":-0.3821249246875278,"pz":0.7325895607755768,"ry":0.041898048358859796,"rx":2.1388452841007948}}}