# This file was generated by Animated Java via MC-Build. It is not recommended to edit this file directly.
$data merge entity $(bone_muzzleflash) {transformation: [0f,0f,0f,-0.2258f,0f,0f,0f,-0.7779f,0f,0f,0f,0.3779f,0f,0f,0f,1f],start_interpolation: 0,interpolation_duration: 1}
$data merge entity $(bone_slide) {transformation: [-0.9913f,0.1316f,0.0007f,-0.0479f,0.1315f,0.9906f,0.0375f,-0.325f,0.0042f,0.0372f,-0.9993f,0.5721f,0f,0f,0f,1f],start_interpolation: 0,interpolation_duration: 1}
$data merge entity $(bone_barrel) {transformation: [-0.9913f,0.1316f,0.0007f,0.0499f,0.1315f,0.9906f,0.0375f,-0.4196f,0.0042f,0.0372f,-0.9993f,0.5687f,0f,0f,0f,1f],start_interpolation: 0,interpolation_duration: 1}
$data merge entity $(bone_magazine) {transformation: [-0.9913f,0.1316f,0.0007f,-0.0653f,0.1315f,0.9906f,0.0375f,-0.4499f,0.0042f,0.0372f,-0.9993f,0.3703f,0f,0f,0f,1f],start_interpolation: 0,interpolation_duration: 1}
$data merge entity $(bone_grip) {transformation: [-0.9913f,0.1316f,0.0007f,-0.0653f,0.1315f,0.9906f,0.0375f,-0.4499f,0.0042f,0.0372f,-0.9993f,0.3703f,0f,0f,0f,1f],start_interpolation: 0,interpolation_duration: 1}
$data merge entity $(bone_trigger) {transformation: [-0.9913f,0.1316f,0.0007f,-0.0648f,0.1315f,0.9906f,0.0375f,-0.4467f,0.0042f,0.0372f,-0.9993f,0.4011f,0f,0f,0f,1f],start_interpolation: 0,interpolation_duration: 1}
$data merge entity $(bone_trigger_gaurd) {transformation: [-0.9913f,0.1316f,0.0007f,-0.061f,0.1315f,0.9906f,0.0375f,-0.4193f,0.0042f,0.0372f,-0.9993f,0.4346f,0f,0f,0f,1f],start_interpolation: 0,interpolation_duration: 1}
$data merge entity $(bone_right_arm) {transformation: [-0.9913f,0.0007f,-0.1316f,-0.102f,0.1315f,0.0375f,-0.9906f,-0.4541f,0.0042f,-0.9993f,-0.0372f,0.0419f,0f,0f,0f,1f],start_interpolation: 0,interpolation_duration: 1}
$data merge entity $(bone_magazine1) {transformation: [0f,0f,0f,-0.1191f,0f,0f,0f,-0.3827f,0f,0f,0f,0.3951f,0f,0f,0f,1f],start_interpolation: 0,interpolation_duration: 1}
$data merge entity $(bone_left_arm) {transformation: [-0.8504f,0.405f,0.3358f,0.0757f,-0.3426f,0.058f,-0.9377f,-0.4687f,-0.3993f,-0.9125f,0.0894f,0.0541f,0f,0f,0f,1f],start_interpolation: 0,interpolation_duration: 1}
data modify entity @s data merge value {"cameras":{},"locators":{"barrel1":{"px":-0.07691677472225747,"py":-0.38240008895042454,"pz":0.7325739671417759,"ry":0.0415529061277482,"rx":2.1466816316270756}}}