# This file was generated by Animated Java via MC-Build. It is not recommended to edit this file directly.
$data merge entity $(bone_muzzleflash) {transformation: [0f,0f,0f,-0.2256f,0f,0f,0f,-0.7781f,0f,0f,0f,0.3778f,0f,0f,0f,1f],start_interpolation: 0,interpolation_duration: 1}
$data merge entity $(bone_slide) {transformation: [-0.9913f,0.1313f,0.0007f,-0.0479f,0.1312f,0.9906f,0.0375f,-0.3252f,0.0042f,0.0373f,-0.9993f,0.5721f,0f,0f,0f,1f],start_interpolation: 0,interpolation_duration: 1}
$data merge entity $(bone_barrel) {transformation: [-0.9913f,0.1313f,0.0007f,0.0499f,0.1312f,0.9906f,0.0375f,-0.4197f,0.0042f,0.0373f,-0.9993f,0.5686f,0f,0f,0f,1f],start_interpolation: 0,interpolation_duration: 1}
$data merge entity $(bone_magazine) {transformation: [-0.9913f,0.1313f,0.0007f,-0.0653f,0.1312f,0.9906f,0.0375f,-0.4501f,0.0042f,0.0373f,-0.9993f,0.3703f,0f,0f,0f,1f],start_interpolation: 0,interpolation_duration: 1}
$data merge entity $(bone_grip) {transformation: [-0.9913f,0.1313f,0.0007f,-0.0653f,0.1312f,0.9906f,0.0375f,-0.4501f,0.0042f,0.0373f,-0.9993f,0.3703f,0f,0f,0f,1f],start_interpolation: 0,interpolation_duration: 1}
$data merge entity $(bone_trigger) {transformation: [-0.9913f,0.1313f,0.0007f,-0.0647f,0.1312f,0.9906f,0.0375f,-0.4469f,0.0042f,0.0373f,-0.9993f,0.4011f,0f,0f,0f,1f],start_interpolation: 0,interpolation_duration: 1}
$data merge entity $(bone_trigger_gaurd) {transformation: [-0.9913f,0.1313f,0.0007f,-0.061f,0.1312f,0.9906f,0.0375f,-0.4195f,0.0042f,0.0373f,-0.9993f,0.4346f,0f,0f,0f,1f],start_interpolation: 0,interpolation_duration: 1}
$data merge entity $(bone_right_arm) {transformation: [-0.9913f,0.0007f,-0.1313f,-0.1019f,0.1312f,0.0375f,-0.9906f,-0.4542f,0.0042f,-0.9993f,-0.0373f,0.0419f,0f,0f,0f,1f],start_interpolation: 0,interpolation_duration: 1}
$data merge entity $(bone_magazine1) {transformation: [0f,0f,0f,-0.119f,0f,0f,0f,-0.383f,0f,0f,0f,0.3951f,0f,0f,0f,1f],start_interpolation: 0,interpolation_duration: 1}
$data merge entity $(bone_left_arm) {transformation: [-0.8503f,0.405f,0.3361f,0.0757f,-0.3428f,0.0582f,-0.9376f,-0.4689f,-0.3993f,-0.9125f,0.0893f,0.0541f,0f,0f,0f,1f],start_interpolation: 0,interpolation_duration: 1}
data modify entity @s data merge value {"cameras":{},"locators":{"barrel1":{"px":-0.07688173284053468,"py":-0.3826228562788158,"pz":0.7325644666211518,"ry":0.041043477670541506,"rx":2.151458403410252}}}