# This file was generated by Animated Java via MC-Build. It is not recommended to edit this file directly.
$data merge entity $(bone_muzzleflash) {transformation: [0f,0f,0f,-0.2255f,0f,0f,0f,-0.7783f,0f,0f,0f,0.3778f,0f,0f,0f,1f],start_interpolation: 0,interpolation_duration: 1}
$data merge entity $(bone_slide) {transformation: [-0.9914f,0.1309f,0.0007f,-0.0479f,0.1309f,0.9907f,0.0376f,-0.3254f,0.0042f,0.0373f,-0.9993f,0.5721f,0f,0f,0f,1f],start_interpolation: 0,interpolation_duration: 1}
$data merge entity $(bone_barrel) {transformation: [-0.9914f,0.1309f,0.0007f,0.05f,0.1309f,0.9907f,0.0376f,-0.4199f,0.0042f,0.0373f,-0.9993f,0.5686f,0f,0f,0f,1f],start_interpolation: 0,interpolation_duration: 1}
$data merge entity $(bone_magazine) {transformation: [-0.9914f,0.1309f,0.0007f,-0.0652f,0.1309f,0.9907f,0.0376f,-0.4502f,0.0042f,0.0373f,-0.9993f,0.3703f,0f,0f,0f,1f],start_interpolation: 0,interpolation_duration: 1}
$data merge entity $(bone_grip) {transformation: [-0.9914f,0.1309f,0.0007f,-0.0652f,0.1309f,0.9907f,0.0376f,-0.4502f,0.0042f,0.0373f,-0.9993f,0.3703f,0f,0f,0f,1f],start_interpolation: 0,interpolation_duration: 1}
$data merge entity $(bone_trigger) {transformation: [-0.9914f,0.1309f,0.0007f,-0.0647f,0.1309f,0.9907f,0.0376f,-0.447f,0.0042f,0.0373f,-0.9993f,0.4011f,0f,0f,0f,1f],start_interpolation: 0,interpolation_duration: 1}
$data merge entity $(bone_trigger_gaurd) {transformation: [-0.9914f,0.1309f,0.0007f,-0.0609f,0.1309f,0.9907f,0.0376f,-0.4196f,0.0042f,0.0373f,-0.9993f,0.4346f,0f,0f,0f,1f],start_interpolation: 0,interpolation_duration: 1}
$data merge entity $(bone_right_arm) {transformation: [-0.9914f,0.0007f,-0.1309f,-0.1018f,0.1309f,0.0376f,-0.9907f,-0.4544f,0.0042f,-0.9993f,-0.0373f,0.0419f,0f,0f,0f,1f],start_interpolation: 0,interpolation_duration: 1}
$data merge entity $(bone_magazine1) {transformation: [0f,0f,0f,-0.119f,0f,0f,0f,-0.3831f,0f,0f,0f,0.3951f,0f,0f,0f,1f],start_interpolation: 0,interpolation_duration: 1}
$data merge entity $(bone_left_arm) {transformation: [-0.8502f,0.405f,0.3364f,0.0758f,-0.3431f,0.0584f,-0.9375f,-0.4689f,-0.3993f,-0.9125f,0.0893f,0.0541f,0f,0f,0f,1f],start_interpolation: 0,interpolation_duration: 1}
data modify entity @s data merge value {"cameras":{},"locators":{"barrel1":{"px":-0.0768436687888581,"py":-0.38279147049799045,"pz":0.7325612568677623,"ry":0.040368556061963545,"rx":2.1530811268496204}}}