# This file was generated by Animated Java via MC-Build. It is not recommended to edit this file directly.
$data merge entity $(bone_muzzleflash) {transformation: [0f,0f,0f,-0.2253f,0f,0f,0f,-0.7785f,0f,0f,0f,0.3778f,0f,0f,0f,1f],start_interpolation: 0,interpolation_duration: 1}
$data merge entity $(bone_slide) {transformation: [-0.9914f,0.1306f,0.0007f,-0.0478f,0.1305f,0.9907f,0.0375f,-0.3255f,0.0042f,0.0373f,-0.9993f,0.5721f,0f,0f,0f,1f],start_interpolation: 0,interpolation_duration: 1}
$data merge entity $(bone_barrel) {transformation: [-0.9914f,0.1306f,0.0007f,0.05f,0.1305f,0.9907f,0.0375f,-0.4199f,0.0042f,0.0373f,-0.9993f,0.5686f,0f,0f,0f,1f],start_interpolation: 0,interpolation_duration: 1}
$data merge entity $(bone_magazine) {transformation: [-0.9914f,0.1306f,0.0007f,-0.0651f,0.1305f,0.9907f,0.0375f,-0.4503f,0.0042f,0.0373f,-0.9993f,0.3703f,0f,0f,0f,1f],start_interpolation: 0,interpolation_duration: 1}
$data merge entity $(bone_grip) {transformation: [-0.9914f,0.1306f,0.0007f,-0.0651f,0.1305f,0.9907f,0.0375f,-0.4503f,0.0042f,0.0373f,-0.9993f,0.3703f,0f,0f,0f,1f],start_interpolation: 0,interpolation_duration: 1}
$data merge entity $(bone_trigger) {transformation: [-0.9914f,0.1306f,0.0007f,-0.0646f,0.1305f,0.9907f,0.0375f,-0.4471f,0.0042f,0.0373f,-0.9993f,0.4011f,0f,0f,0f,1f],start_interpolation: 0,interpolation_duration: 1}
$data merge entity $(bone_trigger_gaurd) {transformation: [-0.9914f,0.1306f,0.0007f,-0.0608f,0.1305f,0.9907f,0.0375f,-0.4198f,0.0042f,0.0373f,-0.9993f,0.4346f,0f,0f,0f,1f],start_interpolation: 0,interpolation_duration: 1}
$data merge entity $(bone_right_arm) {transformation: [-0.9914f,0.0007f,-0.1306f,-0.1018f,0.1305f,0.0375f,-0.9907f,-0.4545f,0.0042f,-0.9993f,-0.0373f,0.0419f,0f,0f,0f,1f],start_interpolation: 0,interpolation_duration: 1}
$data merge entity $(bone_magazine1) {transformation: [0f,0f,0f,-0.1189f,0f,0f,0f,-0.3833f,0f,0f,0f,0.3951f,0f,0f,0f,1f],start_interpolation: 0,interpolation_duration: 1}
$data merge entity $(bone_left_arm) {transformation: [-0.8501f,0.4049f,0.3368f,0.0759f,-0.3435f,0.0585f,-0.9373f,-0.469f,-0.3993f,-0.9125f,0.0893f,0.0541f,0f,0f,0f,1f],start_interpolation: 0,interpolation_duration: 1}
data modify entity @s data merge value {"cameras":{},"locators":{"barrel1":{"px":-0.07678543908576402,"py":-0.3829095739808032,"pz":0.7325648856193994,"ry":0.03886532782897234,"rx":2.151514871727875}}}