# This file was generated by Animated Java via MC-Build. It is not recommended to edit this file directly.
$data merge entity $(bone_muzzleflash) {transformation: [0f,0f,0f,-0.225f,0f,0f,0f,-0.7787f,0f,0f,0f,0.3779f,0f,0f,0f,1f],start_interpolation: 0,interpolation_duration: 1}
$data merge entity $(bone_slide) {transformation: [-0.9915f,0.1302f,0.0006f,-0.0478f,0.1301f,0.9908f,0.0375f,-0.3256f,0.0043f,0.0372f,-0.9993f,0.5721f,0f,0f,0f,1f],start_interpolation: 0,interpolation_duration: 1}
$data merge entity $(bone_barrel) {transformation: [-0.9915f,0.1302f,0.0006f,0.0501f,0.1301f,0.9908f,0.0375f,-0.42f,0.0043f,0.0372f,-0.9993f,0.5687f,0f,0f,0f,1f],start_interpolation: 0,interpolation_duration: 1}
$data merge entity $(bone_magazine) {transformation: [-0.9915f,0.1302f,0.0006f,-0.065f,0.1301f,0.9908f,0.0375f,-0.4504f,0.0043f,0.0372f,-0.9993f,0.3703f,0f,0f,0f,1f],start_interpolation: 0,interpolation_duration: 1}
$data merge entity $(bone_grip) {transformation: [-0.9915f,0.1302f,0.0006f,-0.065f,0.1301f,0.9908f,0.0375f,-0.4504f,0.0043f,0.0372f,-0.9993f,0.3703f,0f,0f,0f,1f],start_interpolation: 0,interpolation_duration: 1}
$data merge entity $(bone_trigger) {transformation: [-0.9915f,0.1302f,0.0006f,-0.0645f,0.1301f,0.9908f,0.0375f,-0.4472f,0.0043f,0.0372f,-0.9993f,0.4011f,0f,0f,0f,1f],start_interpolation: 0,interpolation_duration: 1}
$data merge entity $(bone_trigger_gaurd) {transformation: [-0.9915f,0.1302f,0.0006f,-0.0607f,0.1301f,0.9908f,0.0375f,-0.4198f,0.0043f,0.0372f,-0.9993f,0.4346f,0f,0f,0f,1f],start_interpolation: 0,interpolation_duration: 1}
$data merge entity $(bone_right_arm) {transformation: [-0.9915f,0.0006f,-0.1302f,-0.1017f,0.1301f,0.0375f,-0.9908f,-0.4547f,0.0043f,-0.9993f,-0.0372f,0.0419f,0f,0f,0f,1f],start_interpolation: 0,interpolation_duration: 1}
$data merge entity $(bone_magazine1) {transformation: [0f,0f,0f,-0.1188f,0f,0f,0f,-0.3834f,0f,0f,0f,0.3951f,0f,0f,0f,1f],start_interpolation: 0,interpolation_duration: 1}
$data merge entity $(bone_left_arm) {transformation: [-0.8499f,0.4049f,0.3371f,0.076f,-0.3438f,0.0586f,-0.9372f,-0.4691f,-0.3992f,-0.9125f,0.0894f,0.0541f,0f,0f,0f,1f],start_interpolation: 0,interpolation_duration: 1}
data modify entity @s data merge value {"cameras":{},"locators":{"barrel1":{"px":-0.07669109608666191,"py":-0.3829828174581015,"pz":0.732575615150031,"ry":0.03592035262227,"rx":2.146847557564942}}}