# This file was generated by Animated Java via MC-Build. It is not recommended to edit this file directly.
$data merge entity $(bone_muzzleflash) {transformation: [0f,0f,0f,-0.2247f,0f,0f,0f,-0.7788f,0f,0f,0f,0.378f,0f,0f,0f,1f],start_interpolation: 0,interpolation_duration: 1}
$data merge entity $(bone_slide) {transformation: [-0.9915f,0.1297f,0.0006f,-0.0477f,0.1297f,0.9909f,0.0373f,-0.3256f,0.0043f,0.0371f,-0.9993f,0.5721f,0f,0f,0f,1f],start_interpolation: 0,interpolation_duration: 1}
$data merge entity $(bone_barrel) {transformation: [-0.9915f,0.1297f,0.0006f,0.0503f,0.1297f,0.9909f,0.0373f,-0.42f,0.0043f,0.0371f,-0.9993f,0.5687f,0f,0f,0f,1f],start_interpolation: 0,interpolation_duration: 1}
$data merge entity $(bone_magazine) {transformation: [-0.9915f,0.1297f,0.0006f,-0.0649f,0.1297f,0.9909f,0.0373f,-0.4505f,0.0043f,0.0371f,-0.9993f,0.3704f,0f,0f,0f,1f],start_interpolation: 0,interpolation_duration: 1}
$data merge entity $(bone_grip) {transformation: [-0.9915f,0.1297f,0.0006f,-0.0649f,0.1297f,0.9909f,0.0373f,-0.4505f,0.0043f,0.0371f,-0.9993f,0.3704f,0f,0f,0f,1f],start_interpolation: 0,interpolation_duration: 1}
$data merge entity $(bone_trigger) {transformation: [-0.9915f,0.1297f,0.0006f,-0.0643f,0.1297f,0.9909f,0.0373f,-0.4473f,0.0043f,0.0371f,-0.9993f,0.4011f,0f,0f,0f,1f],start_interpolation: 0,interpolation_duration: 1}
$data merge entity $(bone_trigger_gaurd) {transformation: [-0.9915f,0.1297f,0.0006f,-0.0606f,0.1297f,0.9909f,0.0373f,-0.4199f,0.0043f,0.0371f,-0.9993f,0.4346f,0f,0f,0f,1f],start_interpolation: 0,interpolation_duration: 1}
$data merge entity $(bone_right_arm) {transformation: [-0.9915f,0.0006f,-0.1297f,-0.1016f,0.1297f,0.0373f,-0.9909f,-0.4548f,0.0043f,-0.9993f,-0.0371f,0.0419f,0f,0f,0f,1f],start_interpolation: 0,interpolation_duration: 1}
$data merge entity $(bone_magazine1) {transformation: [0f,0f,0f,-0.1187f,0f,0f,0f,-0.3835f,0f,0f,0f,0.3951f,0f,0f,0f,1f],start_interpolation: 0,interpolation_duration: 1}
$data merge entity $(bone_left_arm) {transformation: [-0.8498f,0.4048f,0.3376f,0.0761f,-0.3442f,0.0587f,-0.937f,-0.4692f,-0.3991f,-0.9125f,0.0895f,0.0541f,0f,0f,0f,1f],start_interpolation: 0,interpolation_duration: 1}
data modify entity @s data merge value {"cameras":{},"locators":{"barrel1":{"px":-0.07656242482321876,"py":-0.3830124541696559,"pz":0.7325932051613895,"ry":0.031607076851145166,"rx":2.139168859941444}}}