# This file was generated by Animated Java via MC-Build. It is not recommended to edit this file directly.
$data merge entity $(bone_muzzleflash) {transformation: [0f,0f,0f,-0.2244f,0f,0f,0f,-0.7789f,0f,0f,0f,0.3781f,0f,0f,0f,1f],start_interpolation: 0,interpolation_duration: 1}
$data merge entity $(bone_slide) {transformation: [-0.9916f,0.1293f,0.0005f,-0.0476f,0.1292f,0.9909f,0.0371f,-0.3256f,0.0044f,0.0369f,-0.9993f,0.5722f,0f,0f,0f,1f],start_interpolation: 0,interpolation_duration: 1}
$data merge entity $(bone_barrel) {transformation: [-0.9916f,0.1293f,0.0005f,0.0504f,0.1292f,0.9909f,0.0371f,-0.4199f,0.0044f,0.0369f,-0.9993f,0.5687f,0f,0f,0f,1f],start_interpolation: 0,interpolation_duration: 1}
$data merge entity $(bone_magazine) {transformation: [-0.9916f,0.1293f,0.0005f,-0.0647f,0.1292f,0.9909f,0.0371f,-0.4506f,0.0044f,0.0369f,-0.9993f,0.3704f,0f,0f,0f,1f],start_interpolation: 0,interpolation_duration: 1}
$data merge entity $(bone_grip) {transformation: [-0.9916f,0.1293f,0.0005f,-0.0647f,0.1292f,0.9909f,0.0371f,-0.4506f,0.0044f,0.0369f,-0.9993f,0.3704f,0f,0f,0f,1f],start_interpolation: 0,interpolation_duration: 1}
$data merge entity $(bone_trigger) {transformation: [-0.9916f,0.1293f,0.0005f,-0.0642f,0.1292f,0.9909f,0.0371f,-0.4474f,0.0044f,0.0369f,-0.9993f,0.4012f,0f,0f,0f,1f],start_interpolation: 0,interpolation_duration: 1}
$data merge entity $(bone_trigger_gaurd) {transformation: [-0.9916f,0.1293f,0.0005f,-0.0605f,0.1292f,0.9909f,0.0371f,-0.4199f,0.0044f,0.0369f,-0.9993f,0.4347f,0f,0f,0f,1f],start_interpolation: 0,interpolation_duration: 1}
$data merge entity $(bone_right_arm) {transformation: [-0.9916f,0.0005f,-0.1293f,-0.1014f,0.1292f,0.0371f,-0.9909f,-0.4549f,0.0044f,-0.9993f,-0.0369f,0.042f,0f,0f,0f,1f],start_interpolation: 0,interpolation_duration: 1}
$data merge entity $(bone_magazine1) {transformation: [0f,0f,0f,-0.1186f,0f,0f,0f,-0.3835f,0f,0f,0f,0.3952f,0f,0f,0f,1f],start_interpolation: 0,interpolation_duration: 1}
$data merge entity $(bone_left_arm) {transformation: [-0.8497f,0.4047f,0.338f,0.0763f,-0.3447f,0.0587f,-0.9369f,-0.4692f,-0.399f,-0.9126f,0.0896f,0.0541f,0f,0f,0f,1f],start_interpolation: 0,interpolation_duration: 1}
data modify entity @s data merge value {"cameras":{},"locators":{"barrel1":{"px":-0.07640121444877421,"py":-0.38299973484981015,"pz":0.7326174090390905,"ry":0.02599934531988879,"rx":2.1285683301816447}}}