# This file was generated by Animated Java via MC-Build. It is not recommended to edit this file directly.
$data merge entity $(bone_muzzleflash) {transformation: [0f,0f,0f,-0.2076f,0f,0f,0f,-0.7512f,0f,0f,0f,0.3978f,0f,0f,0f,1f],start_interpolation: 0,interpolation_duration: 1}
$data merge entity $(bone_slide) {transformation: [-0.9953f,0.0967f,-0.0011f,-0.0457f,0.0967f,0.9951f,-0.0195f,-0.282f,-0.0008f,-0.0195f,-0.9998f,0.5656f,0f,0f,0f,1f],start_interpolation: 0,interpolation_duration: 1}
$data merge entity $(bone_barrel) {transformation: [-0.9953f,0.0967f,-0.0011f,0.0553f,0.0967f,0.9951f,-0.0195f,-0.3731f,-0.0008f,-0.0195f,-0.9998f,0.5672f,0f,0f,0f,1f],start_interpolation: 0,interpolation_duration: 1}
$data merge entity $(bone_magazine) {transformation: [-0.9953f,0.0967f,-0.0011f,-0.0588f,0.0967f,0.9951f,-0.0195f,-0.4187f,-0.0008f,-0.0195f,-0.9998f,0.3712f,0f,0f,0f,1f],start_interpolation: 0,interpolation_duration: 1}
$data merge entity $(bone_grip) {transformation: [-0.9953f,0.0967f,-0.0011f,-0.0588f,0.0967f,0.9951f,-0.0195f,-0.4187f,-0.0008f,-0.0195f,-0.9998f,0.3712f,0f,0f,0f,1f],start_interpolation: 0,interpolation_duration: 1}
$data merge entity $(bone_trigger) {transformation: [-0.9953f,0.0967f,-0.0011f,-0.0584f,0.0967f,0.9951f,-0.0195f,-0.4137f,-0.0008f,-0.0195f,-0.9998f,0.4018f,0f,0f,0f,1f],start_interpolation: 0,interpolation_duration: 1}
$data merge entity $(bone_trigger_gaurd) {transformation: [-0.9953f,0.0967f,-0.0011f,-0.0555f,0.0967f,0.9951f,-0.0195f,-0.3844f,-0.0008f,-0.0195f,-0.9998f,0.4336f,0f,0f,0f,1f],start_interpolation: 0,interpolation_duration: 1}
$data merge entity $(bone_right_arm) {transformation: [-0.9953f,-0.0011f,-0.0967f,-0.0954f,0.0967f,-0.0195f,-0.9951f,-0.4428f,-0.0008f,-0.9998f,0.0195f,0.0436f,0f,0f,0f,1f],start_interpolation: 0,interpolation_duration: 1}
$data merge entity $(bone_magazine1) {transformation: [0f,0f,0f,-0.1148f,0f,0f,0f,-0.3522f,0f,0f,0f,0.3923f,0f,0f,0f,1f],start_interpolation: 0,interpolation_duration: 1}
$data merge entity $(bone_left_arm) {transformation: [-0.8381f,0.4022f,0.3686f,0.0826f,-0.3944f,0.0202f,-0.9187f,-0.4506f,-0.377f,-0.9153f,0.1417f,0.0562f,0f,0f,0f,1f],start_interpolation: 0,interpolation_duration: 1}
data modify entity @s data merge value {"cameras":{},"locators":{"barrel1":{"px":-0.0725684457551898,"py":-0.33114858146237786,"pz":0.7290691822776636,"ry":359.9362013691551,"rx":-1.1159111033326825}}}