# This file was generated by Animated Java via MC-Build. It is not recommended to edit this file directly.
$data merge entity $(bone_muzzleflash) {transformation: [0f,0f,0f,-0.2241f,0f,0f,0f,-0.7791f,0f,0f,0f,0.3782f,0f,0f,0f,1f],start_interpolation: 0,interpolation_duration: 1}
$data merge entity $(bone_slide) {transformation: [-0.9917f,0.1288f,0.0003f,-0.0474f,0.1287f,0.991f,0.0369f,-0.3256f,0.0044f,0.0366f,-0.9993f,0.5722f,0f,0f,0f,1f],start_interpolation: 0,interpolation_duration: 1}
$data merge entity $(bone_barrel) {transformation: [-0.9917f,0.1288f,0.0003f,0.0506f,0.1287f,0.991f,0.0369f,-0.4199f,0.0044f,0.0366f,-0.9993f,0.5687f,0f,0f,0f,1f],start_interpolation: 0,interpolation_duration: 1}
$data merge entity $(bone_magazine) {transformation: [-0.9917f,0.1288f,0.0003f,-0.0645f,0.1287f,0.991f,0.0369f,-0.4506f,0.0044f,0.0366f,-0.9993f,0.3704f,0f,0f,0f,1f],start_interpolation: 0,interpolation_duration: 1}
$data merge entity $(bone_grip) {transformation: [-0.9917f,0.1288f,0.0003f,-0.0645f,0.1287f,0.991f,0.0369f,-0.4506f,0.0044f,0.0366f,-0.9993f,0.3704f,0f,0f,0f,1f],start_interpolation: 0,interpolation_duration: 1}
$data merge entity $(bone_trigger) {transformation: [-0.9917f,0.1288f,0.0003f,-0.064f,0.1287f,0.991f,0.0369f,-0.4474f,0.0044f,0.0366f,-0.9993f,0.4012f,0f,0f,0f,1f],start_interpolation: 0,interpolation_duration: 1}
$data merge entity $(bone_trigger_gaurd) {transformation: [-0.9917f,0.1288f,0.0003f,-0.0603f,0.1287f,0.991f,0.0369f,-0.42f,0.0044f,0.0366f,-0.9993f,0.4347f,0f,0f,0f,1f],start_interpolation: 0,interpolation_duration: 1}
$data merge entity $(bone_right_arm) {transformation: [-0.9917f,0.0003f,-0.1288f,-0.1013f,0.1287f,0.0369f,-0.991f,-0.4551f,0.0044f,-0.9993f,-0.0366f,0.042f,0f,0f,0f,1f],start_interpolation: 0,interpolation_duration: 1}
$data merge entity $(bone_magazine1) {transformation: [0f,0f,0f,-0.1184f,0f,0f,0f,-0.3836f,0f,0f,0f,0.3952f,0f,0f,0f,1f],start_interpolation: 0,interpolation_duration: 1}
$data merge entity $(bone_left_arm) {transformation: [-0.8496f,0.4046f,0.3385f,0.0764f,-0.3452f,0.0587f,-0.9367f,-0.4692f,-0.3988f,-0.9126f,0.0898f,0.0542f,0f,0f,0f,1f],start_interpolation: 0,interpolation_duration: 1}
data modify entity @s data merge value {"cameras":{},"locators":{"barrel1":{"px":-0.07620925762473221,"py":-0.3829459083058593,"pz":0.7326479746205639,"ry":0.019171340126632685,"rx":2.115135432075224}}}