# This file was generated by Animated Java via MC-Build. It is not recommended to edit this file directly.
$data merge entity $(bone_muzzleflash) {transformation: [0f,0f,0f,-0.2237f,0f,0f,0f,-0.7791f,0f,0f,0f,0.3784f,0f,0f,0f,1f],start_interpolation: 0,interpolation_duration: 1}
$data merge entity $(bone_slide) {transformation: [-0.9917f,0.1283f,0.0002f,-0.0472f,0.1282f,0.9911f,0.0366f,-0.3255f,0.0045f,0.0363f,-0.9993f,0.5722f,0f,0f,0f,1f],start_interpolation: 0,interpolation_duration: 1}
$data merge entity $(bone_barrel) {transformation: [-0.9917f,0.1283f,0.0002f,0.0508f,0.1282f,0.9911f,0.0366f,-0.4197f,0.0045f,0.0363f,-0.9993f,0.5687f,0f,0f,0f,1f],start_interpolation: 0,interpolation_duration: 1}
$data merge entity $(bone_magazine) {transformation: [-0.9917f,0.1283f,0.0002f,-0.0643f,0.1282f,0.9911f,0.0366f,-0.4506f,0.0045f,0.0363f,-0.9993f,0.3705f,0f,0f,0f,1f],start_interpolation: 0,interpolation_duration: 1}
$data merge entity $(bone_grip) {transformation: [-0.9917f,0.1283f,0.0002f,-0.0643f,0.1282f,0.9911f,0.0366f,-0.4506f,0.0045f,0.0363f,-0.9993f,0.3705f,0f,0f,0f,1f],start_interpolation: 0,interpolation_duration: 1}
$data merge entity $(bone_trigger) {transformation: [-0.9917f,0.1283f,0.0002f,-0.0638f,0.1282f,0.9911f,0.0366f,-0.4474f,0.0045f,0.0363f,-0.9993f,0.4013f,0f,0f,0f,1f],start_interpolation: 0,interpolation_duration: 1}
$data merge entity $(bone_trigger_gaurd) {transformation: [-0.9917f,0.1283f,0.0002f,-0.0601f,0.1282f,0.9911f,0.0366f,-0.4199f,0.0045f,0.0363f,-0.9993f,0.4347f,0f,0f,0f,1f],start_interpolation: 0,interpolation_duration: 1}
$data merge entity $(bone_right_arm) {transformation: [-0.9917f,0.0002f,-0.1283f,-0.1011f,0.1282f,0.0366f,-0.9911f,-0.4552f,0.0045f,-0.9993f,-0.0363f,0.0421f,0f,0f,0f,1f],start_interpolation: 0,interpolation_duration: 1}
$data merge entity $(bone_magazine1) {transformation: [0f,0f,0f,-0.1183f,0f,0f,0f,-0.3836f,0f,0f,0f,0.3952f,0f,0f,0f,1f],start_interpolation: 0,interpolation_duration: 1}
$data merge entity $(bone_left_arm) {transformation: [-0.8494f,0.4044f,0.339f,0.0766f,-0.3458f,0.0586f,-0.9365f,-0.4692f,-0.3986f,-0.9127f,0.09f,0.0542f,0f,0f,0f,1f],start_interpolation: 0,interpolation_duration: 1}
data modify entity @s data merge value {"cameras":{},"locators":{"barrel1":{"px":-0.07598834992687278,"py":-0.38285222197430707,"pz":0.7326846449350565,"ry":0.011197521523996556,"rx":2.0989595770482397}}}