# This file was generated by Animated Java via MC-Build. It is not recommended to edit this file directly.
$data merge entity $(bone_muzzleflash) {transformation: [0f,0f,0f,-0.2233f,0f,0f,0f,-0.7792f,0f,0f,0f,0.3786f,0f,0f,0f,1f],start_interpolation: 0,interpolation_duration: 1}
$data merge entity $(bone_slide) {transformation: [-0.9918f,0.1277f,0f,-0.0471f,0.1276f,0.9912f,0.0363f,-0.3254f,0.0046f,0.036f,-0.9993f,0.5722f,0f,0f,0f,1f],start_interpolation: 0,interpolation_duration: 1}
$data merge entity $(bone_barrel) {transformation: [-0.9918f,0.1277f,0f,0.0511f,0.1276f,0.9912f,0.0363f,-0.4196f,0.0046f,0.036f,-0.9993f,0.5688f,0f,0f,0f,1f],start_interpolation: 0,interpolation_duration: 1}
$data merge entity $(bone_magazine) {transformation: [-0.9918f,0.1277f,0f,-0.0641f,0.1276f,0.9912f,0.0363f,-0.4506f,0.0046f,0.036f,-0.9993f,0.3706f,0f,0f,0f,1f],start_interpolation: 0,interpolation_duration: 1}
$data merge entity $(bone_grip) {transformation: [-0.9918f,0.1277f,0f,-0.0641f,0.1276f,0.9912f,0.0363f,-0.4506f,0.0046f,0.036f,-0.9993f,0.3706f,0f,0f,0f,1f],start_interpolation: 0,interpolation_duration: 1}
$data merge entity $(bone_trigger) {transformation: [-0.9918f,0.1277f,0f,-0.0635f,0.1276f,0.9912f,0.0363f,-0.4473f,0.0046f,0.036f,-0.9993f,0.4013f,0f,0f,0f,1f],start_interpolation: 0,interpolation_duration: 1}
$data merge entity $(bone_trigger_gaurd) {transformation: [-0.9918f,0.1277f,0f,-0.0599f,0.1276f,0.9912f,0.0363f,-0.4199f,0.0046f,0.036f,-0.9993f,0.4348f,0f,0f,0f,1f],start_interpolation: 0,interpolation_duration: 1}
$data merge entity $(bone_right_arm) {transformation: [-0.9918f,0f,-0.1277f,-0.1009f,0.1276f,0.0363f,-0.9912f,-0.4553f,0.0046f,-0.9993f,-0.036f,0.0421f,0f,0f,0f,1f],start_interpolation: 0,interpolation_duration: 1}
$data merge entity $(bone_magazine1) {transformation: [0f,0f,0f,-0.1181f,0f,0f,0f,-0.3836f,0f,0f,0f,0.3953f,0f,0f,0f,1f],start_interpolation: 0,interpolation_duration: 1}
$data merge entity $(bone_left_arm) {transformation: [-0.8493f,0.4043f,0.3395f,0.0768f,-0.3464f,0.0586f,-0.9363f,-0.4692f,-0.3984f,-0.9128f,0.0903f,0.0543f,0f,0f,0f,1f],start_interpolation: 0,interpolation_duration: 1}
data modify entity @s data merge value {"cameras":{},"locators":{"barrel1":{"px":-0.0757402892709342,"py":-0.38271992245455283,"pz":0.7327271589157811,"ry":0.0021525707366549796,"rx":2.08013015776186}}}