# This file was generated by Animated Java via MC-Build. It is not recommended to edit this file directly.
$data merge entity $(bone_muzzleflash) {transformation: [0f,0f,0f,-0.2228f,0f,0f,0f,-0.7792f,0f,0f,0f,0.3788f,0f,0f,0f,1f],start_interpolation: 0,interpolation_duration: 1}
$data merge entity $(bone_slide) {transformation: [-0.9919f,0.1272f,-0.0001f,-0.0468f,0.1271f,0.9912f,0.0359f,-0.3253f,0.0047f,0.0356f,-0.9994f,0.5722f,0f,0f,0f,1f],start_interpolation: 0,interpolation_duration: 1}
$data merge entity $(bone_barrel) {transformation: [-0.9919f,0.1272f,-0.0001f,0.0514f,0.1271f,0.9912f,0.0359f,-0.4194f,0.0047f,0.0356f,-0.9994f,0.5688f,0f,0f,0f,1f],start_interpolation: 0,interpolation_duration: 1}
$data merge entity $(bone_magazine) {transformation: [-0.9919f,0.1272f,-0.0001f,-0.0638f,0.1271f,0.9912f,0.0359f,-0.4505f,0.0047f,0.0356f,-0.9994f,0.3706f,0f,0f,0f,1f],start_interpolation: 0,interpolation_duration: 1}
$data merge entity $(bone_grip) {transformation: [-0.9919f,0.1272f,-0.0001f,-0.0638f,0.1271f,0.9912f,0.0359f,-0.4505f,0.0047f,0.0356f,-0.9994f,0.3706f,0f,0f,0f,1f],start_interpolation: 0,interpolation_duration: 1}
$data merge entity $(bone_trigger) {transformation: [-0.9919f,0.1272f,-0.0001f,-0.0633f,0.1271f,0.9912f,0.0359f,-0.4473f,0.0047f,0.0356f,-0.9994f,0.4014f,0f,0f,0f,1f],start_interpolation: 0,interpolation_duration: 1}
$data merge entity $(bone_trigger_gaurd) {transformation: [-0.9919f,0.1272f,-0.0001f,-0.0596f,0.1271f,0.9912f,0.0359f,-0.4198f,0.0047f,0.0356f,-0.9994f,0.4349f,0f,0f,0f,1f],start_interpolation: 0,interpolation_duration: 1}
$data merge entity $(bone_right_arm) {transformation: [-0.9919f,-0.0001f,-0.1272f,-0.1007f,0.1271f,0.0359f,-0.9912f,-0.4554f,0.0047f,-0.9994f,-0.0356f,0.0422f,0f,0f,0f,1f],start_interpolation: 0,interpolation_duration: 1}
$data merge entity $(bone_magazine1) {transformation: [0f,0f,0f,-0.1178f,0f,0f,0f,-0.3836f,0f,0f,0f,0.3953f,0f,0f,0f,1f],start_interpolation: 0,interpolation_duration: 1}
$data merge entity $(bone_left_arm) {transformation: [-0.8492f,0.4041f,0.34f,0.077f,-0.347f,0.0584f,-0.936f,-0.4692f,-0.3981f,-0.9128f,0.0906f,0.0543f,0f,0f,0f,1f],start_interpolation: 0,interpolation_duration: 1}
data modify entity @s data merge value {"cameras":{},"locators":{"barrel1":{"px":-0.07546687535689887,"py":-0.382550256019596,"pz":0.7327752520842901,"ry":359.99211133473136,"rx":2.0587365801199518}}}