# This file was generated by Animated Java via MC-Build. It is not recommended to edit this file directly.
$data merge entity $(bone_muzzleflash) {transformation: [0f,0f,0f,-0.2224f,0f,0f,0f,-0.7793f,0f,0f,0f,0.379f,0f,0f,0f,1f],start_interpolation: 0,interpolation_duration: 1}
$data merge entity $(bone_slide) {transformation: [-0.992f,0.1266f,-0.0003f,-0.0466f,0.1265f,0.9913f,0.0355f,-0.3251f,0.0048f,0.0352f,-0.9994f,0.5722f,0f,0f,0f,1f],start_interpolation: 0,interpolation_duration: 1}
$data merge entity $(bone_barrel) {transformation: [-0.992f,0.1266f,-0.0003f,0.0516f,0.1265f,0.9913f,0.0355f,-0.4192f,0.0048f,0.0352f,-0.9994f,0.5689f,0f,0f,0f,1f],start_interpolation: 0,interpolation_duration: 1}
$data merge entity $(bone_magazine) {transformation: [-0.992f,0.1266f,-0.0003f,-0.0636f,0.1265f,0.9913f,0.0355f,-0.4505f,0.0048f,0.0352f,-0.9994f,0.3707f,0f,0f,0f,1f],start_interpolation: 0,interpolation_duration: 1}
$data merge entity $(bone_grip) {transformation: [-0.992f,0.1266f,-0.0003f,-0.0636f,0.1265f,0.9913f,0.0355f,-0.4505f,0.0048f,0.0352f,-0.9994f,0.3707f,0f,0f,0f,1f],start_interpolation: 0,interpolation_duration: 1}
$data merge entity $(bone_trigger) {transformation: [-0.992f,0.1266f,-0.0003f,-0.063f,0.1265f,0.9913f,0.0355f,-0.4472f,0.0048f,0.0352f,-0.9994f,0.4015f,0f,0f,0f,1f],start_interpolation: 0,interpolation_duration: 1}
$data merge entity $(bone_trigger_gaurd) {transformation: [-0.992f,0.1266f,-0.0003f,-0.0593f,0.1265f,0.9913f,0.0355f,-0.4197f,0.0048f,0.0352f,-0.9994f,0.4349f,0f,0f,0f,1f],start_interpolation: 0,interpolation_duration: 1}
$data merge entity $(bone_right_arm) {transformation: [-0.992f,-0.0003f,-0.1266f,-0.1005f,0.1265f,0.0355f,-0.9913f,-0.4555f,0.0048f,-0.9994f,-0.0352f,0.0423f,0f,0f,0f,1f],start_interpolation: 0,interpolation_duration: 1}
$data merge entity $(bone_magazine1) {transformation: [0f,0f,0f,-0.1176f,0f,0f,0f,-0.3836f,0f,0f,0f,0.3954f,0f,0f,0f,1f],start_interpolation: 0,interpolation_duration: 1}
$data merge entity $(bone_left_arm) {transformation: [-0.849f,0.4039f,0.3406f,0.0773f,-0.3477f,0.0583f,-0.9358f,-0.4692f,-0.3978f,-0.9129f,0.0909f,0.0544f,0f,0f,0f,1f],start_interpolation: 0,interpolation_duration: 1}
data modify entity @s data merge value {"cameras":{},"locators":{"barrel1":{"px":-0.07516990913149252,"py":-0.38234446910339226,"pz":0.7328286572071265,"ry":359.9811487729368,"rx":2.0348682936691826}}}