# This file was generated by Animated Java via MC-Build. It is not recommended to edit this file directly.
$data merge entity $(bone_muzzleflash) {transformation: [0f,0f,0f,-0.2219f,0f,0f,0f,-0.7793f,0f,0f,0f,0.3793f,0f,0f,0f,1f],start_interpolation: 0,interpolation_duration: 1}
$data merge entity $(bone_slide) {transformation: [-0.992f,0.126f,-0.0005f,-0.0463f,0.1259f,0.9914f,0.035f,-0.3249f,0.0049f,0.0347f,-0.9994f,0.5723f,0f,0f,0f,1f],start_interpolation: 0,interpolation_duration: 1}
$data merge entity $(bone_barrel) {transformation: [-0.992f,0.126f,-0.0005f,0.052f,0.1259f,0.9914f,0.035f,-0.419f,0.0049f,0.0347f,-0.9994f,0.5689f,0f,0f,0f,1f],start_interpolation: 0,interpolation_duration: 1}
$data merge entity $(bone_magazine) {transformation: [-0.992f,0.126f,-0.0005f,-0.0633f,0.1259f,0.9914f,0.035f,-0.4504f,0.0049f,0.0347f,-0.9994f,0.3708f,0f,0f,0f,1f],start_interpolation: 0,interpolation_duration: 1}
$data merge entity $(bone_grip) {transformation: [-0.992f,0.126f,-0.0005f,-0.0633f,0.1259f,0.9914f,0.035f,-0.4504f,0.0049f,0.0347f,-0.9994f,0.3708f,0f,0f,0f,1f],start_interpolation: 0,interpolation_duration: 1}
$data merge entity $(bone_trigger) {transformation: [-0.992f,0.126f,-0.0005f,-0.0627f,0.1259f,0.9914f,0.035f,-0.4471f,0.0049f,0.0347f,-0.9994f,0.4016f,0f,0f,0f,1f],start_interpolation: 0,interpolation_duration: 1}
$data merge entity $(bone_trigger_gaurd) {transformation: [-0.992f,0.126f,-0.0005f,-0.059f,0.1259f,0.9914f,0.035f,-0.4196f,0.0049f,0.0347f,-0.9994f,0.435f,0f,0f,0f,1f],start_interpolation: 0,interpolation_duration: 1}
$data merge entity $(bone_right_arm) {transformation: [-0.992f,-0.0005f,-0.126f,-0.1002f,0.1259f,0.035f,-0.9914f,-0.4556f,0.0049f,-0.9994f,-0.0347f,0.0424f,0f,0f,0f,1f],start_interpolation: 0,interpolation_duration: 1}
$data merge entity $(bone_magazine1) {transformation: [0f,0f,0f,-0.1173f,0f,0f,0f,-0.3835f,0f,0f,0f,0.3955f,0f,0f,0f,1f],start_interpolation: 0,interpolation_duration: 1}
$data merge entity $(bone_left_arm) {transformation: [-0.8489f,0.4037f,0.3412f,0.0775f,-0.3484f,0.0581f,-0.9355f,-0.4692f,-0.3975f,-0.913f,0.0913f,0.0545f,0f,0f,0f,1f],start_interpolation: 0,interpolation_duration: 1}
data modify entity @s data merge value {"cameras":{},"locators":{"barrel1":{"px":-0.07485119226848423,"py":-0.3821038087645352,"pz":0.7328871049248133,"ry":359.9693399059115,"rx":2.0086148203776495}}}