# This file was generated by Animated Java via MC-Build. It is not recommended to edit this file directly.
$data merge entity $(bone_muzzleflash) {transformation: [0f,0f,0f,-0.2213f,0f,0f,0f,-0.7793f,0f,0f,0f,0.3796f,0f,0f,0f,1f],start_interpolation: 0,interpolation_duration: 1}
$data merge entity $(bone_slide) {transformation: [-0.9921f,0.1253f,-0.0008f,-0.0461f,0.1252f,0.9915f,0.0346f,-0.3247f,0.0051f,0.0342f,-0.9994f,0.5723f,0f,0f,0f,1f],start_interpolation: 0,interpolation_duration: 1}
$data merge entity $(bone_barrel) {transformation: [-0.9921f,0.1253f,-0.0008f,0.0523f,0.1252f,0.9915f,0.0346f,-0.4187f,0.0051f,0.0342f,-0.9994f,0.569f,0f,0f,0f,1f],start_interpolation: 0,interpolation_duration: 1}
$data merge entity $(bone_magazine) {transformation: [-0.9921f,0.1253f,-0.0008f,-0.063f,0.1252f,0.9915f,0.0346f,-0.4503f,0.0051f,0.0342f,-0.9994f,0.3709f,0f,0f,0f,1f],start_interpolation: 0,interpolation_duration: 1}
$data merge entity $(bone_grip) {transformation: [-0.9921f,0.1253f,-0.0008f,-0.063f,0.1252f,0.9915f,0.0346f,-0.4503f,0.0051f,0.0342f,-0.9994f,0.3709f,0f,0f,0f,1f],start_interpolation: 0,interpolation_duration: 1}
$data merge entity $(bone_trigger) {transformation: [-0.9921f,0.1253f,-0.0008f,-0.0624f,0.1252f,0.9915f,0.0346f,-0.447f,0.0051f,0.0342f,-0.9994f,0.4017f,0f,0f,0f,1f],start_interpolation: 0,interpolation_duration: 1}
$data merge entity $(bone_trigger_gaurd) {transformation: [-0.9921f,0.1253f,-0.0008f,-0.0587f,0.1252f,0.9915f,0.0346f,-0.4195f,0.0051f,0.0342f,-0.9994f,0.4351f,0f,0f,0f,1f],start_interpolation: 0,interpolation_duration: 1}
$data merge entity $(bone_right_arm) {transformation: [-0.9921f,-0.0008f,-0.1253f,-0.1f,0.1252f,0.0346f,-0.9915f,-0.4557f,0.0051f,-0.9994f,-0.0342f,0.0425f,0f,0f,0f,1f],start_interpolation: 0,interpolation_duration: 1}
$data merge entity $(bone_magazine1) {transformation: [0f,0f,0f,-0.1171f,0f,0f,0f,-0.3834f,0f,0f,0f,0.3955f,0f,0f,0f,1f],start_interpolation: 0,interpolation_duration: 1}
$data merge entity $(bone_left_arm) {transformation: [-0.8487f,0.4035f,0.3419f,0.0778f,-0.3492f,0.058f,-0.9353f,-0.4692f,-0.3972f,-0.9131f,0.0917f,0.0545f,0f,0f,0f,1f],start_interpolation: 0,interpolation_duration: 1}
data modify entity @s data merge value {"cameras":{},"locators":{"barrel1":{"px":-0.07451252666644534,"py":-0.3818295231259772,"pz":0.7329503243532214,"ry":359.95675976595874,"rx":1.9800657817804264}}}