# This file was generated by Animated Java via MC-Build. It is not recommended to edit this file directly.
$data merge entity $(bone_muzzleflash) {transformation: [0f,0f,0f,-0.2208f,0f,0f,0f,-0.7793f,0f,0f,0f,0.3799f,0f,0f,0f,1f],start_interpolation: 0,interpolation_duration: 1}
$data merge entity $(bone_slide) {transformation: [-0.9922f,0.1247f,-0.001f,-0.0458f,0.1246f,0.9916f,0.034f,-0.3245f,0.0052f,0.0336f,-0.9994f,0.5723f,0f,0f,0f,1f],start_interpolation: 0,interpolation_duration: 1}
$data merge entity $(bone_barrel) {transformation: [-0.9922f,0.1247f,-0.001f,0.0526f,0.1246f,0.9916f,0.034f,-0.4184f,0.0052f,0.0336f,-0.9994f,0.569f,0f,0f,0f,1f],start_interpolation: 0,interpolation_duration: 1}
$data merge entity $(bone_magazine) {transformation: [-0.9922f,0.1247f,-0.001f,-0.0626f,0.1246f,0.9916f,0.034f,-0.4502f,0.0052f,0.0336f,-0.9994f,0.371f,0f,0f,0f,1f],start_interpolation: 0,interpolation_duration: 1}
$data merge entity $(bone_grip) {transformation: [-0.9922f,0.1247f,-0.001f,-0.0626f,0.1246f,0.9916f,0.034f,-0.4502f,0.0052f,0.0336f,-0.9994f,0.371f,0f,0f,0f,1f],start_interpolation: 0,interpolation_duration: 1}
$data merge entity $(bone_trigger) {transformation: [-0.9922f,0.1247f,-0.001f,-0.0621f,0.1246f,0.9916f,0.034f,-0.4469f,0.0052f,0.0336f,-0.9994f,0.4018f,0f,0f,0f,1f],start_interpolation: 0,interpolation_duration: 1}
$data merge entity $(bone_trigger_gaurd) {transformation: [-0.9922f,0.1247f,-0.001f,-0.0584f,0.1246f,0.9916f,0.034f,-0.4193f,0.0052f,0.0336f,-0.9994f,0.4352f,0f,0f,0f,1f],start_interpolation: 0,interpolation_duration: 1}
$data merge entity $(bone_right_arm) {transformation: [-0.9922f,-0.001f,-0.1247f,-0.0997f,0.1246f,0.034f,-0.9916f,-0.4557f,0.0052f,-0.9994f,-0.0336f,0.0426f,0f,0f,0f,1f],start_interpolation: 0,interpolation_duration: 1}
$data merge entity $(bone_magazine1) {transformation: [0f,0f,0f,-0.1168f,0f,0f,0f,-0.3833f,0f,0f,0f,0.3956f,0f,0f,0f,1f],start_interpolation: 0,interpolation_duration: 1}
$data merge entity $(bone_left_arm) {transformation: [-0.8486f,0.4033f,0.3425f,0.0781f,-0.3499f,0.0577f,-0.935f,-0.4691f,-0.3968f,-0.9133f,0.0921f,0.0546f,0f,0f,0f,1f],start_interpolation: 0,interpolation_duration: 1}
data modify entity @s data merge value {"cameras":{},"locators":{"barrel1":{"px":-0.07415571396369502,"py":-0.38152286179053946,"pz":0.7330180436573548,"ry":359.9434833496899,"rx":1.949310924482584}}}