# This file was generated by Animated Java via MC-Build. It is not recommended to edit this file directly.
$data merge entity $(bone_muzzleflash) {transformation: [0f,0f,0f,-0.2202f,0f,0f,0f,-0.7792f,0f,0f,0f,0.3802f,0f,0f,0f,1f],start_interpolation: 0,interpolation_duration: 1}
$data merge entity $(bone_slide) {transformation: [-0.9923f,0.124f,-0.0012f,-0.0455f,0.1239f,0.9917f,0.0334f,-0.3242f,0.0054f,0.033f,-0.9994f,0.5724f,0f,0f,0f,1f],start_interpolation: 0,interpolation_duration: 1}
$data merge entity $(bone_barrel) {transformation: [-0.9923f,0.124f,-0.0012f,0.053f,0.1239f,0.9917f,0.0334f,-0.418f,0.0054f,0.033f,-0.9994f,0.5691f,0f,0f,0f,1f],start_interpolation: 0,interpolation_duration: 1}
$data merge entity $(bone_magazine) {transformation: [-0.9923f,0.124f,-0.0012f,-0.0623f,0.1239f,0.9917f,0.0334f,-0.45f,0.0054f,0.033f,-0.9994f,0.3711f,0f,0f,0f,1f],start_interpolation: 0,interpolation_duration: 1}
$data merge entity $(bone_grip) {transformation: [-0.9923f,0.124f,-0.0012f,-0.0623f,0.1239f,0.9917f,0.0334f,-0.45f,0.0054f,0.033f,-0.9994f,0.3711f,0f,0f,0f,1f],start_interpolation: 0,interpolation_duration: 1}
$data merge entity $(bone_trigger) {transformation: [-0.9923f,0.124f,-0.0012f,-0.0617f,0.1239f,0.9917f,0.0334f,-0.4467f,0.0054f,0.033f,-0.9994f,0.4019f,0f,0f,0f,1f],start_interpolation: 0,interpolation_duration: 1}
$data merge entity $(bone_trigger_gaurd) {transformation: [-0.9923f,0.124f,-0.0012f,-0.0581f,0.1239f,0.9917f,0.0334f,-0.4191f,0.0054f,0.033f,-0.9994f,0.4352f,0f,0f,0f,1f],start_interpolation: 0,interpolation_duration: 1}
$data merge entity $(bone_right_arm) {transformation: [-0.9923f,-0.0012f,-0.124f,-0.0994f,0.1239f,0.0334f,-0.9917f,-0.4558f,0.0054f,-0.9994f,-0.033f,0.0427f,0f,0f,0f,1f],start_interpolation: 0,interpolation_duration: 1}
$data merge entity $(bone_magazine1) {transformation: [0f,0f,0f,-0.1165f,0f,0f,0f,-0.3832f,0f,0f,0f,0.3957f,0f,0f,0f,1f],start_interpolation: 0,interpolation_duration: 1}
$data merge entity $(bone_left_arm) {transformation: [-0.8484f,0.403f,0.3432f,0.0783f,-0.3508f,0.0575f,-0.9347f,-0.4691f,-0.3964f,-0.9134f,0.0926f,0.0547f,0f,0f,0f,1f],start_interpolation: 0,interpolation_duration: 1}
data modify entity @s data merge value {"cameras":{},"locators":{"barrel1":{"px":-0.07378255507022549,"py":-0.3811850762319995,"pz":0.7330899905975823,"ry":359.929585572537,"rx":1.9164401440124759}}}