# This file was generated by Animated Java via MC-Build. It is not recommended to edit this file directly.
$data merge entity $(bone_muzzleflash) {transformation: [0f,0f,0f,-0.2196f,0f,0f,0f,-0.7792f,0f,0f,0f,0.3806f,0f,0f,0f,1f],start_interpolation: 0,interpolation_duration: 1}
$data merge entity $(bone_slide) {transformation: [-0.9924f,0.1233f,-0.0015f,-0.0452f,0.1232f,0.9918f,0.0328f,-0.3239f,0.0055f,0.0324f,-0.9995f,0.5724f,0f,0f,0f,1f],start_interpolation: 0,interpolation_duration: 1}
$data merge entity $(bone_barrel) {transformation: [-0.9924f,0.1233f,-0.0015f,0.0534f,0.1232f,0.9918f,0.0328f,-0.4177f,0.0055f,0.0324f,-0.9995f,0.5692f,0f,0f,0f,1f],start_interpolation: 0,interpolation_duration: 1}
$data merge entity $(bone_magazine) {transformation: [-0.9924f,0.1233f,-0.0015f,-0.0619f,0.1232f,0.9918f,0.0328f,-0.4499f,0.0055f,0.0324f,-0.9995f,0.3712f,0f,0f,0f,1f],start_interpolation: 0,interpolation_duration: 1}
$data merge entity $(bone_grip) {transformation: [-0.9924f,0.1233f,-0.0015f,-0.0619f,0.1232f,0.9918f,0.0328f,-0.4499f,0.0055f,0.0324f,-0.9995f,0.3712f,0f,0f,0f,1f],start_interpolation: 0,interpolation_duration: 1}
$data merge entity $(bone_trigger) {transformation: [-0.9924f,0.1233f,-0.0015f,-0.0613f,0.1232f,0.9918f,0.0328f,-0.4465f,0.0055f,0.0324f,-0.9995f,0.402f,0f,0f,0f,1f],start_interpolation: 0,interpolation_duration: 1}
$data merge entity $(bone_trigger_gaurd) {transformation: [-0.9924f,0.1233f,-0.0015f,-0.0577f,0.1232f,0.9918f,0.0328f,-0.419f,0.0055f,0.0324f,-0.9995f,0.4353f,0f,0f,0f,1f],start_interpolation: 0,interpolation_duration: 1}
$data merge entity $(bone_right_arm) {transformation: [-0.9924f,-0.0015f,-0.1233f,-0.0991f,0.1232f,0.0328f,-0.9918f,-0.4559f,0.0055f,-0.9995f,-0.0324f,0.0429f,0f,0f,0f,1f],start_interpolation: 0,interpolation_duration: 1}
$data merge entity $(bone_magazine1) {transformation: [0f,0f,0f,-0.1162f,0f,0f,0f,-0.3831f,0f,0f,0f,0.3958f,0f,0f,0f,1f],start_interpolation: 0,interpolation_duration: 1}
$data merge entity $(bone_left_arm) {transformation: [-0.8483f,0.4028f,0.3439f,0.0786f,-0.3516f,0.0572f,-0.9344f,-0.469f,-0.396f,-0.9135f,0.0931f,0.0548f,0f,0f,0f,1f],start_interpolation: 0,interpolation_duration: 1}
data modify entity @s data merge value {"cameras":{},"locators":{"barrel1":{"px":-0.07339484971646391,"py":-0.38081742016157877,"pz":0.7331658930483371,"ry":359.9151412252154,"rx":1.8815435070200648}}}