# This file was generated by Animated Java via MC-Build. It is not recommended to edit this file directly.
$data merge entity $(bone_muzzleflash) {transformation: [0f,0f,0f,-0.2082f,0f,0f,0f,-0.7501f,0f,0f,0f,0.3978f,0f,0f,0f,1f],start_interpolation: 0,interpolation_duration: 1}
$data merge entity $(bone_slide) {transformation: [-0.9952f,0.0978f,-0.0011f,-0.0457f,0.0978f,0.995f,-0.0199f,-0.2811f,-0.0008f,-0.0199f,-0.9998f,0.5654f,0f,0f,0f,1f],start_interpolation: 0,interpolation_duration: 1}
$data merge entity $(bone_barrel) {transformation: [-0.9952f,0.0978f,-0.0011f,0.0552f,0.0978f,0.995f,-0.0199f,-0.3723f,-0.0008f,-0.0199f,-0.9998f,0.5671f,0f,0f,0f,1f],start_interpolation: 0,interpolation_duration: 1}
$data merge entity $(bone_magazine) {transformation: [-0.9952f,0.0978f,-0.0011f,-0.059f,0.0978f,0.995f,-0.0199f,-0.4178f,-0.0008f,-0.0199f,-0.9998f,0.3711f,0f,0f,0f,1f],start_interpolation: 0,interpolation_duration: 1}
$data merge entity $(bone_grip) {transformation: [-0.9952f,0.0978f,-0.0011f,-0.059f,0.0978f,0.995f,-0.0199f,-0.4178f,-0.0008f,-0.0199f,-0.9998f,0.3711f,0f,0f,0f,1f],start_interpolation: 0,interpolation_duration: 1}
$data merge entity $(bone_trigger) {transformation: [-0.9952f,0.0978f,-0.0011f,-0.0585f,0.0978f,0.995f,-0.0199f,-0.4129f,-0.0008f,-0.0199f,-0.9998f,0.4016f,0f,0f,0f,1f],start_interpolation: 0,interpolation_duration: 1}
$data merge entity $(bone_trigger_gaurd) {transformation: [-0.9952f,0.0978f,-0.0011f,-0.0557f,0.0978f,0.995f,-0.0199f,-0.3835f,-0.0008f,-0.0199f,-0.9998f,0.4335f,0f,0f,0f,1f],start_interpolation: 0,interpolation_duration: 1}
$data merge entity $(bone_right_arm) {transformation: [-0.9952f,-0.0011f,-0.0978f,-0.0956f,0.0978f,-0.0199f,-0.995f,-0.4421f,-0.0008f,-0.9998f,0.0199f,0.0435f,0f,0f,0f,1f],start_interpolation: 0,interpolation_duration: 1}
$data merge entity $(bone_magazine1) {transformation: [0f,0f,0f,-0.115f,0f,0f,0f,-0.3513f,0f,0f,0f,0.3921f,0f,0f,0f,1f],start_interpolation: 0,interpolation_duration: 1}
$data merge entity $(bone_left_arm) {transformation: [-0.8385f,0.4023f,0.3676f,0.0824f,-0.3936f,0.0193f,-0.9191f,-0.45f,-0.3768f,-0.9153f,0.1421f,0.0561f,0f,0f,0f,1f],start_interpolation: 0,interpolation_duration: 1}
data modify entity @s data merge value {"cameras":{},"locators":{"barrel1":{"px":-0.07264603240286162,"py":-0.33011682098388123,"pz":0.7288920804184456,"ry":359.93470129770776,"rx":-1.1419998442406376}}}