# This file was generated by Animated Java via MC-Build. It is not recommended to edit this file directly.
$data merge entity $(bone_muzzleflash) {transformation: [0f,0f,0f,-0.219f,0f,0f,0f,-0.7791f,0f,0f,0f,0.381f,0f,0f,0f,1f],start_interpolation: 0,interpolation_duration: 1}
$data merge entity $(bone_slide) {transformation: [-0.9925f,0.1226f,-0.0017f,-0.0449f,0.1225f,0.992f,0.0322f,-0.3236f,0.0057f,0.0317f,-0.9995f,0.5724f,0f,0f,0f,1f],start_interpolation: 0,interpolation_duration: 1}
$data merge entity $(bone_barrel) {transformation: [-0.9925f,0.1226f,-0.0017f,0.0538f,0.1225f,0.992f,0.0322f,-0.4173f,0.0057f,0.0317f,-0.9995f,0.5693f,0f,0f,0f,1f],start_interpolation: 0,interpolation_duration: 1}
$data merge entity $(bone_magazine) {transformation: [-0.9925f,0.1226f,-0.0017f,-0.0616f,0.1225f,0.992f,0.0322f,-0.4497f,0.0057f,0.0317f,-0.9995f,0.3713f,0f,0f,0f,1f],start_interpolation: 0,interpolation_duration: 1}
$data merge entity $(bone_grip) {transformation: [-0.9925f,0.1226f,-0.0017f,-0.0616f,0.1225f,0.992f,0.0322f,-0.4497f,0.0057f,0.0317f,-0.9995f,0.3713f,0f,0f,0f,1f],start_interpolation: 0,interpolation_duration: 1}
$data merge entity $(bone_trigger) {transformation: [-0.9925f,0.1226f,-0.0017f,-0.061f,0.1225f,0.992f,0.0322f,-0.4463f,0.0057f,0.0317f,-0.9995f,0.4021f,0f,0f,0f,1f],start_interpolation: 0,interpolation_duration: 1}
$data merge entity $(bone_trigger_gaurd) {transformation: [-0.9925f,0.1226f,-0.0017f,-0.0574f,0.1225f,0.992f,0.0322f,-0.4187f,0.0057f,0.0317f,-0.9995f,0.4354f,0f,0f,0f,1f],start_interpolation: 0,interpolation_duration: 1}
$data merge entity $(bone_right_arm) {transformation: [-0.9925f,-0.0017f,-0.1226f,-0.0989f,0.1225f,0.0322f,-0.992f,-0.456f,0.0057f,-0.9995f,-0.0317f,0.043f,0f,0f,0f,1f],start_interpolation: 0,interpolation_duration: 1}
$data merge entity $(bone_magazine1) {transformation: [0f,0f,0f,-0.1158f,0f,0f,0f,-0.3829f,0f,0f,0f,0.3959f,0f,0f,0f,1f],start_interpolation: 0,interpolation_duration: 1}
$data merge entity $(bone_left_arm) {transformation: [-0.8481f,0.4025f,0.3446f,0.0789f,-0.3525f,0.0569f,-0.9341f,-0.4689f,-0.3956f,-0.9136f,0.0936f,0.0549f,0f,0f,0f,1f],start_interpolation: 0,interpolation_duration: 1}
data modify entity @s data merge value {"cameras":{},"locators":{"barrel1":{"px":-0.07299439601878505,"py":-0.38042114986968717,"pz":0.7332454794893011,"ry":359.90022493214224,"rx":1.844711271817099}}}