# This file was generated by Animated Java via MC-Build. It is not recommended to edit this file directly.
$data merge entity $(bone_muzzleflash) {transformation: [0f,0f,0f,-0.2184f,0f,0f,0f,-0.779f,0f,0f,0f,0.3814f,0f,0f,0f,1f],start_interpolation: 0,interpolation_duration: 1}
$data merge entity $(bone_slide) {transformation: [-0.9925f,0.1218f,-0.002f,-0.0445f,0.1217f,0.9921f,0.0315f,-0.3233f,0.0058f,0.031f,-0.9995f,0.5725f,0f,0f,0f,1f],start_interpolation: 0,interpolation_duration: 1}
$data merge entity $(bone_barrel) {transformation: [-0.9925f,0.1218f,-0.002f,0.0542f,0.1217f,0.9921f,0.0315f,-0.4169f,0.0058f,0.031f,-0.9995f,0.5693f,0f,0f,0f,1f],start_interpolation: 0,interpolation_duration: 1}
$data merge entity $(bone_magazine) {transformation: [-0.9925f,0.1218f,-0.002f,-0.0612f,0.1217f,0.9921f,0.0315f,-0.4495f,0.0058f,0.031f,-0.9995f,0.3715f,0f,0f,0f,1f],start_interpolation: 0,interpolation_duration: 1}
$data merge entity $(bone_grip) {transformation: [-0.9925f,0.1218f,-0.002f,-0.0612f,0.1217f,0.9921f,0.0315f,-0.4495f,0.0058f,0.031f,-0.9995f,0.3715f,0f,0f,0f,1f],start_interpolation: 0,interpolation_duration: 1}
$data merge entity $(bone_trigger) {transformation: [-0.9925f,0.1218f,-0.002f,-0.0606f,0.1217f,0.9921f,0.0315f,-0.4461f,0.0058f,0.031f,-0.9995f,0.4022f,0f,0f,0f,1f],start_interpolation: 0,interpolation_duration: 1}
$data merge entity $(bone_trigger_gaurd) {transformation: [-0.9925f,0.1218f,-0.002f,-0.057f,0.1217f,0.9921f,0.0315f,-0.4185f,0.0058f,0.031f,-0.9995f,0.4355f,0f,0f,0f,1f],start_interpolation: 0,interpolation_duration: 1}
$data merge entity $(bone_right_arm) {transformation: [-0.9925f,-0.002f,-0.1218f,-0.0986f,0.1217f,0.0315f,-0.9921f,-0.456f,0.0058f,-0.9995f,-0.031f,0.0431f,0f,0f,0f,1f],start_interpolation: 0,interpolation_duration: 1}
$data merge entity $(bone_magazine1) {transformation: [0f,0f,0f,-0.1155f,0f,0f,0f,-0.3828f,0f,0f,0f,0.396f,0f,0f,0f,1f],start_interpolation: 0,interpolation_duration: 1}
$data merge entity $(bone_left_arm) {transformation: [-0.8479f,0.4023f,0.3453f,0.0793f,-0.3534f,0.0566f,-0.9338f,-0.4689f,-0.3952f,-0.9138f,0.0941f,0.055f,0f,0f,0f,1f],start_interpolation: 0,interpolation_duration: 1}
data modify entity @s data merge value {"cameras":{},"locators":{"barrel1":{"px":-0.07258299006174634,"py":-0.3799975245428147,"pz":0.7333284794690796,"ry":359.88491111181247,"rx":1.8060339072578093}}}