# This file was generated by Animated Java via MC-Build. It is not recommended to edit this file directly.
$data merge entity $(bone_muzzleflash) {transformation: [0f,0f,0f,-0.2177f,0f,0f,0f,-0.779f,0f,0f,0f,0.3818f,0f,0f,0f,1f],start_interpolation: 0,interpolation_duration: 1}
$data merge entity $(bone_slide) {transformation: [-0.9926f,0.1211f,-0.0023f,-0.0442f,0.121f,0.9922f,0.0308f,-0.3229f,0.006f,0.0303f,-0.9995f,0.5725f,0f,0f,0f,1f],start_interpolation: 0,interpolation_duration: 1}
$data merge entity $(bone_barrel) {transformation: [-0.9926f,0.1211f,-0.0023f,0.0546f,0.121f,0.9922f,0.0308f,-0.4165f,0.006f,0.0303f,-0.9995f,0.5694f,0f,0f,0f,1f],start_interpolation: 0,interpolation_duration: 1}
$data merge entity $(bone_magazine) {transformation: [-0.9926f,0.1211f,-0.0023f,-0.0608f,0.121f,0.9922f,0.0308f,-0.4493f,0.006f,0.0303f,-0.9995f,0.3716f,0f,0f,0f,1f],start_interpolation: 0,interpolation_duration: 1}
$data merge entity $(bone_grip) {transformation: [-0.9926f,0.1211f,-0.0023f,-0.0608f,0.121f,0.9922f,0.0308f,-0.4493f,0.006f,0.0303f,-0.9995f,0.3716f,0f,0f,0f,1f],start_interpolation: 0,interpolation_duration: 1}
$data merge entity $(bone_trigger) {transformation: [-0.9926f,0.1211f,-0.0023f,-0.0602f,0.121f,0.9922f,0.0308f,-0.4459f,0.006f,0.0303f,-0.9995f,0.4023f,0f,0f,0f,1f],start_interpolation: 0,interpolation_duration: 1}
$data merge entity $(bone_trigger_gaurd) {transformation: [-0.9926f,0.1211f,-0.0023f,-0.0566f,0.121f,0.9922f,0.0308f,-0.4182f,0.006f,0.0303f,-0.9995f,0.4357f,0f,0f,0f,1f],start_interpolation: 0,interpolation_duration: 1}
$data merge entity $(bone_right_arm) {transformation: [-0.9926f,-0.0023f,-0.1211f,-0.0982f,0.121f,0.0308f,-0.9922f,-0.4561f,0.006f,-0.9995f,-0.0303f,0.0433f,0f,0f,0f,1f],start_interpolation: 0,interpolation_duration: 1}
$data merge entity $(bone_magazine1) {transformation: [0f,0f,0f,-0.1152f,0f,0f,0f,-0.3826f,0f,0f,0f,0.3961f,0f,0f,0f,1f],start_interpolation: 0,interpolation_duration: 1}
$data merge entity $(bone_left_arm) {transformation: [-0.8477f,0.402f,0.346f,0.0796f,-0.3543f,0.0563f,-0.9334f,-0.4688f,-0.3947f,-0.9139f,0.0947f,0.0551f,0f,0f,0f,1f],start_interpolation: 0,interpolation_duration: 1}
data modify entity @s data merge value {"cameras":{},"locators":{"barrel1":{"px":-0.07216242549706917,"py":-0.379547806555492,"pz":0.7334146240413733,"ry":359.8692739391364,"rx":1.765602109960623}}}