# This file was generated by Animated Java via MC-Build. It is not recommended to edit this file directly.
$data merge entity $(bone_muzzleflash) {transformation: [0f,0f,0f,-0.2171f,0f,0f,0f,-0.7789f,0f,0f,0f,0.3822f,0f,0f,0f,1f],start_interpolation: 0,interpolation_duration: 1}
$data merge entity $(bone_slide) {transformation: [-0.9927f,0.1203f,-0.0026f,-0.0439f,0.1202f,0.9923f,0.0301f,-0.3225f,0.0062f,0.0296f,-0.9995f,0.5726f,0f,0f,0f,1f],start_interpolation: 0,interpolation_duration: 1}
$data merge entity $(bone_barrel) {transformation: [-0.9927f,0.1203f,-0.0026f,0.055f,0.1202f,0.9923f,0.0301f,-0.416f,0.0062f,0.0296f,-0.9995f,0.5695f,0f,0f,0f,1f],start_interpolation: 0,interpolation_duration: 1}
$data merge entity $(bone_magazine) {transformation: [-0.9927f,0.1203f,-0.0026f,-0.0604f,0.1202f,0.9923f,0.0301f,-0.4491f,0.0062f,0.0296f,-0.9995f,0.3717f,0f,0f,0f,1f],start_interpolation: 0,interpolation_duration: 1}
$data merge entity $(bone_grip) {transformation: [-0.9927f,0.1203f,-0.0026f,-0.0604f,0.1202f,0.9923f,0.0301f,-0.4491f,0.0062f,0.0296f,-0.9995f,0.3717f,0f,0f,0f,1f],start_interpolation: 0,interpolation_duration: 1}
$data merge entity $(bone_trigger) {transformation: [-0.9927f,0.1203f,-0.0026f,-0.0598f,0.1202f,0.9923f,0.0301f,-0.4457f,0.0062f,0.0296f,-0.9995f,0.4025f,0f,0f,0f,1f],start_interpolation: 0,interpolation_duration: 1}
$data merge entity $(bone_trigger_gaurd) {transformation: [-0.9927f,0.1203f,-0.0026f,-0.0563f,0.1202f,0.9923f,0.0301f,-0.418f,0.0062f,0.0296f,-0.9995f,0.4358f,0f,0f,0f,1f],start_interpolation: 0,interpolation_duration: 1}
$data merge entity $(bone_right_arm) {transformation: [-0.9927f,-0.0026f,-0.1203f,-0.0979f,0.1202f,0.0301f,-0.9923f,-0.4561f,0.0062f,-0.9995f,-0.0296f,0.0434f,0f,0f,0f,1f],start_interpolation: 0,interpolation_duration: 1}
$data merge entity $(bone_magazine1) {transformation: [0f,0f,0f,-0.1148f,0f,0f,0f,-0.3824f,0f,0f,0f,0.3962f,0f,0f,0f,1f],start_interpolation: 0,interpolation_duration: 1}
$data merge entity $(bone_left_arm) {transformation: [-0.8476f,0.4017f,0.3468f,0.0799f,-0.3553f,0.0559f,-0.9331f,-0.4687f,-0.3942f,-0.9141f,0.0953f,0.0552f,0f,0f,0f,1f],start_interpolation: 0,interpolation_duration: 1}
data modify entity @s data merge value {"cameras":{},"locators":{"barrel1":{"px":-0.07173449315943752,"py":-0.37907326173727246,"pz":0.73350364617364,"ry":359.8533873097457,"rx":1.7235068198730907}}}