# This file was generated by Animated Java via MC-Build. It is not recommended to edit this file directly.
$data merge entity $(bone_muzzleflash) {transformation: [0f,0f,0f,-0.2164f,0f,0f,0f,-0.7787f,0f,0f,0f,0.3826f,0f,0f,0f,1f],start_interpolation: 0,interpolation_duration: 1}
$data merge entity $(bone_slide) {transformation: [-0.9928f,0.1195f,-0.0028f,-0.0435f,0.1194f,0.9924f,0.0293f,-0.3222f,0.0063f,0.0288f,-0.9996f,0.5726f,0f,0f,0f,1f],start_interpolation: 0,interpolation_duration: 1}
$data merge entity $(bone_barrel) {transformation: [-0.9928f,0.1195f,-0.0028f,0.0554f,0.1194f,0.9924f,0.0293f,-0.4155f,0.0063f,0.0288f,-0.9996f,0.5696f,0f,0f,0f,1f],start_interpolation: 0,interpolation_duration: 1}
$data merge entity $(bone_magazine) {transformation: [-0.9928f,0.1195f,-0.0028f,-0.06f,0.1194f,0.9924f,0.0293f,-0.4488f,0.0063f,0.0288f,-0.9996f,0.3719f,0f,0f,0f,1f],start_interpolation: 0,interpolation_duration: 1}
$data merge entity $(bone_grip) {transformation: [-0.9928f,0.1195f,-0.0028f,-0.06f,0.1194f,0.9924f,0.0293f,-0.4488f,0.0063f,0.0288f,-0.9996f,0.3719f,0f,0f,0f,1f],start_interpolation: 0,interpolation_duration: 1}
$data merge entity $(bone_trigger) {transformation: [-0.9928f,0.1195f,-0.0028f,-0.0594f,0.1194f,0.9924f,0.0293f,-0.4454f,0.0063f,0.0288f,-0.9996f,0.4026f,0f,0f,0f,1f],start_interpolation: 0,interpolation_duration: 1}
$data merge entity $(bone_trigger_gaurd) {transformation: [-0.9928f,0.1195f,-0.0028f,-0.0559f,0.1194f,0.9924f,0.0293f,-0.4177f,0.0063f,0.0288f,-0.9996f,0.4359f,0f,0f,0f,1f],start_interpolation: 0,interpolation_duration: 1}
$data merge entity $(bone_right_arm) {transformation: [-0.9928f,-0.0028f,-0.1195f,-0.0976f,0.1194f,0.0293f,-0.9924f,-0.4562f,0.0063f,-0.9996f,-0.0288f,0.0436f,0f,0f,0f,1f],start_interpolation: 0,interpolation_duration: 1}
$data merge entity $(bone_magazine1) {transformation: [0f,0f,0f,-0.1145f,0f,0f,0f,-0.3822f,0f,0f,0f,0.3963f,0f,0f,0f,1f],start_interpolation: 0,interpolation_duration: 1}
$data merge entity $(bone_left_arm) {transformation: [-0.8474f,0.4014f,0.3475f,0.0802f,-0.3562f,0.0556f,-0.9327f,-0.4686f,-0.3937f,-0.9142f,0.0959f,0.0554f,0f,0f,0f,1f],start_interpolation: 0,interpolation_duration: 1}
data modify entity @s data merge value {"cameras":{},"locators":{"barrel1":{"px":-0.0713009806992346,"py":-0.3785751596147181,"pz":0.7335952811282429,"ry":359.8373248062712,"rx":1.6798392341838762}}}