# This file was generated by Animated Java via MC-Build. It is not recommended to edit this file directly.
$data merge entity $(bone_muzzleflash) {transformation: [0f,0f,0f,-0.2158f,0f,0f,0f,-0.7786f,0f,0f,0f,0.3831f,0f,0f,0f,1f],start_interpolation: 0,interpolation_duration: 1}
$data merge entity $(bone_slide) {transformation: [-0.9929f,0.1187f,-0.0031f,-0.0432f,0.1186f,0.9925f,0.0285f,-0.3217f,0.0065f,0.028f,-0.9996f,0.5726f,0f,0f,0f,1f],start_interpolation: 0,interpolation_duration: 1}
$data merge entity $(bone_barrel) {transformation: [-0.9929f,0.1187f,-0.0031f,0.0558f,0.1186f,0.9925f,0.0285f,-0.415f,0.0065f,0.028f,-0.9996f,0.5697f,0f,0f,0f,1f],start_interpolation: 0,interpolation_duration: 1}
$data merge entity $(bone_magazine) {transformation: [-0.9929f,0.1187f,-0.0031f,-0.0596f,0.1186f,0.9925f,0.0285f,-0.4486f,0.0065f,0.028f,-0.9996f,0.372f,0f,0f,0f,1f],start_interpolation: 0,interpolation_duration: 1}
$data merge entity $(bone_grip) {transformation: [-0.9929f,0.1187f,-0.0031f,-0.0596f,0.1186f,0.9925f,0.0285f,-0.4486f,0.0065f,0.028f,-0.9996f,0.372f,0f,0f,0f,1f],start_interpolation: 0,interpolation_duration: 1}
$data merge entity $(bone_trigger) {transformation: [-0.9929f,0.1187f,-0.0031f,-0.059f,0.1186f,0.9925f,0.0285f,-0.4451f,0.0065f,0.028f,-0.9996f,0.4028f,0f,0f,0f,1f],start_interpolation: 0,interpolation_duration: 1}
$data merge entity $(bone_trigger_gaurd) {transformation: [-0.9929f,0.1187f,-0.0031f,-0.0555f,0.1186f,0.9925f,0.0285f,-0.4174f,0.0065f,0.028f,-0.9996f,0.436f,0f,0f,0f,1f],start_interpolation: 0,interpolation_duration: 1}
$data merge entity $(bone_right_arm) {transformation: [-0.9929f,-0.0031f,-0.1187f,-0.0973f,0.1186f,0.0285f,-0.9925f,-0.4562f,0.0065f,-0.9996f,-0.028f,0.0438f,0f,0f,0f,1f],start_interpolation: 0,interpolation_duration: 1}
$data merge entity $(bone_magazine1) {transformation: [0f,0f,0f,-0.1141f,0f,0f,0f,-0.382f,0f,0f,0f,0.3964f,0f,0f,0f,1f],start_interpolation: 0,interpolation_duration: 1}
$data merge entity $(bone_left_arm) {transformation: [-0.8472f,0.4011f,0.3483f,0.0806f,-0.3572f,0.0552f,-0.9324f,-0.4685f,-0.3932f,-0.9144f,0.0966f,0.0555f,0f,0f,0f,1f],start_interpolation: 0,interpolation_duration: 1}
data modify entity @s data merge value {"cameras":{},"locators":{"barrel1":{"px":-0.07086367223237523,"py":-0.37805477362840095,"pz":0.7336892668160708,"ry":359.8211596665999,"rx":1.6346908195871608}}}