# This file was generated by Animated Java via MC-Build. It is not recommended to edit this file directly.
$data merge entity $(bone_muzzleflash) {transformation: [0f,0f,0f,-0.2151f,0f,0f,0f,-0.7785f,0f,0f,0f,0.3835f,0f,0f,0f,1f],start_interpolation: 0,interpolation_duration: 1}
$data merge entity $(bone_slide) {transformation: [-0.993f,0.1179f,-0.0034f,-0.0428f,0.1178f,0.9927f,0.0277f,-0.3213f,0.0066f,0.0271f,-0.9996f,0.5727f,0f,0f,0f,1f],start_interpolation: 0,interpolation_duration: 1}
$data merge entity $(bone_barrel) {transformation: [-0.993f,0.1179f,-0.0034f,0.0563f,0.1178f,0.9927f,0.0277f,-0.4145f,0.0066f,0.0271f,-0.9996f,0.5698f,0f,0f,0f,1f],start_interpolation: 0,interpolation_duration: 1}
$data merge entity $(bone_magazine) {transformation: [-0.993f,0.1179f,-0.0034f,-0.0592f,0.1178f,0.9927f,0.0277f,-0.4483f,0.0066f,0.0271f,-0.9996f,0.3722f,0f,0f,0f,1f],start_interpolation: 0,interpolation_duration: 1}
$data merge entity $(bone_grip) {transformation: [-0.993f,0.1179f,-0.0034f,-0.0592f,0.1178f,0.9927f,0.0277f,-0.4483f,0.0066f,0.0271f,-0.9996f,0.3722f,0f,0f,0f,1f],start_interpolation: 0,interpolation_duration: 1}
$data merge entity $(bone_trigger) {transformation: [-0.993f,0.1179f,-0.0034f,-0.0586f,0.1178f,0.9927f,0.0277f,-0.4448f,0.0066f,0.0271f,-0.9996f,0.4029f,0f,0f,0f,1f],start_interpolation: 0,interpolation_duration: 1}
$data merge entity $(bone_trigger_gaurd) {transformation: [-0.993f,0.1179f,-0.0034f,-0.0551f,0.1178f,0.9927f,0.0277f,-0.4171f,0.0066f,0.0271f,-0.9996f,0.4361f,0f,0f,0f,1f],start_interpolation: 0,interpolation_duration: 1}
$data merge entity $(bone_right_arm) {transformation: [-0.993f,-0.0034f,-0.1179f,-0.097f,0.1178f,0.0277f,-0.9927f,-0.4563f,0.0066f,-0.9996f,-0.0271f,0.0439f,0f,0f,0f,1f],start_interpolation: 0,interpolation_duration: 1}
$data merge entity $(bone_magazine1) {transformation: [0f,0f,0f,-0.1138f,0f,0f,0f,-0.3817f,0f,0f,0f,0.3965f,0f,0f,0f,1f],start_interpolation: 0,interpolation_duration: 1}
$data merge entity $(bone_left_arm) {transformation: [-0.847f,0.4009f,0.3491f,0.0809f,-0.3582f,0.0547f,-0.932f,-0.4683f,-0.3927f,-0.9145f,0.0972f,0.0556f,0f,0f,0f,1f],start_interpolation: 0,interpolation_duration: 1}
data modify entity @s data merge value {"cameras":{},"locators":{"barrel1":{"px":-0.0704243480074354,"py":-0.3775133813249577,"pz":0.7337853441226123,"ry":359.8049647541168,"rx":1.5881533229063367}}}