# This file was generated by Animated Java via MC-Build. It is not recommended to edit this file directly.
$data merge entity $(bone_muzzleflash) {transformation: [0f,0f,0f,-0.2144f,0f,0f,0f,-0.7783f,0f,0f,0f,0.384f,0f,0f,0f,1f],start_interpolation: 0,interpolation_duration: 1}
$data merge entity $(bone_slide) {transformation: [-0.9931f,0.1171f,-0.0037f,-0.0425f,0.117f,0.9928f,0.0269f,-0.3209f,0.0068f,0.0263f,-0.9996f,0.5727f,0f,0f,0f,1f],start_interpolation: 0,interpolation_duration: 1}
$data merge entity $(bone_barrel) {transformation: [-0.9931f,0.1171f,-0.0037f,0.0567f,0.117f,0.9928f,0.0269f,-0.414f,0.0068f,0.0263f,-0.9996f,0.5699f,0f,0f,0f,1f],start_interpolation: 0,interpolation_duration: 1}
$data merge entity $(bone_magazine) {transformation: [-0.9931f,0.1171f,-0.0037f,-0.0588f,0.117f,0.9928f,0.0269f,-0.4481f,0.0068f,0.0263f,-0.9996f,0.3723f,0f,0f,0f,1f],start_interpolation: 0,interpolation_duration: 1}
$data merge entity $(bone_grip) {transformation: [-0.9931f,0.1171f,-0.0037f,-0.0588f,0.117f,0.9928f,0.0269f,-0.4481f,0.0068f,0.0263f,-0.9996f,0.3723f,0f,0f,0f,1f],start_interpolation: 0,interpolation_duration: 1}
$data merge entity $(bone_trigger) {transformation: [-0.9931f,0.1171f,-0.0037f,-0.0582f,0.117f,0.9928f,0.0269f,-0.4446f,0.0068f,0.0263f,-0.9996f,0.4031f,0f,0f,0f,1f],start_interpolation: 0,interpolation_duration: 1}
$data merge entity $(bone_trigger_gaurd) {transformation: [-0.9931f,0.1171f,-0.0037f,-0.0547f,0.117f,0.9928f,0.0269f,-0.4168f,0.0068f,0.0263f,-0.9996f,0.4363f,0f,0f,0f,1f],start_interpolation: 0,interpolation_duration: 1}
$data merge entity $(bone_right_arm) {transformation: [-0.9931f,-0.0037f,-0.1171f,-0.0966f,0.117f,0.0269f,-0.9928f,-0.4563f,0.0068f,-0.9996f,-0.0263f,0.0441f,0f,0f,0f,1f],start_interpolation: 0,interpolation_duration: 1}
$data merge entity $(bone_magazine1) {transformation: [0f,0f,0f,-0.1134f,0f,0f,0f,-0.3815f,0f,0f,0f,0.3966f,0f,0f,0f,1f],start_interpolation: 0,interpolation_duration: 1}
$data merge entity $(bone_left_arm) {transformation: [-0.8468f,0.4006f,0.3499f,0.0812f,-0.3593f,0.0543f,-0.9316f,-0.4682f,-0.3922f,-0.9146f,0.0979f,0.0558f,0f,0f,0f,1f],start_interpolation: 0,interpolation_duration: 1}
data modify entity @s data merge value {"cameras":{},"locators":{"barrel1":{"px":-0.06998478409031222,"py":-0.3769522645242641,"pz":0.7338832572064682,"ry":359.78881252993824,"rx":1.540318780085162}}}