# This file was generated by Animated Java via MC-Build. It is not recommended to edit this file directly.
$data merge entity $(bone_muzzleflash) {transformation: [0f,0f,0f,-0.2137f,0f,0f,0f,-0.7782f,0f,0f,0f,0.3845f,0f,0f,0f,1f],start_interpolation: 0,interpolation_duration: 1}
$data merge entity $(bone_slide) {transformation: [-0.9932f,0.1163f,-0.004f,-0.0421f,0.1161f,0.9929f,0.026f,-0.3204f,0.007f,0.0254f,-0.9997f,0.5728f,0f,0f,0f,1f],start_interpolation: 0,interpolation_duration: 1}
$data merge entity $(bone_barrel) {transformation: [-0.9932f,0.1163f,-0.004f,0.0571f,0.1161f,0.9929f,0.026f,-0.4134f,0.007f,0.0254f,-0.9997f,0.57f,0f,0f,0f,1f],start_interpolation: 0,interpolation_duration: 1}
$data merge entity $(bone_magazine) {transformation: [-0.9932f,0.1163f,-0.004f,-0.0584f,0.1161f,0.9929f,0.026f,-0.4478f,0.007f,0.0254f,-0.9997f,0.3725f,0f,0f,0f,1f],start_interpolation: 0,interpolation_duration: 1}
$data merge entity $(bone_grip) {transformation: [-0.9932f,0.1163f,-0.004f,-0.0584f,0.1161f,0.9929f,0.026f,-0.4478f,0.007f,0.0254f,-0.9997f,0.3725f,0f,0f,0f,1f],start_interpolation: 0,interpolation_duration: 1}
$data merge entity $(bone_trigger) {transformation: [-0.9932f,0.1163f,-0.004f,-0.0578f,0.1161f,0.9929f,0.026f,-0.4442f,0.007f,0.0254f,-0.9997f,0.4032f,0f,0f,0f,1f],start_interpolation: 0,interpolation_duration: 1}
$data merge entity $(bone_trigger_gaurd) {transformation: [-0.9932f,0.1163f,-0.004f,-0.0543f,0.1161f,0.9929f,0.026f,-0.4164f,0.007f,0.0254f,-0.9997f,0.4364f,0f,0f,0f,1f],start_interpolation: 0,interpolation_duration: 1}
$data merge entity $(bone_right_arm) {transformation: [-0.9932f,-0.004f,-0.1163f,-0.0963f,0.1161f,0.026f,-0.9929f,-0.4563f,0.007f,-0.9997f,-0.0254f,0.0443f,0f,0f,0f,1f],start_interpolation: 0,interpolation_duration: 1}
$data merge entity $(bone_magazine1) {transformation: [0f,0f,0f,-0.1131f,0f,0f,0f,-0.3812f,0f,0f,0f,0.3967f,0f,0f,0f,1f],start_interpolation: 0,interpolation_duration: 1}
$data merge entity $(bone_left_arm) {transformation: [-0.8466f,0.4003f,0.3507f,0.0816f,-0.3603f,0.0539f,-0.9313f,-0.4681f,-0.3917f,-0.9148f,0.0986f,0.0559f,0f,0f,0f,1f],start_interpolation: 0,interpolation_duration: 1}
data modify entity @s data merge value {"cameras":{},"locators":{"barrel1":{"px":-0.06954675206668144,"py":-0.3763727094618184,"pz":0.7339827537702756,"ry":359.77277502714423,"rx":1.4912795235558711}}}