# This file was generated by Animated Java via MC-Build. It is not recommended to edit this file directly.
$data merge entity $(bone_muzzleflash) {transformation: [0f,0f,0f,-0.213f,0f,0f,0f,-0.778f,0f,0f,0f,0.385f,0f,0f,0f,1f],start_interpolation: 0,interpolation_duration: 1}
$data merge entity $(bone_slide) {transformation: [-0.9933f,0.1154f,-0.0042f,-0.0418f,0.1153f,0.993f,0.0251f,-0.3199f,0.0071f,0.0245f,-0.9997f,0.5728f,0f,0f,0f,1f],start_interpolation: 0,interpolation_duration: 1}
$data merge entity $(bone_barrel) {transformation: [-0.9933f,0.1154f,-0.0042f,0.0575f,0.1153f,0.993f,0.0251f,-0.4129f,0.0071f,0.0245f,-0.9997f,0.5701f,0f,0f,0f,1f],start_interpolation: 0,interpolation_duration: 1}
$data merge entity $(bone_magazine) {transformation: [-0.9933f,0.1154f,-0.0042f,-0.058f,0.1153f,0.993f,0.0251f,-0.4475f,0.0071f,0.0245f,-0.9997f,0.3727f,0f,0f,0f,1f],start_interpolation: 0,interpolation_duration: 1}
$data merge entity $(bone_grip) {transformation: [-0.9933f,0.1154f,-0.0042f,-0.058f,0.1153f,0.993f,0.0251f,-0.4475f,0.0071f,0.0245f,-0.9997f,0.3727f,0f,0f,0f,1f],start_interpolation: 0,interpolation_duration: 1}
$data merge entity $(bone_trigger) {transformation: [-0.9933f,0.1154f,-0.0042f,-0.0574f,0.1153f,0.993f,0.0251f,-0.4439f,0.0071f,0.0245f,-0.9997f,0.4034f,0f,0f,0f,1f],start_interpolation: 0,interpolation_duration: 1}
$data merge entity $(bone_trigger_gaurd) {transformation: [-0.9933f,0.1154f,-0.0042f,-0.0539f,0.1153f,0.993f,0.0251f,-0.4161f,0.0071f,0.0245f,-0.9997f,0.4365f,0f,0f,0f,1f],start_interpolation: 0,interpolation_duration: 1}
$data merge entity $(bone_right_arm) {transformation: [-0.9933f,-0.0042f,-0.1154f,-0.096f,0.1153f,0.0251f,-0.993f,-0.4563f,0.0071f,-0.9997f,-0.0245f,0.0444f,0f,0f,0f,1f],start_interpolation: 0,interpolation_duration: 1}
$data merge entity $(bone_magazine1) {transformation: [0f,0f,0f,-0.1127f,0f,0f,0f,-0.381f,0f,0f,0f,0.3968f,0f,0f,0f,1f],start_interpolation: 0,interpolation_duration: 1}
$data merge entity $(bone_left_arm) {transformation: [-0.8464f,0.4f,0.3515f,0.0819f,-0.3614f,0.0534f,-0.9309f,-0.468f,-0.3912f,-0.9149f,0.0993f,0.056f,0f,0f,0f,1f],start_interpolation: 0,interpolation_duration: 1}
data modify entity @s data merge value {"cameras":{},"locators":{"barrel1":{"px":-0.06911201876254681,"py":-0.3757760069064501,"pz":0.7340835853040197,"ry":359.7569238270169,"rx":1.4411281879948985}}}