# This file was generated by Animated Java via MC-Build. It is not recommended to edit this file directly.
$data merge entity $(bone_muzzleflash) {transformation: [0f,0f,0f,-0.2087f,0f,0f,0f,-0.7492f,0f,0f,0f,0.3979f,0f,0f,0f,1f],start_interpolation: 0,interpolation_duration: 1}
$data merge entity $(bone_slide) {transformation: [-0.9951f,0.0989f,-0.0012f,-0.0457f,0.0989f,0.9949f,-0.0203f,-0.2803f,-0.0008f,-0.0203f,-0.9998f,0.5652f,0f,0f,0f,1f],start_interpolation: 0,interpolation_duration: 1}
$data merge entity $(bone_barrel) {transformation: [-0.9951f,0.0989f,-0.0012f,0.0551f,0.0989f,0.9949f,-0.0203f,-0.3716f,-0.0008f,-0.0203f,-0.9998f,0.567f,0f,0f,0f,1f],start_interpolation: 0,interpolation_duration: 1}
$data merge entity $(bone_magazine) {transformation: [-0.9951f,0.0989f,-0.0012f,-0.0592f,0.0989f,0.9949f,-0.0203f,-0.4171f,-0.0008f,-0.0203f,-0.9998f,0.371f,0f,0f,0f,1f],start_interpolation: 0,interpolation_duration: 1}
$data merge entity $(bone_grip) {transformation: [-0.9951f,0.0989f,-0.0012f,-0.0592f,0.0989f,0.9949f,-0.0203f,-0.4171f,-0.0008f,-0.0203f,-0.9998f,0.371f,0f,0f,0f,1f],start_interpolation: 0,interpolation_duration: 1}
$data merge entity $(bone_trigger) {transformation: [-0.9951f,0.0989f,-0.0012f,-0.0587f,0.0989f,0.9949f,-0.0203f,-0.4121f,-0.0008f,-0.0203f,-0.9998f,0.4015f,0f,0f,0f,1f],start_interpolation: 0,interpolation_duration: 1}
$data merge entity $(bone_trigger_gaurd) {transformation: [-0.9951f,0.0989f,-0.0012f,-0.0558f,0.0989f,0.9949f,-0.0203f,-0.3827f,-0.0008f,-0.0203f,-0.9998f,0.4334f,0f,0f,0f,1f],start_interpolation: 0,interpolation_duration: 1}
$data merge entity $(bone_right_arm) {transformation: [-0.9951f,-0.0012f,-0.0989f,-0.0959f,0.0989f,-0.0203f,-0.9949f,-0.4414f,-0.0008f,-0.9998f,0.0203f,0.0434f,0f,0f,0f,1f],start_interpolation: 0,interpolation_duration: 1}
$data merge entity $(bone_magazine1) {transformation: [0f,0f,0f,-0.1151f,0f,0f,0f,-0.3504f,0f,0f,0f,0.392f,0f,0f,0f,1f],start_interpolation: 0,interpolation_duration: 1}
$data merge entity $(bone_left_arm) {transformation: [-0.8389f,0.4023f,0.3666f,0.0822f,-0.3928f,0.0185f,-0.9194f,-0.4495f,-0.3767f,-0.9153f,0.1425f,0.056f,0f,0f,0f,1f],start_interpolation: 0,interpolation_duration: 1}
data modify entity @s data merge value {"cameras":{},"locators":{"barrel1":{"px":-0.07272598377372169,"py":-0.32922530917598936,"pz":0.7287856994718072,"ry":359.93317613710667,"rx":-1.162016257982472}}}