# This file was generated by Animated Java via MC-Build. It is not recommended to edit this file directly.
$data merge entity $(bone_muzzleflash) {transformation: [0f,0f,0f,-0.2123f,0f,0f,0f,-0.7778f,0f,0f,0f,0.3854f,0f,0f,0f,1f],start_interpolation: 0,interpolation_duration: 1}
$data merge entity $(bone_slide) {transformation: [-0.9934f,0.1146f,-0.0045f,-0.0414f,0.1144f,0.9931f,0.0243f,-0.3194f,0.0073f,0.0236f,-0.9997f,0.5729f,0f,0f,0f,1f],start_interpolation: 0,interpolation_duration: 1}
$data merge entity $(bone_barrel) {transformation: [-0.9934f,0.1146f,-0.0045f,0.058f,0.1144f,0.9931f,0.0243f,-0.4123f,0.0073f,0.0236f,-0.9997f,0.5702f,0f,0f,0f,1f],start_interpolation: 0,interpolation_duration: 1}
$data merge entity $(bone_magazine) {transformation: [-0.9934f,0.1146f,-0.0045f,-0.0576f,0.1144f,0.9931f,0.0243f,-0.4472f,0.0073f,0.0236f,-0.9997f,0.3728f,0f,0f,0f,1f],start_interpolation: 0,interpolation_duration: 1}
$data merge entity $(bone_grip) {transformation: [-0.9934f,0.1146f,-0.0045f,-0.0576f,0.1144f,0.9931f,0.0243f,-0.4472f,0.0073f,0.0236f,-0.9997f,0.3728f,0f,0f,0f,1f],start_interpolation: 0,interpolation_duration: 1}
$data merge entity $(bone_trigger) {transformation: [-0.9934f,0.1146f,-0.0045f,-0.057f,0.1144f,0.9931f,0.0243f,-0.4436f,0.0073f,0.0236f,-0.9997f,0.4035f,0f,0f,0f,1f],start_interpolation: 0,interpolation_duration: 1}
$data merge entity $(bone_trigger_gaurd) {transformation: [-0.9934f,0.1146f,-0.0045f,-0.0535f,0.1144f,0.9931f,0.0243f,-0.4157f,0.0073f,0.0236f,-0.9997f,0.4367f,0f,0f,0f,1f],start_interpolation: 0,interpolation_duration: 1}
$data merge entity $(bone_right_arm) {transformation: [-0.9934f,-0.0045f,-0.1146f,-0.0957f,0.1144f,0.0243f,-0.9931f,-0.4564f,0.0073f,-0.9997f,-0.0236f,0.0446f,0f,0f,0f,1f],start_interpolation: 0,interpolation_duration: 1}
$data merge entity $(bone_magazine1) {transformation: [0f,0f,0f,-0.1124f,0f,0f,0f,-0.3807f,0f,0f,0f,0.397f,0f,0f,0f,1f],start_interpolation: 0,interpolation_duration: 1}
$data merge entity $(bone_left_arm) {transformation: [-0.8462f,0.3997f,0.3524f,0.0823f,-0.3625f,0.053f,-0.9305f,-0.4678f,-0.3906f,-0.9151f,0.1001f,0.0562f,0f,0f,0f,1f],start_interpolation: 0,interpolation_duration: 1}
data modify entity @s data merge value {"cameras":{},"locators":{"barrel1":{"px":-0.06868234598320168,"py":-0.37516345225349146,"pz":0.7341855073007066,"ry":359.7413300372923,"rx":1.3899577144779705}}}