# This file was generated by Animated Java via MC-Build. It is not recommended to edit this file directly.
$data merge entity $(bone_muzzleflash) {transformation: [0f,0f,0f,-0.2116f,0f,0f,0f,-0.7776f,0f,0f,0f,0.386f,0f,0f,0f,1f],start_interpolation: 0,interpolation_duration: 1}
$data merge entity $(bone_slide) {transformation: [-0.9935f,0.1137f,-0.0048f,-0.0411f,0.1136f,0.9933f,0.0233f,-0.3189f,0.0074f,0.0227f,-0.9997f,0.5729f,0f,0f,0f,1f],start_interpolation: 0,interpolation_duration: 1}
$data merge entity $(bone_barrel) {transformation: [-0.9935f,0.1137f,-0.0048f,0.0584f,0.1136f,0.9933f,0.0233f,-0.4117f,0.0074f,0.0227f,-0.9997f,0.5703f,0f,0f,0f,1f],start_interpolation: 0,interpolation_duration: 1}
$data merge entity $(bone_magazine) {transformation: [-0.9935f,0.1137f,-0.0048f,-0.0572f,0.1136f,0.9933f,0.0233f,-0.4469f,0.0074f,0.0227f,-0.9997f,0.373f,0f,0f,0f,1f],start_interpolation: 0,interpolation_duration: 1}
$data merge entity $(bone_grip) {transformation: [-0.9935f,0.1137f,-0.0048f,-0.0572f,0.1136f,0.9933f,0.0233f,-0.4469f,0.0074f,0.0227f,-0.9997f,0.373f,0f,0f,0f,1f],start_interpolation: 0,interpolation_duration: 1}
$data merge entity $(bone_trigger) {transformation: [-0.9935f,0.1137f,-0.0048f,-0.0566f,0.1136f,0.9933f,0.0233f,-0.4433f,0.0074f,0.0227f,-0.9997f,0.4037f,0f,0f,0f,1f],start_interpolation: 0,interpolation_duration: 1}
$data merge entity $(bone_trigger_gaurd) {transformation: [-0.9935f,0.1137f,-0.0048f,-0.0531f,0.1136f,0.9933f,0.0233f,-0.4153f,0.0074f,0.0227f,-0.9997f,0.4368f,0f,0f,0f,1f],start_interpolation: 0,interpolation_duration: 1}
$data merge entity $(bone_right_arm) {transformation: [-0.9935f,-0.0048f,-0.1137f,-0.0953f,0.1136f,0.0233f,-0.9933f,-0.4564f,0.0074f,-0.9997f,-0.0227f,0.0448f,0f,0f,0f,1f],start_interpolation: 0,interpolation_duration: 1}
$data merge entity $(bone_magazine1) {transformation: [0f,0f,0f,-0.112f,0f,0f,0f,-0.3804f,0f,0f,0f,0.3971f,0f,0f,0f,1f],start_interpolation: 0,interpolation_duration: 1}
$data merge entity $(bone_left_arm) {transformation: [-0.846f,0.3995f,0.3532f,0.0826f,-0.3635f,0.0525f,-0.9301f,-0.4677f,-0.3901f,-0.9152f,0.1008f,0.0563f,0f,0f,0f,1f],start_interpolation: 0,interpolation_duration: 1}
data modify entity @s data merge value {"cameras":{},"locators":{"barrel1":{"px":-0.06825949027094362,"py":-0.37453634559357263,"pz":0.734288279444363,"ry":359.72606427243346,"rx":1.3378613530473413}}}