# This file was generated by Animated Java via MC-Build. It is not recommended to edit this file directly.
$data merge entity $(bone_muzzleflash) {transformation: [0f,0f,0f,-0.211f,0f,0f,0f,-0.7774f,0f,0f,0f,0.3865f,0f,0f,0f,1f],start_interpolation: 0,interpolation_duration: 1}
$data merge entity $(bone_slide) {transformation: [-0.9936f,0.1129f,-0.005f,-0.0408f,0.1127f,0.9934f,0.0224f,-0.3184f,0.0075f,0.0217f,-0.9997f,0.573f,0f,0f,0f,1f],start_interpolation: 0,interpolation_duration: 1}
$data merge entity $(bone_barrel) {transformation: [-0.9936f,0.1129f,-0.005f,0.0588f,0.1127f,0.9934f,0.0224f,-0.4111f,0.0075f,0.0217f,-0.9997f,0.5704f,0f,0f,0f,1f],start_interpolation: 0,interpolation_duration: 1}
$data merge entity $(bone_magazine) {transformation: [-0.9936f,0.1129f,-0.005f,-0.0568f,0.1127f,0.9934f,0.0224f,-0.4466f,0.0075f,0.0217f,-0.9997f,0.3731f,0f,0f,0f,1f],start_interpolation: 0,interpolation_duration: 1}
$data merge entity $(bone_grip) {transformation: [-0.9936f,0.1129f,-0.005f,-0.0568f,0.1127f,0.9934f,0.0224f,-0.4466f,0.0075f,0.0217f,-0.9997f,0.3731f,0f,0f,0f,1f],start_interpolation: 0,interpolation_duration: 1}
$data merge entity $(bone_trigger) {transformation: [-0.9936f,0.1129f,-0.005f,-0.0562f,0.1127f,0.9934f,0.0224f,-0.4429f,0.0075f,0.0217f,-0.9997f,0.4039f,0f,0f,0f,1f],start_interpolation: 0,interpolation_duration: 1}
$data merge entity $(bone_trigger_gaurd) {transformation: [-0.9936f,0.1129f,-0.005f,-0.0527f,0.1127f,0.9934f,0.0224f,-0.415f,0.0075f,0.0217f,-0.9997f,0.4369f,0f,0f,0f,1f],start_interpolation: 0,interpolation_duration: 1}
$data merge entity $(bone_right_arm) {transformation: [-0.9936f,-0.005f,-0.1129f,-0.095f,0.1127f,0.0224f,-0.9934f,-0.4564f,0.0075f,-0.9997f,-0.0217f,0.045f,0f,0f,0f,1f],start_interpolation: 0,interpolation_duration: 1}
$data merge entity $(bone_magazine1) {transformation: [0f,0f,0f,-0.1117f,0f,0f,0f,-0.3801f,0f,0f,0f,0.3972f,0f,0f,0f,1f],start_interpolation: 0,interpolation_duration: 1}
$data merge entity $(bone_left_arm) {transformation: [-0.8457f,0.3992f,0.354f,0.0829f,-0.3646f,0.052f,-0.9297f,-0.4675f,-0.3895f,-0.9154f,0.1016f,0.0565f,0f,0f,0f,1f],start_interpolation: 0,interpolation_duration: 1}
data modify entity @s data merge value {"cameras":{},"locators":{"barrel1":{"px":-0.06784520268190186,"py":-0.37389599175721944,"pz":0.734391665770342,"ry":359.71119663593265,"rx":1.284932663704832}}}