# This file was generated by Animated Java via MC-Build. It is not recommended to edit this file directly.
$data merge entity $(bone_muzzleflash) {transformation: [0f,0f,0f,-0.2103f,0f,0f,0f,-0.7772f,0f,0f,0f,0.387f,0f,0f,0f,1f],start_interpolation: 0,interpolation_duration: 1}
$data merge entity $(bone_slide) {transformation: [-0.9937f,0.112f,-0.0053f,-0.0404f,0.1119f,0.9935f,0.0215f,-0.3179f,0.0077f,0.0208f,-0.9998f,0.573f,0f,0f,0f,1f],start_interpolation: 0,interpolation_duration: 1}
$data merge entity $(bone_barrel) {transformation: [-0.9937f,0.112f,-0.0053f,0.0592f,0.1119f,0.9935f,0.0215f,-0.4105f,0.0077f,0.0208f,-0.9998f,0.5705f,0f,0f,0f,1f],start_interpolation: 0,interpolation_duration: 1}
$data merge entity $(bone_magazine) {transformation: [-0.9937f,0.112f,-0.0053f,-0.0564f,0.1119f,0.9935f,0.0215f,-0.4462f,0.0077f,0.0208f,-0.9998f,0.3733f,0f,0f,0f,1f],start_interpolation: 0,interpolation_duration: 1}
$data merge entity $(bone_grip) {transformation: [-0.9937f,0.112f,-0.0053f,-0.0564f,0.1119f,0.9935f,0.0215f,-0.4462f,0.0077f,0.0208f,-0.9998f,0.3733f,0f,0f,0f,1f],start_interpolation: 0,interpolation_duration: 1}
$data merge entity $(bone_trigger) {transformation: [-0.9937f,0.112f,-0.0053f,-0.0558f,0.1119f,0.9935f,0.0215f,-0.4426f,0.0077f,0.0208f,-0.9998f,0.404f,0f,0f,0f,1f],start_interpolation: 0,interpolation_duration: 1}
$data merge entity $(bone_trigger_gaurd) {transformation: [-0.9937f,0.112f,-0.0053f,-0.0524f,0.1119f,0.9935f,0.0215f,-0.4146f,0.0077f,0.0208f,-0.9998f,0.4371f,0f,0f,0f,1f],start_interpolation: 0,interpolation_duration: 1}
$data merge entity $(bone_right_arm) {transformation: [-0.9937f,-0.0053f,-0.112f,-0.0947f,0.1119f,0.0215f,-0.9935f,-0.4564f,0.0077f,-0.9998f,-0.0208f,0.0452f,0f,0f,0f,1f],start_interpolation: 0,interpolation_duration: 1}
$data merge entity $(bone_magazine1) {transformation: [0f,0f,0f,-0.1113f,0f,0f,0f,-0.3798f,0f,0f,0f,0.3973f,0f,0f,0f,1f],start_interpolation: 0,interpolation_duration: 1}
$data merge entity $(bone_left_arm) {transformation: [-0.8455f,0.399f,0.3549f,0.0833f,-0.3657f,0.0515f,-0.9293f,-0.4674f,-0.389f,-0.9155f,0.1024f,0.0566f,0f,0f,0f,1f],start_interpolation: 0,interpolation_duration: 1}
data modify entity @s data merge value {"cameras":{},"locators":{"barrel1":{"px":-0.06744122858235127,"py":-0.37324370033545634,"pz":0.7344954347978909,"ry":359.69679670465086,"rx":1.231265515845157}}}