# This file was generated by Animated Java via MC-Build. It is not recommended to edit this file directly.
$data merge entity $(bone_muzzleflash) {transformation: [0f,0f,0f,-0.2096f,0f,0f,0f,-0.777f,0f,0f,0f,0.3875f,0f,0f,0f,1f],start_interpolation: 0,interpolation_duration: 1}
$data merge entity $(bone_slide) {transformation: [-0.9938f,0.1111f,-0.0055f,-0.0401f,0.111f,0.9936f,0.0205f,-0.3173f,0.0078f,0.0198f,-0.9998f,0.573f,0f,0f,0f,1f],start_interpolation: 0,interpolation_duration: 1}
$data merge entity $(bone_barrel) {transformation: [-0.9938f,0.1111f,-0.0055f,0.0596f,0.111f,0.9936f,0.0205f,-0.4099f,0.0078f,0.0198f,-0.9998f,0.5706f,0f,0f,0f,1f],start_interpolation: 0,interpolation_duration: 1}
$data merge entity $(bone_magazine) {transformation: [-0.9938f,0.1111f,-0.0055f,-0.0561f,0.111f,0.9936f,0.0205f,-0.4459f,0.0078f,0.0198f,-0.9998f,0.3735f,0f,0f,0f,1f],start_interpolation: 0,interpolation_duration: 1}
$data merge entity $(bone_grip) {transformation: [-0.9938f,0.1111f,-0.0055f,-0.0561f,0.111f,0.9936f,0.0205f,-0.4459f,0.0078f,0.0198f,-0.9998f,0.3735f,0f,0f,0f,1f],start_interpolation: 0,interpolation_duration: 1}
$data merge entity $(bone_trigger) {transformation: [-0.9938f,0.1111f,-0.0055f,-0.0554f,0.111f,0.9936f,0.0205f,-0.4422f,0.0078f,0.0198f,-0.9998f,0.4042f,0f,0f,0f,1f],start_interpolation: 0,interpolation_duration: 1}
$data merge entity $(bone_trigger_gaurd) {transformation: [-0.9938f,0.1111f,-0.0055f,-0.052f,0.111f,0.9936f,0.0205f,-0.4142f,0.0078f,0.0198f,-0.9998f,0.4372f,0f,0f,0f,1f],start_interpolation: 0,interpolation_duration: 1}
$data merge entity $(bone_right_arm) {transformation: [-0.9938f,-0.0055f,-0.1111f,-0.0944f,0.111f,0.0205f,-0.9936f,-0.4564f,0.0078f,-0.9998f,-0.0198f,0.0454f,0f,0f,0f,1f],start_interpolation: 0,interpolation_duration: 1}
$data merge entity $(bone_magazine1) {transformation: [0f,0f,0f,-0.111f,0f,0f,0f,-0.3795f,0f,0f,0f,0.3974f,0f,0f,0f,1f],start_interpolation: 0,interpolation_duration: 1}
$data merge entity $(bone_left_arm) {transformation: [-0.8453f,0.3987f,0.3557f,0.0836f,-0.3669f,0.051f,-0.9289f,-0.4672f,-0.3885f,-0.9157f,0.1032f,0.0568f,0f,0f,0f,1f],start_interpolation: 0,interpolation_duration: 1}
data modify entity @s data merge value {"cameras":{},"locators":{"barrel1":{"px":-0.0670493074648982,"py":-0.3725807856766321,"pz":0.7345993596349625,"ry":359.68293351520197,"rx":1.1769540861447625}}}