# This file was generated by Animated Java via MC-Build. It is not recommended to edit this file directly.
$data merge entity $(bone_muzzleflash) {transformation: [0f,0f,0f,-0.209f,0f,0f,0f,-0.7768f,0f,0f,0f,0.388f,0f,0f,0f,1f],start_interpolation: 0,interpolation_duration: 1}
$data merge entity $(bone_slide) {transformation: [-0.9939f,0.1103f,-0.0058f,-0.0398f,0.1101f,0.9937f,0.0196f,-0.3168f,0.0079f,0.0188f,-0.9998f,0.5731f,0f,0f,0f,1f],start_interpolation: 0,interpolation_duration: 1}
$data merge entity $(bone_barrel) {transformation: [-0.9939f,0.1103f,-0.0058f,0.0599f,0.1101f,0.9937f,0.0196f,-0.4093f,0.0079f,0.0188f,-0.9998f,0.5707f,0f,0f,0f,1f],start_interpolation: 0,interpolation_duration: 1}
$data merge entity $(bone_magazine) {transformation: [-0.9939f,0.1103f,-0.0058f,-0.0557f,0.1101f,0.9937f,0.0196f,-0.4456f,0.0079f,0.0188f,-0.9998f,0.3737f,0f,0f,0f,1f],start_interpolation: 0,interpolation_duration: 1}
$data merge entity $(bone_grip) {transformation: [-0.9939f,0.1103f,-0.0058f,-0.0557f,0.1101f,0.9937f,0.0196f,-0.4456f,0.0079f,0.0188f,-0.9998f,0.3737f,0f,0f,0f,1f],start_interpolation: 0,interpolation_duration: 1}
$data merge entity $(bone_trigger) {transformation: [-0.9939f,0.1103f,-0.0058f,-0.055f,0.1101f,0.9937f,0.0196f,-0.4418f,0.0079f,0.0188f,-0.9998f,0.4044f,0f,0f,0f,1f],start_interpolation: 0,interpolation_duration: 1}
$data merge entity $(bone_trigger_gaurd) {transformation: [-0.9939f,0.1103f,-0.0058f,-0.0517f,0.1101f,0.9937f,0.0196f,-0.4138f,0.0079f,0.0188f,-0.9998f,0.4373f,0f,0f,0f,1f],start_interpolation: 0,interpolation_duration: 1}
$data merge entity $(bone_right_arm) {transformation: [-0.9939f,-0.0058f,-0.1103f,-0.0941f,0.1101f,0.0196f,-0.9937f,-0.4564f,0.0079f,-0.9998f,-0.0188f,0.0456f,0f,0f,0f,1f],start_interpolation: 0,interpolation_duration: 1}
$data merge entity $(bone_magazine1) {transformation: [0f,0f,0f,-0.1107f,0f,0f,0f,-0.3792f,0f,0f,0f,0.3976f,0f,0f,0f,1f],start_interpolation: 0,interpolation_duration: 1}
$data merge entity $(bone_left_arm) {transformation: [-0.845f,0.3985f,0.3566f,0.0839f,-0.368f,0.0504f,-0.9285f,-0.4671f,-0.3879f,-0.9158f,0.104f,0.057f,0f,0f,0f,1f],start_interpolation: 0,interpolation_duration: 1}
data modify entity @s data merge value {"cameras":{},"locators":{"barrel1":{"px":-0.06667117278493156,"py":-0.3719085668597008,"pz":0.734703218055227,"ry":359.6696755523901,"rx":1.1220928549219973}}}