# This file was generated by Animated Java via MC-Build. It is not recommended to edit this file directly.
$data merge entity $(bone_muzzleflash) {transformation: [0f,0f,0f,-0.2083f,0f,0f,0f,-0.7766f,0f,0f,0f,0.3885f,0f,0f,0f,1f],start_interpolation: 0,interpolation_duration: 1}
$data merge entity $(bone_slide) {transformation: [-0.994f,0.1094f,-0.006f,-0.0396f,0.1093f,0.9938f,0.0186f,-0.3162f,0.008f,0.0179f,-0.9998f,0.5731f,0f,0f,0f,1f],start_interpolation: 0,interpolation_duration: 1}
$data merge entity $(bone_barrel) {transformation: [-0.994f,0.1094f,-0.006f,0.0603f,0.1093f,0.9938f,0.0186f,-0.4086f,0.008f,0.0179f,-0.9998f,0.5708f,0f,0f,0f,1f],start_interpolation: 0,interpolation_duration: 1}
$data merge entity $(bone_magazine) {transformation: [-0.994f,0.1094f,-0.006f,-0.0553f,0.1093f,0.9938f,0.0186f,-0.4452f,0.008f,0.0179f,-0.9998f,0.3738f,0f,0f,0f,1f],start_interpolation: 0,interpolation_duration: 1}
$data merge entity $(bone_grip) {transformation: [-0.994f,0.1094f,-0.006f,-0.0553f,0.1093f,0.9938f,0.0186f,-0.4452f,0.008f,0.0179f,-0.9998f,0.3738f,0f,0f,0f,1f],start_interpolation: 0,interpolation_duration: 1}
$data merge entity $(bone_trigger) {transformation: [-0.994f,0.1094f,-0.006f,-0.0547f,0.1093f,0.9938f,0.0186f,-0.4415f,0.008f,0.0179f,-0.9998f,0.4045f,0f,0f,0f,1f],start_interpolation: 0,interpolation_duration: 1}
$data merge entity $(bone_trigger_gaurd) {transformation: [-0.994f,0.1094f,-0.006f,-0.0513f,0.1093f,0.9938f,0.0186f,-0.4134f,0.008f,0.0179f,-0.9998f,0.4375f,0f,0f,0f,1f],start_interpolation: 0,interpolation_duration: 1}
$data merge entity $(bone_right_arm) {transformation: [-0.994f,-0.006f,-0.1094f,-0.0938f,0.1093f,0.0186f,-0.9938f,-0.4564f,0.008f,-0.9998f,-0.0179f,0.0458f,0f,0f,0f,1f],start_interpolation: 0,interpolation_duration: 1}
$data merge entity $(bone_magazine1) {transformation: [0f,0f,0f,-0.1104f,0f,0f,0f,-0.3789f,0f,0f,0f,0.3977f,0f,0f,0f,1f],start_interpolation: 0,interpolation_duration: 1}
$data merge entity $(bone_left_arm) {transformation: [-0.8448f,0.3982f,0.3574f,0.0842f,-0.3691f,0.0499f,-0.928f,-0.4669f,-0.3874f,-0.9159f,0.1048f,0.0571f,0f,0f,0f,1f],start_interpolation: 0,interpolation_duration: 1}
data modify entity @s data merge value {"cameras":{},"locators":{"barrel1":{"px":-0.066308551817736,"py":-0.3712283676442128,"pz":0.734806792547261,"ry":359.65709073970856,"rx":1.0667766009849813}}}