# This file was generated by Animated Java via MC-Build. It is not recommended to edit this file directly.
$data merge entity $(bone_muzzleflash) {transformation: [0f,0f,0f,-0.2077f,0f,0f,0f,-0.7764f,0f,0f,0f,0.3891f,0f,0f,0f,1f],start_interpolation: 0,interpolation_duration: 1}
$data merge entity $(bone_slide) {transformation: [-0.9941f,0.1085f,-0.0062f,-0.0393f,0.1084f,0.994f,0.0176f,-0.3157f,0.0081f,0.0169f,-0.9998f,0.5732f,0f,0f,0f,1f],start_interpolation: 0,interpolation_duration: 1}
$data merge entity $(bone_barrel) {transformation: [-0.9941f,0.1085f,-0.0062f,0.0607f,0.1084f,0.994f,0.0176f,-0.408f,0.0081f,0.0169f,-0.9998f,0.5709f,0f,0f,0f,1f],start_interpolation: 0,interpolation_duration: 1}
$data merge entity $(bone_magazine) {transformation: [-0.9941f,0.1085f,-0.0062f,-0.055f,0.1084f,0.994f,0.0176f,-0.4449f,0.0081f,0.0169f,-0.9998f,0.374f,0f,0f,0f,1f],start_interpolation: 0,interpolation_duration: 1}
$data merge entity $(bone_grip) {transformation: [-0.9941f,0.1085f,-0.0062f,-0.055f,0.1084f,0.994f,0.0176f,-0.4449f,0.0081f,0.0169f,-0.9998f,0.374f,0f,0f,0f,1f],start_interpolation: 0,interpolation_duration: 1}
$data merge entity $(bone_trigger) {transformation: [-0.9941f,0.1085f,-0.0062f,-0.0543f,0.1084f,0.994f,0.0176f,-0.4411f,0.0081f,0.0169f,-0.9998f,0.4047f,0f,0f,0f,1f],start_interpolation: 0,interpolation_duration: 1}
$data merge entity $(bone_trigger_gaurd) {transformation: [-0.9941f,0.1085f,-0.0062f,-0.051f,0.1084f,0.994f,0.0176f,-0.4129f,0.0081f,0.0169f,-0.9998f,0.4376f,0f,0f,0f,1f],start_interpolation: 0,interpolation_duration: 1}
$data merge entity $(bone_right_arm) {transformation: [-0.9941f,-0.0062f,-0.1085f,-0.0935f,0.1084f,0.0176f,-0.994f,-0.4565f,0.0081f,-0.9998f,-0.0169f,0.0459f,0f,0f,0f,1f],start_interpolation: 0,interpolation_duration: 1}
$data merge entity $(bone_magazine1) {transformation: [0f,0f,0f,-0.1101f,0f,0f,0f,-0.3786f,0f,0f,0f,0.3978f,0f,0f,0f,1f],start_interpolation: 0,interpolation_duration: 1}
$data merge entity $(bone_left_arm) {transformation: [-0.8445f,0.398f,0.3582f,0.0845f,-0.3702f,0.0494f,-0.9276f,-0.4667f,-0.3869f,-0.916f,0.1056f,0.0573f,0f,0f,0f,1f],start_interpolation: 0,interpolation_duration: 1}
data modify entity @s data merge value {"cameras":{},"locators":{"barrel1":{"px":-0.06596316553666623,"py":-0.3705415163972744,"pz":0.7349098703358791,"ry":359.6452464319068,"rx":1.0111003949839834}}}