# This file was generated by Animated Java via MC-Build. It is not recommended to edit this file directly.
$data merge entity $(bone_muzzleflash) {transformation: [0f,0f,0f,-0.207f,0f,0f,0f,-0.7761f,0f,0f,0f,0.3896f,0f,0f,0f,1f],start_interpolation: 0,interpolation_duration: 1}
$data merge entity $(bone_slide) {transformation: [-0.9942f,0.1076f,-0.0064f,-0.039f,0.1075f,0.9941f,0.0167f,-0.3151f,0.0081f,0.0159f,-0.9998f,0.5732f,0f,0f,0f,1f],start_interpolation: 0,interpolation_duration: 1}
$data merge entity $(bone_barrel) {transformation: [-0.9942f,0.1076f,-0.0064f,0.061f,0.1075f,0.9941f,0.0167f,-0.4073f,0.0081f,0.0159f,-0.9998f,0.5711f,0f,0f,0f,1f],start_interpolation: 0,interpolation_duration: 1}
$data merge entity $(bone_magazine) {transformation: [-0.9942f,0.1076f,-0.0064f,-0.0547f,0.1075f,0.9941f,0.0167f,-0.4445f,0.0081f,0.0159f,-0.9998f,0.3742f,0f,0f,0f,1f],start_interpolation: 0,interpolation_duration: 1}
$data merge entity $(bone_grip) {transformation: [-0.9942f,0.1076f,-0.0064f,-0.0547f,0.1075f,0.9941f,0.0167f,-0.4445f,0.0081f,0.0159f,-0.9998f,0.3742f,0f,0f,0f,1f],start_interpolation: 0,interpolation_duration: 1}
$data merge entity $(bone_trigger) {transformation: [-0.9942f,0.1076f,-0.0064f,-0.054f,0.1075f,0.9941f,0.0167f,-0.4407f,0.0081f,0.0159f,-0.9998f,0.4049f,0f,0f,0f,1f],start_interpolation: 0,interpolation_duration: 1}
$data merge entity $(bone_trigger_gaurd) {transformation: [-0.9942f,0.1076f,-0.0064f,-0.0507f,0.1075f,0.9941f,0.0167f,-0.4125f,0.0081f,0.0159f,-0.9998f,0.4378f,0f,0f,0f,1f],start_interpolation: 0,interpolation_duration: 1}
$data merge entity $(bone_right_arm) {transformation: [-0.9942f,-0.0064f,-0.1076f,-0.0932f,0.1075f,0.0167f,-0.9941f,-0.4565f,0.0081f,-0.9998f,-0.0159f,0.0461f,0f,0f,0f,1f],start_interpolation: 0,interpolation_duration: 1}
$data merge entity $(bone_magazine1) {transformation: [0f,0f,0f,-0.1098f,0f,0f,0f,-0.3782f,0f,0f,0f,0.3979f,0f,0f,0f,1f],start_interpolation: 0,interpolation_duration: 1}
$data merge entity $(bone_left_arm) {transformation: [-0.8443f,0.3978f,0.3591f,0.0848f,-0.3713f,0.0488f,-0.9272f,-0.4666f,-0.3864f,-0.9162f,0.1065f,0.0575f,0f,0f,0f,1f],start_interpolation: 0,interpolation_duration: 1}
data modify entity @s data merge value {"cameras":{},"locators":{"barrel1":{"px":-0.06563672851277902,"py":-0.3698493459977564,"pz":0.7350122433755806,"ry":359.63420940963505,"rx":0.9551595912854244}}}