# This file was generated by Animated Java via MC-Build. It is not recommended to edit this file directly.
$data merge entity $(bone_muzzleflash) {transformation: [0f,0f,0f,-0.2064f,0f,0f,0f,-0.7759f,0f,0f,0f,0.3901f,0f,0f,0f,1f],start_interpolation: 0,interpolation_duration: 1}
$data merge entity $(bone_slide) {transformation: [-0.9943f,0.1068f,-0.0066f,-0.0388f,0.1066f,0.9942f,0.0157f,-0.3146f,0.0082f,0.0149f,-0.9999f,0.5733f,0f,0f,0f,1f],start_interpolation: 0,interpolation_duration: 1}
$data merge entity $(bone_barrel) {transformation: [-0.9943f,0.1068f,-0.0066f,0.0613f,0.1066f,0.9942f,0.0157f,-0.4067f,0.0082f,0.0149f,-0.9999f,0.5712f,0f,0f,0f,1f],start_interpolation: 0,interpolation_duration: 1}
$data merge entity $(bone_magazine) {transformation: [-0.9943f,0.1068f,-0.0066f,-0.0544f,0.1066f,0.9942f,0.0157f,-0.4442f,0.0082f,0.0149f,-0.9999f,0.3743f,0f,0f,0f,1f],start_interpolation: 0,interpolation_duration: 1}
$data merge entity $(bone_grip) {transformation: [-0.9943f,0.1068f,-0.0066f,-0.0544f,0.1066f,0.9942f,0.0157f,-0.4442f,0.0082f,0.0149f,-0.9999f,0.3743f,0f,0f,0f,1f],start_interpolation: 0,interpolation_duration: 1}
$data merge entity $(bone_trigger) {transformation: [-0.9943f,0.1068f,-0.0066f,-0.0537f,0.1066f,0.9942f,0.0157f,-0.4403f,0.0082f,0.0149f,-0.9999f,0.405f,0f,0f,0f,1f],start_interpolation: 0,interpolation_duration: 1}
$data merge entity $(bone_trigger_gaurd) {transformation: [-0.9943f,0.1068f,-0.0066f,-0.0504f,0.1066f,0.9942f,0.0157f,-0.4121f,0.0082f,0.0149f,-0.9999f,0.4379f,0f,0f,0f,1f],start_interpolation: 0,interpolation_duration: 1}
$data merge entity $(bone_right_arm) {transformation: [-0.9943f,-0.0066f,-0.1068f,-0.0929f,0.1066f,0.0157f,-0.9942f,-0.4565f,0.0082f,-0.9999f,-0.0149f,0.0463f,0f,0f,0f,1f],start_interpolation: 0,interpolation_duration: 1}
$data merge entity $(bone_magazine1) {transformation: [0f,0f,0f,-0.1096f,0f,0f,0f,-0.3779f,0f,0f,0f,0.398f,0f,0f,0f,1f],start_interpolation: 0,interpolation_duration: 1}
$data merge entity $(bone_left_arm) {transformation: [-0.844f,0.3976f,0.3599f,0.0851f,-0.3725f,0.0483f,-0.9268f,-0.4664f,-0.3859f,-0.9163f,0.1073f,0.0576f,0f,0f,0f,1f],start_interpolation: 0,interpolation_duration: 1}
data modify entity @s data merge value {"cameras":{},"locators":{"barrel1":{"px":-0.0653309488363128,"py":-0.3691531937180349,"pz":0.7351137083160797,"ry":359.62404587617357,"rx":0.8990498183849093}}}