# This file was generated by Animated Java via MC-Build. It is not recommended to edit this file directly.
$data merge entity $(bone_muzzleflash) {transformation: [0f,0f,0f,-0.2093f,0f,0f,0f,-0.7484f,0f,0f,0f,0.3979f,0f,0f,0f,1f],start_interpolation: 0,interpolation_duration: 1}
$data merge entity $(bone_slide) {transformation: [-0.995f,0.1001f,-0.0012f,-0.0458f,0.1001f,0.9948f,-0.0205f,-0.2796f,-0.0009f,-0.0205f,-0.9998f,0.5652f,0f,0f,0f,1f],start_interpolation: 0,interpolation_duration: 1}
$data merge entity $(bone_barrel) {transformation: [-0.995f,0.1001f,-0.0012f,0.055f,0.1001f,0.9948f,-0.0205f,-0.371f,-0.0009f,-0.0205f,-0.9998f,0.5669f,0f,0f,0f,1f],start_interpolation: 0,interpolation_duration: 1}
$data merge entity $(bone_magazine) {transformation: [-0.995f,0.1001f,-0.0012f,-0.0594f,0.1001f,0.9948f,-0.0205f,-0.4164f,-0.0009f,-0.0205f,-0.9998f,0.371f,0f,0f,0f,1f],start_interpolation: 0,interpolation_duration: 1}
$data merge entity $(bone_grip) {transformation: [-0.995f,0.1001f,-0.0012f,-0.0594f,0.1001f,0.9948f,-0.0205f,-0.4164f,-0.0009f,-0.0205f,-0.9998f,0.371f,0f,0f,0f,1f],start_interpolation: 0,interpolation_duration: 1}
$data merge entity $(bone_trigger) {transformation: [-0.995f,0.1001f,-0.0012f,-0.0589f,0.1001f,0.9948f,-0.0205f,-0.4114f,-0.0009f,-0.0205f,-0.9998f,0.4015f,0f,0f,0f,1f],start_interpolation: 0,interpolation_duration: 1}
$data merge entity $(bone_trigger_gaurd) {transformation: [-0.995f,0.1001f,-0.0012f,-0.056f,0.1001f,0.9948f,-0.0205f,-0.382f,-0.0009f,-0.0205f,-0.9998f,0.4334f,0f,0f,0f,1f],start_interpolation: 0,interpolation_duration: 1}
$data merge entity $(bone_right_arm) {transformation: [-0.995f,-0.0012f,-0.1001f,-0.0961f,0.1001f,-0.0205f,-0.9948f,-0.4408f,-0.0009f,-0.9998f,0.0205f,0.0434f,0f,0f,0f,1f],start_interpolation: 0,interpolation_duration: 1}
$data merge entity $(bone_magazine1) {transformation: [0f,0f,0f,-0.1152f,0f,0f,0f,-0.3497f,0f,0f,0f,0.392f,0f,0f,0f,1f],start_interpolation: 0,interpolation_duration: 1}
$data merge entity $(bone_left_arm) {transformation: [-0.8394f,0.4023f,0.3655f,0.082f,-0.3919f,0.0179f,-0.9198f,-0.4491f,-0.3766f,-0.9153f,0.1427f,0.056f,0f,0f,0f,1f],start_interpolation: 0,interpolation_duration: 1}
data modify entity @s data merge value {"cameras":{},"locators":{"barrel1":{"px":-0.07280824664121736,"py":-0.32846770230593564,"pz":0.7287457625576452,"ry":359.93164500620145,"rx":-1.1762435448362998}}}