# This file was generated by Animated Java via MC-Build. It is not recommended to edit this file directly.
$data merge entity $(bone_muzzleflash) {transformation: [0f,0f,0f,-0.2058f,0f,0f,0f,-0.7756f,0f,0f,0f,0.3906f,0f,0f,0f,1f],start_interpolation: 0,interpolation_duration: 1}
$data merge entity $(bone_slide) {transformation: [-0.9944f,0.1059f,-0.0067f,-0.0386f,0.1058f,0.9943f,0.0147f,-0.314f,0.0082f,0.0139f,-0.9999f,0.5733f,0f,0f,0f,1f],start_interpolation: 0,interpolation_duration: 1}
$data merge entity $(bone_barrel) {transformation: [-0.9944f,0.1059f,-0.0067f,0.0616f,0.1058f,0.9943f,0.0147f,-0.406f,0.0082f,0.0139f,-0.9999f,0.5713f,0f,0f,0f,1f],start_interpolation: 0,interpolation_duration: 1}
$data merge entity $(bone_magazine) {transformation: [-0.9944f,0.1059f,-0.0067f,-0.0541f,0.1058f,0.9943f,0.0147f,-0.4438f,0.0082f,0.0139f,-0.9999f,0.3745f,0f,0f,0f,1f],start_interpolation: 0,interpolation_duration: 1}
$data merge entity $(bone_grip) {transformation: [-0.9944f,0.1059f,-0.0067f,-0.0541f,0.1058f,0.9943f,0.0147f,-0.4438f,0.0082f,0.0139f,-0.9999f,0.3745f,0f,0f,0f,1f],start_interpolation: 0,interpolation_duration: 1}
$data merge entity $(bone_trigger) {transformation: [-0.9944f,0.1059f,-0.0067f,-0.0534f,0.1058f,0.9943f,0.0147f,-0.4399f,0.0082f,0.0139f,-0.9999f,0.4052f,0f,0f,0f,1f],start_interpolation: 0,interpolation_duration: 1}
$data merge entity $(bone_trigger_gaurd) {transformation: [-0.9944f,0.1059f,-0.0067f,-0.0501f,0.1058f,0.9943f,0.0147f,-0.4117f,0.0082f,0.0139f,-0.9999f,0.4381f,0f,0f,0f,1f],start_interpolation: 0,interpolation_duration: 1}
$data merge entity $(bone_right_arm) {transformation: [-0.9944f,-0.0067f,-0.1059f,-0.0927f,0.1058f,0.0147f,-0.9943f,-0.4564f,0.0082f,-0.9999f,-0.0139f,0.0465f,0f,0f,0f,1f],start_interpolation: 0,interpolation_duration: 1}
$data merge entity $(bone_magazine1) {transformation: [0f,0f,0f,-0.1093f,0f,0f,0f,-0.3776f,0f,0f,0f,0.3982f,0f,0f,0f,1f],start_interpolation: 0,interpolation_duration: 1}
$data merge entity $(bone_left_arm) {transformation: [-0.8437f,0.3974f,0.3607f,0.0854f,-0.3736f,0.0478f,-0.9264f,-0.4662f,-0.3854f,-0.9164f,0.1082f,0.0578f,0f,0f,0f,1f],start_interpolation: 0,interpolation_duration: 1}
data modify entity @s data merge value {"cameras":{},"locators":{"barrel1":{"px":-0.06504752806039729,"py":-0.36845440108356026,"pz":0.7352140664398992,"ry":359.6148214562536,"rx":0.8428669678767517}}}