# This file was generated by Animated Java via MC-Build. It is not recommended to edit this file directly.
$data merge entity $(bone_muzzleflash) {transformation: [0f,0f,0f,-0.2053f,0f,0f,0f,-0.7754f,0f,0f,0f,0.3911f,0f,0f,0f,1f],start_interpolation: 0,interpolation_duration: 1}
$data merge entity $(bone_slide) {transformation: [-0.9944f,0.105f,-0.0069f,-0.0384f,0.1049f,0.9944f,0.0137f,-0.3134f,0.0083f,0.0129f,-0.9999f,0.5734f,0f,0f,0f,1f],start_interpolation: 0,interpolation_duration: 1}
$data merge entity $(bone_barrel) {transformation: [-0.9944f,0.105f,-0.0069f,0.0619f,0.1049f,0.9944f,0.0137f,-0.4054f,0.0083f,0.0129f,-0.9999f,0.5714f,0f,0f,0f,1f],start_interpolation: 0,interpolation_duration: 1}
$data merge entity $(bone_magazine) {transformation: [-0.9944f,0.105f,-0.0069f,-0.0538f,0.1049f,0.9944f,0.0137f,-0.4435f,0.0083f,0.0129f,-0.9999f,0.3747f,0f,0f,0f,1f],start_interpolation: 0,interpolation_duration: 1}
$data merge entity $(bone_grip) {transformation: [-0.9944f,0.105f,-0.0069f,-0.0538f,0.1049f,0.9944f,0.0137f,-0.4435f,0.0083f,0.0129f,-0.9999f,0.3747f,0f,0f,0f,1f],start_interpolation: 0,interpolation_duration: 1}
$data merge entity $(bone_trigger) {transformation: [-0.9944f,0.105f,-0.0069f,-0.0531f,0.1049f,0.9944f,0.0137f,-0.4395f,0.0083f,0.0129f,-0.9999f,0.4054f,0f,0f,0f,1f],start_interpolation: 0,interpolation_duration: 1}
$data merge entity $(bone_trigger_gaurd) {transformation: [-0.9944f,0.105f,-0.0069f,-0.0499f,0.1049f,0.9944f,0.0137f,-0.4113f,0.0083f,0.0129f,-0.9999f,0.4382f,0f,0f,0f,1f],start_interpolation: 0,interpolation_duration: 1}
$data merge entity $(bone_right_arm) {transformation: [-0.9944f,-0.0069f,-0.105f,-0.0924f,0.1049f,0.0137f,-0.9944f,-0.4564f,0.0083f,-0.9999f,-0.0129f,0.0467f,0f,0f,0f,1f],start_interpolation: 0,interpolation_duration: 1}
$data merge entity $(bone_magazine1) {transformation: [0f,0f,0f,-0.1091f,0f,0f,0f,-0.3772f,0f,0f,0f,0.3983f,0f,0f,0f,1f],start_interpolation: 0,interpolation_duration: 1}
$data merge entity $(bone_left_arm) {transformation: [-0.8435f,0.3973f,0.3616f,0.0856f,-0.3747f,0.0472f,-0.9259f,-0.466f,-0.3849f,-0.9165f,0.109f,0.058f,0f,0f,0f,1f],start_interpolation: 0,interpolation_duration: 1}
data modify entity @s data merge value {"cameras":{},"locators":{"barrel1":{"px":-0.06478816116736351,"py":-0.3677543137105571,"pz":0.735313123571993,"ry":359.6066011969783,"rx":0.7867071819976146}}}