# This file was generated by Animated Java via MC-Build. It is not recommended to edit this file directly.
$data merge entity $(bone_muzzleflash) {transformation: [0f,0f,0f,-0.2047f,0f,0f,0f,-0.7752f,0f,0f,0f,0.3916f,0f,0f,0f,1f],start_interpolation: 0,interpolation_duration: 1}
$data merge entity $(bone_slide) {transformation: [-0.9945f,0.1042f,-0.007f,-0.0382f,0.1041f,0.9945f,0.0128f,-0.3129f,0.0083f,0.012f,-0.9999f,0.5734f,0f,0f,0f,1f],start_interpolation: 0,interpolation_duration: 1}
$data merge entity $(bone_barrel) {transformation: [-0.9945f,0.1042f,-0.007f,0.0621f,0.1041f,0.9945f,0.0128f,-0.4047f,0.0083f,0.012f,-0.9999f,0.5715f,0f,0f,0f,1f],start_interpolation: 0,interpolation_duration: 1}
$data merge entity $(bone_magazine) {transformation: [-0.9945f,0.1042f,-0.007f,-0.0535f,0.1041f,0.9945f,0.0128f,-0.4431f,0.0083f,0.012f,-0.9999f,0.3749f,0f,0f,0f,1f],start_interpolation: 0,interpolation_duration: 1}
$data merge entity $(bone_grip) {transformation: [-0.9945f,0.1042f,-0.007f,-0.0535f,0.1041f,0.9945f,0.0128f,-0.4431f,0.0083f,0.012f,-0.9999f,0.3749f,0f,0f,0f,1f],start_interpolation: 0,interpolation_duration: 1}
$data merge entity $(bone_trigger) {transformation: [-0.9945f,0.1042f,-0.007f,-0.0528f,0.1041f,0.9945f,0.0128f,-0.4391f,0.0083f,0.012f,-0.9999f,0.4055f,0f,0f,0f,1f],start_interpolation: 0,interpolation_duration: 1}
$data merge entity $(bone_trigger_gaurd) {transformation: [-0.9945f,0.1042f,-0.007f,-0.0496f,0.1041f,0.9945f,0.0128f,-0.4108f,0.0083f,0.012f,-0.9999f,0.4383f,0f,0f,0f,1f],start_interpolation: 0,interpolation_duration: 1}
$data merge entity $(bone_right_arm) {transformation: [-0.9945f,-0.007f,-0.1042f,-0.0922f,0.1041f,0.0128f,-0.9945f,-0.4564f,0.0083f,-0.9999f,-0.012f,0.0469f,0f,0f,0f,1f],start_interpolation: 0,interpolation_duration: 1}
$data merge entity $(bone_magazine1) {transformation: [0f,0f,0f,-0.1089f,0f,0f,0f,-0.3769f,0f,0f,0f,0.3984f,0f,0f,0f,1f],start_interpolation: 0,interpolation_duration: 1}
$data merge entity $(bone_left_arm) {transformation: [-0.8432f,0.3971f,0.3624f,0.0859f,-0.3758f,0.0467f,-0.9255f,-0.4659f,-0.3845f,-0.9166f,0.1099f,0.0582f,0f,0f,0f,1f],start_interpolation: 0,interpolation_duration: 1}
data modify entity @s data merge value {"cameras":{},"locators":{"barrel1":{"px":-0.064554536558007,"py":-0.36705428112216093,"pz":0.7354106899613859,"ry":359.5994495708503,"rx":0.7306668397617037}}}