# This file was generated by Animated Java via MC-Build. It is not recommended to edit this file directly.
$data merge entity $(bone_muzzleflash) {transformation: [0f,0f,0f,-0.2042f,0f,0f,0f,-0.7749f,0f,0f,0f,0.3921f,0f,0f,0f,1f],start_interpolation: 0,interpolation_duration: 1}
$data merge entity $(bone_slide) {transformation: [-0.9946f,0.1033f,-0.0071f,-0.0381f,0.1032f,0.9946f,0.0118f,-0.3123f,0.0083f,0.011f,-0.9999f,0.5734f,0f,0f,0f,1f],start_interpolation: 0,interpolation_duration: 1}
$data merge entity $(bone_barrel) {transformation: [-0.9946f,0.1033f,-0.0071f,0.0623f,0.1032f,0.9946f,0.0118f,-0.4041f,0.0083f,0.011f,-0.9999f,0.5716f,0f,0f,0f,1f],start_interpolation: 0,interpolation_duration: 1}
$data merge entity $(bone_magazine) {transformation: [-0.9946f,0.1033f,-0.0071f,-0.0533f,0.1032f,0.9946f,0.0118f,-0.4427f,0.0083f,0.011f,-0.9999f,0.375f,0f,0f,0f,1f],start_interpolation: 0,interpolation_duration: 1}
$data merge entity $(bone_grip) {transformation: [-0.9946f,0.1033f,-0.0071f,-0.0533f,0.1032f,0.9946f,0.0118f,-0.4427f,0.0083f,0.011f,-0.9999f,0.375f,0f,0f,0f,1f],start_interpolation: 0,interpolation_duration: 1}
$data merge entity $(bone_trigger) {transformation: [-0.9946f,0.1033f,-0.0071f,-0.0526f,0.1032f,0.9946f,0.0118f,-0.4388f,0.0083f,0.011f,-0.9999f,0.4057f,0f,0f,0f,1f],start_interpolation: 0,interpolation_duration: 1}
$data merge entity $(bone_trigger_gaurd) {transformation: [-0.9946f,0.1033f,-0.0071f,-0.0494f,0.1032f,0.9946f,0.0118f,-0.4104f,0.0083f,0.011f,-0.9999f,0.4385f,0f,0f,0f,1f],start_interpolation: 0,interpolation_duration: 1}
$data merge entity $(bone_right_arm) {transformation: [-0.9946f,-0.0071f,-0.1033f,-0.092f,0.1032f,0.0118f,-0.9946f,-0.4564f,0.0083f,-0.9999f,-0.011f,0.0471f,0f,0f,0f,1f],start_interpolation: 0,interpolation_duration: 1}
$data merge entity $(bone_magazine1) {transformation: [0f,0f,0f,-0.1087f,0f,0f,0f,-0.3766f,0f,0f,0f,0.3985f,0f,0f,0f,1f],start_interpolation: 0,interpolation_duration: 1}
$data merge entity $(bone_left_arm) {transformation: [-0.8429f,0.397f,0.3632f,0.0861f,-0.3769f,0.0461f,-0.9251f,-0.4657f,-0.384f,-0.9167f,0.1108f,0.0583f,0f,0f,0f,1f],start_interpolation: 0,interpolation_duration: 1}
data modify entity @s data merge value {"cameras":{},"locators":{"barrel1":{"px":-0.06434833606414209,"py":-0.36635565654330327,"pz":0.7355065801347995,"ry":359.59343048091284,"rx":0.6748425417048872}}}