# This file was generated by Animated Java via MC-Build. It is not recommended to edit this file directly.
$data merge entity $(bone_muzzleflash) {transformation: [0f,0f,0f,-0.2037f,0f,0f,0f,-0.7747f,0f,0f,0f,0.3926f,0f,0f,0f,1f],start_interpolation: 0,interpolation_duration: 1}
$data merge entity $(bone_slide) {transformation: [-0.9947f,0.1025f,-0.0072f,-0.038f,0.1024f,0.9947f,0.0108f,-0.3117f,0.0082f,0.01f,-0.9999f,0.5735f,0f,0f,0f,1f],start_interpolation: 0,interpolation_duration: 1}
$data merge entity $(bone_barrel) {transformation: [-0.9947f,0.1025f,-0.0072f,0.0625f,0.1024f,0.9947f,0.0108f,-0.4034f,0.0082f,0.01f,-0.9999f,0.5718f,0f,0f,0f,1f],start_interpolation: 0,interpolation_duration: 1}
$data merge entity $(bone_magazine) {transformation: [-0.9947f,0.1025f,-0.0072f,-0.0531f,0.1024f,0.9947f,0.0108f,-0.4424f,0.0082f,0.01f,-0.9999f,0.3752f,0f,0f,0f,1f],start_interpolation: 0,interpolation_duration: 1}
$data merge entity $(bone_grip) {transformation: [-0.9947f,0.1025f,-0.0072f,-0.0531f,0.1024f,0.9947f,0.0108f,-0.4424f,0.0082f,0.01f,-0.9999f,0.3752f,0f,0f,0f,1f],start_interpolation: 0,interpolation_duration: 1}
$data merge entity $(bone_trigger) {transformation: [-0.9947f,0.1025f,-0.0072f,-0.0524f,0.1024f,0.9947f,0.0108f,-0.4384f,0.0082f,0.01f,-0.9999f,0.4059f,0f,0f,0f,1f],start_interpolation: 0,interpolation_duration: 1}
$data merge entity $(bone_trigger_gaurd) {transformation: [-0.9947f,0.1025f,-0.0072f,-0.0492f,0.1024f,0.9947f,0.0108f,-0.41f,0.0082f,0.01f,-0.9999f,0.4386f,0f,0f,0f,1f],start_interpolation: 0,interpolation_duration: 1}
$data merge entity $(bone_right_arm) {transformation: [-0.9947f,-0.0072f,-0.1025f,-0.0918f,0.1024f,0.0108f,-0.9947f,-0.4564f,0.0082f,-0.9999f,-0.01f,0.0473f,0f,0f,0f,1f],start_interpolation: 0,interpolation_duration: 1}
$data merge entity $(bone_magazine1) {transformation: [0f,0f,0f,-0.1086f,0f,0f,0f,-0.3762f,0f,0f,0f,0.3986f,0f,0f,0f,1f],start_interpolation: 0,interpolation_duration: 1}
$data merge entity $(bone_left_arm) {transformation: [-0.8426f,0.3969f,0.364f,0.0863f,-0.378f,0.0456f,-0.9247f,-0.4655f,-0.3836f,-0.9167f,0.1116f,0.0585f,0f,0f,0f,1f],start_interpolation: 0,interpolation_duration: 1}
data modify entity @s data merge value {"cameras":{},"locators":{"barrel1":{"px":-0.0641712349847598,"py":-0.36565979667465603,"pz":0.735600612722255,"ry":359.5886072680109,"rx":0.6193310932548213}}}