# This file was generated by Animated Java via MC-Build. It is not recommended to edit this file directly.
$data merge entity $(bone_muzzleflash) {transformation: [0f,0f,0f,-0.2032f,0f,0f,0f,-0.7744f,0f,0f,0f,0.3931f,0f,0f,0f,1f],start_interpolation: 0,interpolation_duration: 1}
$data merge entity $(bone_slide) {transformation: [-0.9948f,0.1016f,-0.0072f,-0.0379f,0.1015f,0.9948f,0.0098f,-0.3112f,0.0082f,0.0091f,-0.9999f,0.5735f,0f,0f,0f,1f],start_interpolation: 0,interpolation_duration: 1}
$data merge entity $(bone_barrel) {transformation: [-0.9948f,0.1016f,-0.0072f,0.0627f,0.1015f,0.9948f,0.0098f,-0.4028f,0.0082f,0.0091f,-0.9999f,0.5719f,0f,0f,0f,1f],start_interpolation: 0,interpolation_duration: 1}
$data merge entity $(bone_magazine) {transformation: [-0.9948f,0.1016f,-0.0072f,-0.0529f,0.1015f,0.9948f,0.0098f,-0.442f,0.0082f,0.0091f,-0.9999f,0.3754f,0f,0f,0f,1f],start_interpolation: 0,interpolation_duration: 1}
$data merge entity $(bone_grip) {transformation: [-0.9948f,0.1016f,-0.0072f,-0.0529f,0.1015f,0.9948f,0.0098f,-0.442f,0.0082f,0.0091f,-0.9999f,0.3754f,0f,0f,0f,1f],start_interpolation: 0,interpolation_duration: 1}
$data merge entity $(bone_trigger) {transformation: [-0.9948f,0.1016f,-0.0072f,-0.0522f,0.1015f,0.9948f,0.0098f,-0.438f,0.0082f,0.0091f,-0.9999f,0.406f,0f,0f,0f,1f],start_interpolation: 0,interpolation_duration: 1}
$data merge entity $(bone_trigger_gaurd) {transformation: [-0.9948f,0.1016f,-0.0072f,-0.049f,0.1015f,0.9948f,0.0098f,-0.4096f,0.0082f,0.0091f,-0.9999f,0.4387f,0f,0f,0f,1f],start_interpolation: 0,interpolation_duration: 1}
$data merge entity $(bone_right_arm) {transformation: [-0.9948f,-0.0072f,-0.1016f,-0.0916f,0.1015f,0.0098f,-0.9948f,-0.4564f,0.0082f,-0.9999f,-0.0091f,0.0474f,0f,0f,0f,1f],start_interpolation: 0,interpolation_duration: 1}
$data merge entity $(bone_magazine1) {transformation: [0f,0f,0f,-0.1084f,0f,0f,0f,-0.3759f,0f,0f,0f,0.3987f,0f,0f,0f,1f],start_interpolation: 0,interpolation_duration: 1}
$data merge entity $(bone_left_arm) {transformation: [-0.8423f,0.3968f,0.3648f,0.0865f,-0.3791f,0.045f,-0.9243f,-0.4654f,-0.3832f,-0.9168f,0.1125f,0.0587f,0f,0f,0f,1f],start_interpolation: 0,interpolation_duration: 1}
data modify entity @s data merge value {"cameras":{},"locators":{"barrel1":{"px":-0.06402490214608028,"py":-0.36496806144594585,"pz":0.7356926102546296,"ry":359.5850427201784,"rx":0.564229486743786}}}