# This file was generated by Animated Java via MC-Build. It is not recommended to edit this file directly.
$data merge entity $(bone_muzzleflash) {transformation: [0f,0f,0f,-0.2028f,0f,0f,0f,-0.7742f,0f,0f,0f,0.3936f,0f,0f,0f,1f],start_interpolation: 0,interpolation_duration: 1}
$data merge entity $(bone_slide) {transformation: [-0.9949f,0.1008f,-0.0073f,-0.0378f,0.1007f,0.9949f,0.0089f,-0.3106f,0.0081f,0.0081f,-0.9999f,0.5736f,0f,0f,0f,1f],start_interpolation: 0,interpolation_duration: 1}
$data merge entity $(bone_barrel) {transformation: [-0.9949f,0.1008f,-0.0073f,0.0628f,0.1007f,0.9949f,0.0089f,-0.4022f,0.0081f,0.0081f,-0.9999f,0.572f,0f,0f,0f,1f],start_interpolation: 0,interpolation_duration: 1}
$data merge entity $(bone_magazine) {transformation: [-0.9949f,0.1008f,-0.0073f,-0.0527f,0.1007f,0.9949f,0.0089f,-0.4417f,0.0081f,0.0081f,-0.9999f,0.3755f,0f,0f,0f,1f],start_interpolation: 0,interpolation_duration: 1}
$data merge entity $(bone_grip) {transformation: [-0.9949f,0.1008f,-0.0073f,-0.0527f,0.1007f,0.9949f,0.0089f,-0.4417f,0.0081f,0.0081f,-0.9999f,0.3755f,0f,0f,0f,1f],start_interpolation: 0,interpolation_duration: 1}
$data merge entity $(bone_trigger) {transformation: [-0.9949f,0.1008f,-0.0073f,-0.052f,0.1007f,0.9949f,0.0089f,-0.4376f,0.0081f,0.0081f,-0.9999f,0.4062f,0f,0f,0f,1f],start_interpolation: 0,interpolation_duration: 1}
$data merge entity $(bone_trigger_gaurd) {transformation: [-0.9949f,0.1008f,-0.0073f,-0.0489f,0.1007f,0.9949f,0.0089f,-0.4092f,0.0081f,0.0081f,-0.9999f,0.4389f,0f,0f,0f,1f],start_interpolation: 0,interpolation_duration: 1}
$data merge entity $(bone_right_arm) {transformation: [-0.9949f,-0.0073f,-0.1008f,-0.0914f,0.1007f,0.0089f,-0.9949f,-0.4564f,0.0081f,-0.9999f,-0.0081f,0.0476f,0f,0f,0f,1f],start_interpolation: 0,interpolation_duration: 1}
$data merge entity $(bone_magazine1) {transformation: [0f,0f,0f,-0.1083f,0f,0f,0f,-0.3756f,0f,0f,0f,0.3988f,0f,0f,0f,1f],start_interpolation: 0,interpolation_duration: 1}
$data merge entity $(bone_left_arm) {transformation: [-0.842f,0.3967f,0.3656f,0.0867f,-0.3801f,0.0445f,-0.9239f,-0.4652f,-0.3828f,-0.9168f,0.1133f,0.0589f,0f,0f,0f,1f],start_interpolation: 0,interpolation_duration: 1}
data modify entity @s data merge value {"cameras":{},"locators":{"barrel1":{"px":-0.06391099998575955,"py":-0.36428181374894986,"pz":0.7357823989331612,"ry":359.58279908415807,"rx":0.5096348820805279}}}