# This file was generated by Animated Java via MC-Build. It is not recommended to edit this file directly.
$data merge entity $(bone_muzzleflash) {transformation: [0f,0f,0f,-0.2024f,0f,0f,0f,-0.7739f,0f,0f,0f,0.3941f,0f,0f,0f,1f],start_interpolation: 0,interpolation_duration: 1}
$data merge entity $(bone_slide) {transformation: [-0.995f,0.1f,-0.0073f,-0.0378f,0.0999f,0.995f,0.008f,-0.3101f,0.0081f,0.0072f,-0.9999f,0.5736f,0f,0f,0f,1f],start_interpolation: 0,interpolation_duration: 1}
$data merge entity $(bone_barrel) {transformation: [-0.995f,0.1f,-0.0073f,0.0629f,0.0999f,0.995f,0.008f,-0.4015f,0.0081f,0.0072f,-0.9999f,0.5721f,0f,0f,0f,1f],start_interpolation: 0,interpolation_duration: 1}
$data merge entity $(bone_magazine) {transformation: [-0.995f,0.1f,-0.0073f,-0.0526f,0.0999f,0.995f,0.008f,-0.4413f,0.0081f,0.0072f,-0.9999f,0.3757f,0f,0f,0f,1f],start_interpolation: 0,interpolation_duration: 1}
$data merge entity $(bone_grip) {transformation: [-0.995f,0.1f,-0.0073f,-0.0526f,0.0999f,0.995f,0.008f,-0.4413f,0.0081f,0.0072f,-0.9999f,0.3757f,0f,0f,0f,1f],start_interpolation: 0,interpolation_duration: 1}
$data merge entity $(bone_trigger) {transformation: [-0.995f,0.1f,-0.0073f,-0.0519f,0.0999f,0.995f,0.008f,-0.4372f,0.0081f,0.0072f,-0.9999f,0.4063f,0f,0f,0f,1f],start_interpolation: 0,interpolation_duration: 1}
$data merge entity $(bone_trigger_gaurd) {transformation: [-0.995f,0.1f,-0.0073f,-0.0488f,0.0999f,0.995f,0.008f,-0.4087f,0.0081f,0.0072f,-0.9999f,0.439f,0f,0f,0f,1f],start_interpolation: 0,interpolation_duration: 1}
$data merge entity $(bone_right_arm) {transformation: [-0.995f,-0.0073f,-0.1f,-0.0913f,0.0999f,0.008f,-0.995f,-0.4564f,0.0081f,-0.9999f,-0.0072f,0.0478f,0f,0f,0f,1f],start_interpolation: 0,interpolation_duration: 1}
$data merge entity $(bone_magazine1) {transformation: [0f,0f,0f,-0.1082f,0f,0f,0f,-0.3752f,0f,0f,0f,0.3989f,0f,0f,0f,1f],start_interpolation: 0,interpolation_duration: 1}
$data merge entity $(bone_left_arm) {transformation: [-0.8417f,0.3967f,0.3663f,0.0868f,-0.3812f,0.044f,-0.9235f,-0.465f,-0.3824f,-0.9169f,0.1142f,0.0591f,0f,0f,0f,1f],start_interpolation: 0,interpolation_duration: 1}
data modify entity @s data merge value {"cameras":{},"locators":{"barrel1":{"px":-0.06383118466148338,"py":-0.3636024191504708,"pz":0.7358698083708852,"ry":359.58193807905775,"rx":0.4556445860967927}}}