# This file was generated by Animated Java via MC-Build. It is not recommended to edit this file directly.
$data merge entity $(bone_muzzleflash) {transformation: [0f,0f,0f,-0.202f,0f,0f,0f,-0.7737f,0f,0f,0f,0.3945f,0f,0f,0f,1f],start_interpolation: 0,interpolation_duration: 1}
$data merge entity $(bone_slide) {transformation: [-0.995f,0.0991f,-0.0073f,-0.0378f,0.0991f,0.9951f,0.007f,-0.3095f,0.0079f,0.0063f,-0.9999f,0.5736f,0f,0f,0f,1f],start_interpolation: 0,interpolation_duration: 1}
$data merge entity $(bone_barrel) {transformation: [-0.995f,0.0991f,-0.0073f,0.063f,0.0991f,0.9951f,0.007f,-0.4009f,0.0079f,0.0063f,-0.9999f,0.5723f,0f,0f,0f,1f],start_interpolation: 0,interpolation_duration: 1}
$data merge entity $(bone_magazine) {transformation: [-0.995f,0.0991f,-0.0073f,-0.0525f,0.0991f,0.9951f,0.007f,-0.441f,0.0079f,0.0063f,-0.9999f,0.3758f,0f,0f,0f,1f],start_interpolation: 0,interpolation_duration: 1}
$data merge entity $(bone_grip) {transformation: [-0.995f,0.0991f,-0.0073f,-0.0525f,0.0991f,0.9951f,0.007f,-0.441f,0.0079f,0.0063f,-0.9999f,0.3758f,0f,0f,0f,1f],start_interpolation: 0,interpolation_duration: 1}
$data merge entity $(bone_trigger) {transformation: [-0.995f,0.0991f,-0.0073f,-0.0518f,0.0991f,0.9951f,0.007f,-0.4368f,0.0079f,0.0063f,-0.9999f,0.4065f,0f,0f,0f,1f],start_interpolation: 0,interpolation_duration: 1}
$data merge entity $(bone_trigger_gaurd) {transformation: [-0.995f,0.0991f,-0.0073f,-0.0487f,0.0991f,0.9951f,0.007f,-0.4083f,0.0079f,0.0063f,-0.9999f,0.4391f,0f,0f,0f,1f],start_interpolation: 0,interpolation_duration: 1}
$data merge entity $(bone_right_arm) {transformation: [-0.995f,-0.0073f,-0.0991f,-0.0911f,0.0991f,0.007f,-0.9951f,-0.4564f,0.0079f,-0.9999f,-0.0063f,0.048f,0f,0f,0f,1f],start_interpolation: 0,interpolation_duration: 1}
$data merge entity $(bone_magazine1) {transformation: [0f,0f,0f,-0.1082f,0f,0f,0f,-0.3749f,0f,0f,0f,0.399f,0f,0f,0f,1f],start_interpolation: 0,interpolation_duration: 1}
$data merge entity $(bone_left_arm) {transformation: [-0.8414f,0.3967f,0.3671f,0.087f,-0.3822f,0.0434f,-0.923f,-0.4648f,-0.3821f,-0.9169f,0.1151f,0.0592f,0f,0f,0f,1f],start_interpolation: 0,interpolation_duration: 1}
data modify entity @s data merge value {"cameras":{},"locators":{"barrel1":{"px":-0.06378710618414223,"py":-0.36293124558559536,"pz":0.7359546713059993,"ry":359.5825209121492,"rx":0.4023560305836185}}}