# This file was generated by Animated Java via MC-Build. It is not recommended to edit this file directly.
$data merge entity $(bone_muzzleflash) {transformation: [0f,0f,0f,-0.2016f,0f,0f,0f,-0.7735f,0f,0f,0f,0.395f,0f,0f,0f,1f],start_interpolation: 0,interpolation_duration: 1}
$data merge entity $(bone_slide) {transformation: [-0.9951f,0.0984f,-0.0072f,-0.0378f,0.0983f,0.9951f,0.0061f,-0.309f,0.0078f,0.0054f,-1f,0.5737f,0f,0f,0f,1f],start_interpolation: 0,interpolation_duration: 1}
$data merge entity $(bone_barrel) {transformation: [-0.9951f,0.0984f,-0.0072f,0.0631f,0.0983f,0.9951f,0.0061f,-0.4003f,0.0078f,0.0054f,-1f,0.5724f,0f,0f,0f,1f],start_interpolation: 0,interpolation_duration: 1}
$data merge entity $(bone_magazine) {transformation: [-0.9951f,0.0984f,-0.0072f,-0.0524f,0.0983f,0.9951f,0.0061f,-0.4406f,0.0078f,0.0054f,-1f,0.376f,0f,0f,0f,1f],start_interpolation: 0,interpolation_duration: 1}
$data merge entity $(bone_grip) {transformation: [-0.9951f,0.0984f,-0.0072f,-0.0524f,0.0983f,0.9951f,0.0061f,-0.4406f,0.0078f,0.0054f,-1f,0.376f,0f,0f,0f,1f],start_interpolation: 0,interpolation_duration: 1}
$data merge entity $(bone_trigger) {transformation: [-0.9951f,0.0984f,-0.0072f,-0.0517f,0.0983f,0.9951f,0.0061f,-0.4365f,0.0078f,0.0054f,-1f,0.4066f,0f,0f,0f,1f],start_interpolation: 0,interpolation_duration: 1}
$data merge entity $(bone_trigger_gaurd) {transformation: [-0.9951f,0.0984f,-0.0072f,-0.0486f,0.0983f,0.9951f,0.0061f,-0.4079f,0.0078f,0.0054f,-1f,0.4392f,0f,0f,0f,1f],start_interpolation: 0,interpolation_duration: 1}
$data merge entity $(bone_right_arm) {transformation: [-0.9951f,-0.0072f,-0.0984f,-0.091f,0.0983f,0.0061f,-0.9951f,-0.4564f,0.0078f,-1f,-0.0054f,0.0481f,0f,0f,0f,1f],start_interpolation: 0,interpolation_duration: 1}
$data merge entity $(bone_magazine1) {transformation: [0f,0f,0f,-0.1082f,0f,0f,0f,-0.3746f,0f,0f,0f,0.3991f,0f,0f,0f,1f],start_interpolation: 0,interpolation_duration: 1}
$data merge entity $(bone_left_arm) {transformation: [-0.841f,0.3967f,0.3678f,0.0871f,-0.3832f,0.0429f,-0.9226f,-0.4647f,-0.3818f,-0.917f,0.1159f,0.0594f,0f,0f,0f,1f],start_interpolation: 0,interpolation_duration: 1}
data modify entity @s data merge value {"cameras":{},"locators":{"barrel1":{"px":-0.06378040857574951,"py":-0.36226966303151803,"pz":0.7360368232871539,"ry":359.58460829681303,"rx":0.34986674903166004}}}