# This file was generated by Animated Java via MC-Build. It is not recommended to edit this file directly.
$data merge entity $(bone_muzzleflash) {transformation: [0f,0f,0f,-0.2099f,0f,0f,0f,-0.7476f,0f,0f,0f,0.398f,0f,0f,0f,1f],start_interpolation: 0,interpolation_duration: 1}
$data merge entity $(bone_slide) {transformation: [-0.9949f,0.1012f,-0.0012f,-0.0458f,0.1012f,0.9946f,-0.0207f,-0.279f,-0.0009f,-0.0207f,-0.9998f,0.5652f,0f,0f,0f,1f],start_interpolation: 0,interpolation_duration: 1}
$data merge entity $(bone_barrel) {transformation: [-0.9949f,0.1012f,-0.0012f,0.0548f,0.1012f,0.9946f,-0.0207f,-0.3706f,-0.0009f,-0.0207f,-0.9998f,0.567f,0f,0f,0f,1f],start_interpolation: 0,interpolation_duration: 1}
$data merge entity $(bone_magazine) {transformation: [-0.9949f,0.1012f,-0.0012f,-0.0595f,0.1012f,0.9946f,-0.0207f,-0.4159f,-0.0009f,-0.0207f,-0.9998f,0.371f,0f,0f,0f,1f],start_interpolation: 0,interpolation_duration: 1}
$data merge entity $(bone_grip) {transformation: [-0.9949f,0.1012f,-0.0012f,-0.0595f,0.1012f,0.9946f,-0.0207f,-0.4159f,-0.0009f,-0.0207f,-0.9998f,0.371f,0f,0f,0f,1f],start_interpolation: 0,interpolation_duration: 1}
$data merge entity $(bone_trigger) {transformation: [-0.9949f,0.1012f,-0.0012f,-0.0591f,0.1012f,0.9946f,-0.0207f,-0.4109f,-0.0009f,-0.0207f,-0.9998f,0.4016f,0f,0f,0f,1f],start_interpolation: 0,interpolation_duration: 1}
$data merge entity $(bone_trigger_gaurd) {transformation: [-0.9949f,0.1012f,-0.0012f,-0.0561f,0.1012f,0.9946f,-0.0207f,-0.3815f,-0.0009f,-0.0207f,-0.9998f,0.4334f,0f,0f,0f,1f],start_interpolation: 0,interpolation_duration: 1}
$data merge entity $(bone_right_arm) {transformation: [-0.9949f,-0.0012f,-0.1012f,-0.0963f,0.1012f,-0.0207f,-0.9946f,-0.4403f,-0.0009f,-0.9998f,0.0207f,0.0435f,0f,0f,0f,1f],start_interpolation: 0,interpolation_duration: 1}
$data merge entity $(bone_magazine1) {transformation: [0f,0f,0f,-0.1153f,0f,0f,0f,-0.3491f,0f,0f,0f,0.392f,0f,0f,0f,1f],start_interpolation: 0,interpolation_duration: 1}
$data merge entity $(bone_left_arm) {transformation: [-0.8399f,0.4023f,0.3644f,0.0817f,-0.391f,0.0172f,-0.9202f,-0.4488f,-0.3765f,-0.9153f,0.1428f,0.0561f,0f,0f,0f,1f],start_interpolation: 0,interpolation_duration: 1}
data modify entity @s data merge value {"cameras":{},"locators":{"barrel1":{"px":-0.07289276699620427,"py":-0.32783765439329493,"pz":0.7287679667439546,"ry":359.9301269203966,"rx":-1.1849649577955184}}}