# This file was generated by Animated Java via MC-Build. It is not recommended to edit this file directly.
$data merge entity $(bone_muzzleflash) {transformation: [0f,0f,0f,-0.2013f,0f,0f,0f,-0.7732f,0f,0f,0f,0.3954f,0f,0f,0f,1f],start_interpolation: 0,interpolation_duration: 1}
$data merge entity $(bone_slide) {transformation: [-0.9952f,0.0976f,-0.0072f,-0.0379f,0.0975f,0.9952f,0.0052f,-0.3085f,0.0077f,0.0045f,-1f,0.5737f,0f,0f,0f,1f],start_interpolation: 0,interpolation_duration: 1}
$data merge entity $(bone_barrel) {transformation: [-0.9952f,0.0976f,-0.0072f,0.0631f,0.0975f,0.9952f,0.0052f,-0.3997f,0.0077f,0.0045f,-1f,0.5725f,0f,0f,0f,1f],start_interpolation: 0,interpolation_duration: 1}
$data merge entity $(bone_magazine) {transformation: [-0.9952f,0.0976f,-0.0072f,-0.0523f,0.0975f,0.9952f,0.0052f,-0.4403f,0.0077f,0.0045f,-1f,0.3761f,0f,0f,0f,1f],start_interpolation: 0,interpolation_duration: 1}
$data merge entity $(bone_grip) {transformation: [-0.9952f,0.0976f,-0.0072f,-0.0523f,0.0975f,0.9952f,0.0052f,-0.4403f,0.0077f,0.0045f,-1f,0.3761f,0f,0f,0f,1f],start_interpolation: 0,interpolation_duration: 1}
$data merge entity $(bone_trigger) {transformation: [-0.9952f,0.0976f,-0.0072f,-0.0517f,0.0975f,0.9952f,0.0052f,-0.4361f,0.0077f,0.0045f,-1f,0.4068f,0f,0f,0f,1f],start_interpolation: 0,interpolation_duration: 1}
$data merge entity $(bone_trigger_gaurd) {transformation: [-0.9952f,0.0976f,-0.0072f,-0.0486f,0.0975f,0.9952f,0.0052f,-0.4075f,0.0077f,0.0045f,-1f,0.4394f,0f,0f,0f,1f],start_interpolation: 0,interpolation_duration: 1}
$data merge entity $(bone_right_arm) {transformation: [-0.9952f,-0.0072f,-0.0976f,-0.091f,0.0975f,0.0052f,-0.9952f,-0.4563f,0.0077f,-1f,-0.0045f,0.0483f,0f,0f,0f,1f],start_interpolation: 0,interpolation_duration: 1}
$data merge entity $(bone_magazine1) {transformation: [0f,0f,0f,-0.1082f,0f,0f,0f,-0.3743f,0f,0f,0f,0.3992f,0f,0f,0f,1f],start_interpolation: 0,interpolation_duration: 1}
$data merge entity $(bone_left_arm) {transformation: [-0.8407f,0.3967f,0.3685f,0.0872f,-0.3842f,0.0424f,-0.9223f,-0.4645f,-0.3815f,-0.917f,0.1168f,0.0596f,0f,0f,0f,1f],start_interpolation: 0,interpolation_duration: 1}
data modify entity @s data merge value {"cameras":{},"locators":{"barrel1":{"px":-0.06381273005222063,"py":-0.36161904316220944,"pz":0.7361161023306636,"ry":359.588260472633,"rx":0.29827435208898245}}}