# This file was generated by Animated Java via MC-Build. It is not recommended to edit this file directly.
$data merge entity $(bone_muzzleflash) {transformation: [0f,0f,0f,-0.201f,0f,0f,0f,-0.773f,0f,0f,0f,0.3959f,0f,0f,0f,1f],start_interpolation: 0,interpolation_duration: 1}
$data merge entity $(bone_slide) {transformation: [-0.9953f,0.0968f,-0.0071f,-0.038f,0.0968f,0.9953f,0.0043f,-0.308f,0.0075f,0.0036f,-1f,0.5737f,0f,0f,0f,1f],start_interpolation: 0,interpolation_duration: 1}
$data merge entity $(bone_barrel) {transformation: [-0.9953f,0.0968f,-0.0071f,0.0631f,0.0968f,0.9953f,0.0043f,-0.3991f,0.0075f,0.0036f,-1f,0.5726f,0f,0f,0f,1f],start_interpolation: 0,interpolation_duration: 1}
$data merge entity $(bone_magazine) {transformation: [-0.9953f,0.0968f,-0.0071f,-0.0523f,0.0968f,0.9953f,0.0043f,-0.44f,0.0075f,0.0036f,-1f,0.3763f,0f,0f,0f,1f],start_interpolation: 0,interpolation_duration: 1}
$data merge entity $(bone_grip) {transformation: [-0.9953f,0.0968f,-0.0071f,-0.0523f,0.0968f,0.9953f,0.0043f,-0.44f,0.0075f,0.0036f,-1f,0.3763f,0f,0f,0f,1f],start_interpolation: 0,interpolation_duration: 1}
$data merge entity $(bone_trigger) {transformation: [-0.9953f,0.0968f,-0.0071f,-0.0517f,0.0968f,0.9953f,0.0043f,-0.4357f,0.0075f,0.0036f,-1f,0.4069f,0f,0f,0f,1f],start_interpolation: 0,interpolation_duration: 1}
$data merge entity $(bone_trigger_gaurd) {transformation: [-0.9953f,0.0968f,-0.0071f,-0.0486f,0.0968f,0.9953f,0.0043f,-0.4071f,0.0075f,0.0036f,-1f,0.4395f,0f,0f,0f,1f],start_interpolation: 0,interpolation_duration: 1}
$data merge entity $(bone_right_arm) {transformation: [-0.9953f,-0.0071f,-0.0968f,-0.0909f,0.0968f,0.0043f,-0.9953f,-0.4563f,0.0075f,-1f,-0.0036f,0.0484f,0f,0f,0f,1f],start_interpolation: 0,interpolation_duration: 1}
$data merge entity $(bone_magazine1) {transformation: [0f,0f,0f,-0.1082f,0f,0f,0f,-0.374f,0f,0f,0f,0.3993f,0f,0f,0f,1f],start_interpolation: 0,interpolation_duration: 1}
$data merge entity $(bone_left_arm) {transformation: [-0.8404f,0.3968f,0.3692f,0.0872f,-0.3852f,0.0419f,-0.9219f,-0.4644f,-0.3812f,-0.917f,0.1176f,0.0598f,0f,0f,0f,1f],start_interpolation: 0,interpolation_duration: 1}
data modify entity @s data merge value {"cameras":{},"locators":{"barrel1":{"px":-0.06388570323109077,"py":-0.3609807589841932,"pz":0.7361923485496471,"ry":359.59353722764376,"rx":0.24767650174880773}}}