# This file was generated by Animated Java via MC-Build. It is not recommended to edit this file directly.
$data merge entity $(bone_muzzleflash) {transformation: [0f,0f,0f,-0.2008f,0f,0f,0f,-0.7728f,0f,0f,0f,0.3963f,0f,0f,0f,1f],start_interpolation: 0,interpolation_duration: 1}
$data merge entity $(bone_slide) {transformation: [-0.9954f,0.0961f,-0.007f,-0.0381f,0.096f,0.9954f,0.0035f,-0.3075f,0.0073f,0.0028f,-1f,0.5738f,0f,0f,0f,1f],start_interpolation: 0,interpolation_duration: 1}
$data merge entity $(bone_barrel) {transformation: [-0.9954f,0.0961f,-0.007f,0.063f,0.096f,0.9954f,0.0035f,-0.3985f,0.0073f,0.0028f,-1f,0.5727f,0f,0f,0f,1f],start_interpolation: 0,interpolation_duration: 1}
$data merge entity $(bone_magazine) {transformation: [-0.9954f,0.0961f,-0.007f,-0.0523f,0.096f,0.9954f,0.0035f,-0.4396f,0.0073f,0.0028f,-1f,0.3764f,0f,0f,0f,1f],start_interpolation: 0,interpolation_duration: 1}
$data merge entity $(bone_grip) {transformation: [-0.9954f,0.0961f,-0.007f,-0.0523f,0.096f,0.9954f,0.0035f,-0.4396f,0.0073f,0.0028f,-1f,0.3764f,0f,0f,0f,1f],start_interpolation: 0,interpolation_duration: 1}
$data merge entity $(bone_trigger) {transformation: [-0.9954f,0.0961f,-0.007f,-0.0517f,0.096f,0.9954f,0.0035f,-0.4354f,0.0073f,0.0028f,-1f,0.4071f,0f,0f,0f,1f],start_interpolation: 0,interpolation_duration: 1}
$data merge entity $(bone_trigger_gaurd) {transformation: [-0.9954f,0.0961f,-0.007f,-0.0487f,0.096f,0.9954f,0.0035f,-0.4068f,0.0073f,0.0028f,-1f,0.4396f,0f,0f,0f,1f],start_interpolation: 0,interpolation_duration: 1}
$data merge entity $(bone_right_arm) {transformation: [-0.9954f,-0.007f,-0.0961f,-0.0908f,0.096f,0.0035f,-0.9954f,-0.4563f,0.0073f,-1f,-0.0028f,0.0486f,0f,0f,0f,1f],start_interpolation: 0,interpolation_duration: 1}
$data merge entity $(bone_magazine1) {transformation: [0f,0f,0f,-0.1082f,0f,0f,0f,-0.3737f,0f,0f,0f,0.3993f,0f,0f,0f,1f],start_interpolation: 0,interpolation_duration: 1}
$data merge entity $(bone_left_arm) {transformation: [-0.84f,0.3969f,0.3699f,0.0873f,-0.3862f,0.0414f,-0.9215f,-0.4642f,-0.381f,-0.9169f,0.1185f,0.06f,0f,0f,0f,1f],start_interpolation: 0,interpolation_duration: 1}
data modify entity @s data merge value {"cameras":{},"locators":{"barrel1":{"px":-0.06400095536420244,"py":-0.3603561844536781,"pz":0.7362654037550984,"ry":359.6004979227323,"rx":0.19817088427860813}}}