# This file was generated by Animated Java via MC-Build. It is not recommended to edit this file directly.
$data merge entity $(bone_muzzleflash) {transformation: [0f,0f,0f,-0.2006f,0f,0f,0f,-0.7725f,0f,0f,0f,0.3967f,0f,0f,0f,1f],start_interpolation: 0,interpolation_duration: 1}
$data merge entity $(bone_slide) {transformation: [-0.9954f,0.0953f,-0.0068f,-0.0383f,0.0953f,0.9954f,0.0026f,-0.307f,0.007f,0.002f,-1f,0.5738f,0f,0f,0f,1f],start_interpolation: 0,interpolation_duration: 1}
$data merge entity $(bone_barrel) {transformation: [-0.9954f,0.0953f,-0.0068f,0.0629f,0.0953f,0.9954f,0.0026f,-0.398f,0.007f,0.002f,-1f,0.5729f,0f,0f,0f,1f],start_interpolation: 0,interpolation_duration: 1}
$data merge entity $(bone_magazine) {transformation: [-0.9954f,0.0953f,-0.0068f,-0.0523f,0.0953f,0.9954f,0.0026f,-0.4393f,0.007f,0.002f,-1f,0.3766f,0f,0f,0f,1f],start_interpolation: 0,interpolation_duration: 1}
$data merge entity $(bone_grip) {transformation: [-0.9954f,0.0953f,-0.0068f,-0.0523f,0.0953f,0.9954f,0.0026f,-0.4393f,0.007f,0.002f,-1f,0.3766f,0f,0f,0f,1f],start_interpolation: 0,interpolation_duration: 1}
$data merge entity $(bone_trigger) {transformation: [-0.9954f,0.0953f,-0.0068f,-0.0517f,0.0953f,0.9954f,0.0026f,-0.435f,0.007f,0.002f,-1f,0.4072f,0f,0f,0f,1f],start_interpolation: 0,interpolation_duration: 1}
$data merge entity $(bone_trigger_gaurd) {transformation: [-0.9954f,0.0953f,-0.0068f,-0.0487f,0.0953f,0.9954f,0.0026f,-0.4064f,0.007f,0.002f,-1f,0.4397f,0f,0f,0f,1f],start_interpolation: 0,interpolation_duration: 1}
$data merge entity $(bone_right_arm) {transformation: [-0.9954f,-0.0068f,-0.0953f,-0.0908f,0.0953f,0.0026f,-0.9954f,-0.4563f,0.007f,-1f,-0.002f,0.0487f,0f,0f,0f,1f],start_interpolation: 0,interpolation_duration: 1}
$data merge entity $(bone_magazine1) {transformation: [0f,0f,0f,-0.1083f,0f,0f,0f,-0.3734f,0f,0f,0f,0.3994f,0f,0f,0f,1f],start_interpolation: 0,interpolation_duration: 1}
$data merge entity $(bone_left_arm) {transformation: [-0.8397f,0.397f,0.3706f,0.0873f,-0.3871f,0.041f,-0.9211f,-0.464f,-0.3808f,-0.9169f,0.1193f,0.0601f,0f,0f,0f,1f],start_interpolation: 0,interpolation_duration: 1}
data modify entity @s data merge value {"cameras":{},"locators":{"barrel1":{"px":-0.0641601085953441,"py":-0.35974669407527604,"pz":0.7363351110288999,"ry":359.6092015181962,"rx":0.1498551819008186}}}