# This file was generated by Animated Java via MC-Build. It is not recommended to edit this file directly.
$data merge entity $(bone_muzzleflash) {transformation: [0f,0f,0f,-0.2005f,0f,0f,0f,-0.7723f,0f,0f,0f,0.397f,0f,0f,0f,1f],start_interpolation: 0,interpolation_duration: 1}
$data merge entity $(bone_slide) {transformation: [-0.9955f,0.0946f,-0.0066f,-0.0385f,0.0946f,0.9955f,0.0018f,-0.3065f,0.0068f,0.0012f,-1f,0.5738f,0f,0f,0f,1f],start_interpolation: 0,interpolation_duration: 1}
$data merge entity $(bone_barrel) {transformation: [-0.9955f,0.0946f,-0.0066f,0.0627f,0.0946f,0.9955f,0.0018f,-0.3974f,0.0068f,0.0012f,-1f,0.573f,0f,0f,0f,1f],start_interpolation: 0,interpolation_duration: 1}
$data merge entity $(bone_magazine) {transformation: [-0.9955f,0.0946f,-0.0066f,-0.0524f,0.0946f,0.9955f,0.0018f,-0.439f,0.0068f,0.0012f,-1f,0.3767f,0f,0f,0f,1f],start_interpolation: 0,interpolation_duration: 1}
$data merge entity $(bone_grip) {transformation: [-0.9955f,0.0946f,-0.0066f,-0.0524f,0.0946f,0.9955f,0.0018f,-0.439f,0.0068f,0.0012f,-1f,0.3767f,0f,0f,0f,1f],start_interpolation: 0,interpolation_duration: 1}
$data merge entity $(bone_trigger) {transformation: [-0.9955f,0.0946f,-0.0066f,-0.0518f,0.0946f,0.9955f,0.0018f,-0.4347f,0.0068f,0.0012f,-1f,0.4073f,0f,0f,0f,1f],start_interpolation: 0,interpolation_duration: 1}
$data merge entity $(bone_trigger_gaurd) {transformation: [-0.9955f,0.0946f,-0.0066f,-0.0489f,0.0946f,0.9955f,0.0018f,-0.406f,0.0068f,0.0012f,-1f,0.4398f,0f,0f,0f,1f],start_interpolation: 0,interpolation_duration: 1}
$data merge entity $(bone_right_arm) {transformation: [-0.9955f,-0.0066f,-0.0946f,-0.0908f,0.0946f,0.0018f,-0.9955f,-0.4563f,0.0068f,-1f,-0.0012f,0.0489f,0f,0f,0f,1f],start_interpolation: 0,interpolation_duration: 1}
$data merge entity $(bone_magazine1) {transformation: [0f,0f,0f,-0.1085f,0f,0f,0f,-0.3731f,0f,0f,0f,0.3995f,0f,0f,0f,1f],start_interpolation: 0,interpolation_duration: 1}
$data merge entity $(bone_left_arm) {transformation: [-0.8394f,0.3971f,0.3712f,0.0873f,-0.388f,0.0405f,-0.9208f,-0.4639f,-0.3807f,-0.9169f,0.1201f,0.0603f,0f,0f,0f,1f],start_interpolation: 0,interpolation_duration: 1}
data modify entity @s data merge value {"cameras":{},"locators":{"barrel1":{"px":-0.06436478024277194,"py":-0.3591536624825164,"pz":0.7364013142687923,"ry":359.61970660245726,"rx":0.10282704323416088}}}