# This file was generated by Animated Java via MC-Build. It is not recommended to edit this file directly.
$data merge entity $(bone_muzzleflash) {transformation: [0f,0f,0f,-0.2003f,0f,0f,0f,-0.7721f,0f,0f,0f,0.3974f,0f,0f,0f,1f],start_interpolation: 0,interpolation_duration: 1}
$data merge entity $(bone_slide) {transformation: [-0.9956f,0.0939f,-0.0064f,-0.0387f,0.0939f,0.9956f,0.001f,-0.306f,0.0065f,0.0004f,-1f,0.5738f,0f,0f,0f,1f],start_interpolation: 0,interpolation_duration: 1}
$data merge entity $(bone_barrel) {transformation: [-0.9956f,0.0939f,-0.0064f,0.0625f,0.0939f,0.9956f,0.001f,-0.3969f,0.0065f,0.0004f,-1f,0.5731f,0f,0f,0f,1f],start_interpolation: 0,interpolation_duration: 1}
$data merge entity $(bone_magazine) {transformation: [-0.9956f,0.0939f,-0.0064f,-0.0525f,0.0939f,0.9956f,0.001f,-0.4387f,0.0065f,0.0004f,-1f,0.3768f,0f,0f,0f,1f],start_interpolation: 0,interpolation_duration: 1}
$data merge entity $(bone_grip) {transformation: [-0.9956f,0.0939f,-0.0064f,-0.0525f,0.0939f,0.9956f,0.001f,-0.4387f,0.0065f,0.0004f,-1f,0.3768f,0f,0f,0f,1f],start_interpolation: 0,interpolation_duration: 1}
$data merge entity $(bone_trigger) {transformation: [-0.9956f,0.0939f,-0.0064f,-0.0519f,0.0939f,0.9956f,0.001f,-0.4344f,0.0065f,0.0004f,-1f,0.4075f,0f,0f,0f,1f],start_interpolation: 0,interpolation_duration: 1}
$data merge entity $(bone_trigger_gaurd) {transformation: [-0.9956f,0.0939f,-0.0064f,-0.049f,0.0939f,0.9956f,0.001f,-0.4057f,0.0065f,0.0004f,-1f,0.4399f,0f,0f,0f,1f],start_interpolation: 0,interpolation_duration: 1}
$data merge entity $(bone_right_arm) {transformation: [-0.9956f,-0.0064f,-0.0939f,-0.0909f,0.0939f,0.001f,-0.9956f,-0.4563f,0.0065f,-1f,-0.0004f,0.049f,0f,0f,0f,1f],start_interpolation: 0,interpolation_duration: 1}
$data merge entity $(bone_magazine1) {transformation: [0f,0f,0f,-0.1086f,0f,0f,0f,-0.3728f,0f,0f,0f,0.3995f,0f,0f,0f,1f],start_interpolation: 0,interpolation_duration: 1}
$data merge entity $(bone_left_arm) {transformation: [-0.839f,0.3973f,0.3718f,0.0873f,-0.3889f,0.04f,-0.9204f,-0.4637f,-0.3805f,-0.9168f,0.1209f,0.0605f,0f,0f,0f,1f],start_interpolation: 0,interpolation_duration: 1}
data modify entity @s data merge value {"cameras":{},"locators":{"barrel1":{"px":-0.06461658310649047,"py":-0.35857846400034477,"pz":0.7364638577053171,"ry":359.632071422932,"rx":0.05718405250322974}}}