# This file was generated by Animated Java via MC-Build. It is not recommended to edit this file directly.
$data merge entity $(bone_muzzleflash) {transformation: [0f,0f,0f,-0.2003f,0f,0f,0f,-0.7719f,0f,0f,0f,0.3977f,0f,0f,0f,1f],start_interpolation: 0,interpolation_duration: 1}
$data merge entity $(bone_slide) {transformation: [-0.9956f,0.0932f,-0.0062f,-0.039f,0.0932f,0.9956f,0.0002f,-0.3056f,0.0062f,-0.0003f,-1f,0.5739f,0f,0f,0f,1f],start_interpolation: 0,interpolation_duration: 1}
$data merge entity $(bone_barrel) {transformation: [-0.9956f,0.0932f,-0.0062f,0.0623f,0.0932f,0.9956f,0.0002f,-0.3964f,0.0062f,-0.0003f,-1f,0.5732f,0f,0f,0f,1f],start_interpolation: 0,interpolation_duration: 1}
$data merge entity $(bone_magazine) {transformation: [-0.9956f,0.0932f,-0.0062f,-0.0527f,0.0932f,0.9956f,0.0002f,-0.4384f,0.0062f,-0.0003f,-1f,0.377f,0f,0f,0f,1f],start_interpolation: 0,interpolation_duration: 1}
$data merge entity $(bone_grip) {transformation: [-0.9956f,0.0932f,-0.0062f,-0.0527f,0.0932f,0.9956f,0.0002f,-0.4384f,0.0062f,-0.0003f,-1f,0.377f,0f,0f,0f,1f],start_interpolation: 0,interpolation_duration: 1}
$data merge entity $(bone_trigger) {transformation: [-0.9956f,0.0932f,-0.0062f,-0.0521f,0.0932f,0.9956f,0.0002f,-0.4341f,0.0062f,-0.0003f,-1f,0.4076f,0f,0f,0f,1f],start_interpolation: 0,interpolation_duration: 1}
$data merge entity $(bone_trigger_gaurd) {transformation: [-0.9956f,0.0932f,-0.0062f,-0.0492f,0.0932f,0.9956f,0.0002f,-0.4053f,0.0062f,-0.0003f,-1f,0.44f,0f,0f,0f,1f],start_interpolation: 0,interpolation_duration: 1}
$data merge entity $(bone_right_arm) {transformation: [-0.9956f,-0.0062f,-0.0932f,-0.0909f,0.0932f,0.0002f,-0.9956f,-0.4563f,0.0062f,-1f,0.0003f,0.0491f,0f,0f,0f,1f],start_interpolation: 0,interpolation_duration: 1}
$data merge entity $(bone_magazine1) {transformation: [0f,0f,0f,-0.1089f,0f,0f,0f,-0.3726f,0f,0f,0f,0.3996f,0f,0f,0f,1f],start_interpolation: 0,interpolation_duration: 1}
$data merge entity $(bone_left_arm) {transformation: [-0.8386f,0.3975f,0.3724f,0.0872f,-0.3898f,0.0396f,-0.9201f,-0.4636f,-0.3804f,-0.9168f,0.1217f,0.0607f,0f,0f,0f,1f],start_interpolation: 0,interpolation_duration: 1}
data modify entity @s data merge value {"cameras":{},"locators":{"barrel1":{"px":-0.06491712580011164,"py":-0.35802247218977074,"pz":0.7365225853907533,"ry":359.6463539190548,"rx":0.013023697522541634}}}