# This file was generated by Animated Java via MC-Build. It is not recommended to edit this file directly.
$data merge entity $(bone_muzzleflash) {transformation: [0f,0f,0f,-0.2003f,0f,0f,0f,-0.7717f,0f,0f,0f,0.3981f,0f,0f,0f,1f],start_interpolation: 0,interpolation_duration: 1}
$data merge entity $(bone_slide) {transformation: [-0.9957f,0.0926f,-0.0059f,-0.0394f,0.0926f,0.9957f,-0.0005f,-0.3051f,0.0058f,-0.0011f,-1f,0.5739f,0f,0f,0f,1f],start_interpolation: 0,interpolation_duration: 1}
$data merge entity $(bone_barrel) {transformation: [-0.9957f,0.0926f,-0.0059f,0.062f,0.0926f,0.9957f,-0.0005f,-0.3959f,0.0058f,-0.0011f,-1f,0.5733f,0f,0f,0f,1f],start_interpolation: 0,interpolation_duration: 1}
$data merge entity $(bone_magazine) {transformation: [-0.9957f,0.0926f,-0.0059f,-0.0529f,0.0926f,0.9957f,-0.0005f,-0.4382f,0.0058f,-0.0011f,-1f,0.3771f,0f,0f,0f,1f],start_interpolation: 0,interpolation_duration: 1}
$data merge entity $(bone_grip) {transformation: [-0.9957f,0.0926f,-0.0059f,-0.0529f,0.0926f,0.9957f,-0.0005f,-0.4382f,0.0058f,-0.0011f,-1f,0.3771f,0f,0f,0f,1f],start_interpolation: 0,interpolation_duration: 1}
$data merge entity $(bone_trigger) {transformation: [-0.9957f,0.0926f,-0.0059f,-0.0523f,0.0926f,0.9957f,-0.0005f,-0.4338f,0.0058f,-0.0011f,-1f,0.4077f,0f,0f,0f,1f],start_interpolation: 0,interpolation_duration: 1}
$data merge entity $(bone_trigger_gaurd) {transformation: [-0.9957f,0.0926f,-0.0059f,-0.0494f,0.0926f,0.9957f,-0.0005f,-0.405f,0.0058f,-0.0011f,-1f,0.4401f,0f,0f,0f,1f],start_interpolation: 0,interpolation_duration: 1}
$data merge entity $(bone_right_arm) {transformation: [-0.9957f,-0.0059f,-0.0926f,-0.091f,0.0926f,-0.0005f,-0.9957f,-0.4563f,0.0058f,-1f,0.0011f,0.0493f,0f,0f,0f,1f],start_interpolation: 0,interpolation_duration: 1}
$data merge entity $(bone_magazine1) {transformation: [0f,0f,0f,-0.1091f,0f,0f,0f,-0.3723f,0f,0f,0f,0.3997f,0f,0f,0f,1f],start_interpolation: 0,interpolation_duration: 1}
$data merge entity $(bone_left_arm) {transformation: [-0.8383f,0.3977f,0.373f,0.0871f,-0.3906f,0.0392f,-0.9197f,-0.4635f,-0.3804f,-0.9167f,0.1225f,0.0609f,0f,0f,0f,1f],start_interpolation: 0,interpolation_duration: 1}
data modify entity @s data merge value {"cameras":{},"locators":{"barrel1":{"px":-0.06526801310705176,"py":-0.3574870593748018,"pz":0.7365773406600757,"ry":359.6626117574533,"rx":-0.029556663540300718}}}