# This file was generated by Animated Java via MC-Build. It is not recommended to edit this file directly.
$data merge entity $(bone_muzzleflash) {transformation: [0f,0f,0f,-0.2003f,0f,0f,0f,-0.7715f,0f,0f,0f,0.3984f,0f,0f,0f,1f],start_interpolation: 0,interpolation_duration: 1}
$data merge entity $(bone_slide) {transformation: [-0.9957f,0.092f,-0.0056f,-0.0398f,0.092f,0.9958f,-0.0012f,-0.3047f,0.0054f,-0.0017f,-1f,0.5739f,0f,0f,0f,1f],start_interpolation: 0,interpolation_duration: 1}
$data merge entity $(bone_barrel) {transformation: [-0.9957f,0.092f,-0.0056f,0.0617f,0.092f,0.9958f,-0.0012f,-0.3954f,0.0054f,-0.0017f,-1f,0.5735f,0f,0f,0f,1f],start_interpolation: 0,interpolation_duration: 1}
$data merge entity $(bone_magazine) {transformation: [-0.9957f,0.092f,-0.0056f,-0.0531f,0.092f,0.9958f,-0.0012f,-0.4379f,0.0054f,-0.0017f,-1f,0.3772f,0f,0f,0f,1f],start_interpolation: 0,interpolation_duration: 1}
$data merge entity $(bone_grip) {transformation: [-0.9957f,0.092f,-0.0056f,-0.0531f,0.092f,0.9958f,-0.0012f,-0.4379f,0.0054f,-0.0017f,-1f,0.3772f,0f,0f,0f,1f],start_interpolation: 0,interpolation_duration: 1}
$data merge entity $(bone_trigger) {transformation: [-0.9957f,0.092f,-0.0056f,-0.0526f,0.092f,0.9958f,-0.0012f,-0.4335f,0.0054f,-0.0017f,-1f,0.4078f,0f,0f,0f,1f],start_interpolation: 0,interpolation_duration: 1}
$data merge entity $(bone_trigger_gaurd) {transformation: [-0.9957f,0.092f,-0.0056f,-0.0497f,0.092f,0.9958f,-0.0012f,-0.4047f,0.0054f,-0.0017f,-1f,0.4402f,0f,0f,0f,1f],start_interpolation: 0,interpolation_duration: 1}
$data merge entity $(bone_right_arm) {transformation: [-0.9957f,-0.0056f,-0.092f,-0.0911f,0.092f,-0.0012f,-0.9958f,-0.4562f,0.0054f,-1f,0.0017f,0.0494f,0f,0f,0f,1f],start_interpolation: 0,interpolation_duration: 1}
$data merge entity $(bone_magazine1) {transformation: [0f,0f,0f,-0.1094f,0f,0f,0f,-0.3721f,0f,0f,0f,0.3997f,0f,0f,0f,1f],start_interpolation: 0,interpolation_duration: 1}
$data merge entity $(bone_left_arm) {transformation: [-0.8379f,0.398f,0.3735f,0.087f,-0.3914f,0.0388f,-0.9194f,-0.4633f,-0.3804f,-0.9166f,0.1233f,0.061f,0f,0f,0f,1f],start_interpolation: 0,interpolation_duration: 1}
data modify entity @s data merge value {"cameras":{},"locators":{"barrel1":{"px":-0.0656708463607625,"py":-0.3569735961517738,"pz":0.7366279655639623,"ry":359.68090236927014,"rx":-0.0704598366193085}}}