# This file was generated by Animated Java via MC-Build. It is not recommended to edit this file directly.
$data merge entity $(bone_muzzleflash) {transformation: [0f,0f,0f,-0.2004f,0f,0f,0f,-0.7713f,0f,0f,0f,0.3987f,0f,0f,0f,1f],start_interpolation: 0,interpolation_duration: 1}
$data merge entity $(bone_slide) {transformation: [-0.9958f,0.0914f,-0.0052f,-0.0402f,0.0914f,0.9958f,-0.0019f,-0.3043f,0.005f,-0.0024f,-1f,0.5739f,0f,0f,0f,1f],start_interpolation: 0,interpolation_duration: 1}
$data merge entity $(bone_barrel) {transformation: [-0.9958f,0.0914f,-0.0052f,0.0613f,0.0914f,0.9958f,-0.0019f,-0.3949f,0.005f,-0.0024f,-1f,0.5736f,0f,0f,0f,1f],start_interpolation: 0,interpolation_duration: 1}
$data merge entity $(bone_magazine) {transformation: [-0.9958f,0.0914f,-0.0052f,-0.0534f,0.0914f,0.9958f,-0.0019f,-0.4376f,0.005f,-0.0024f,-1f,0.3773f,0f,0f,0f,1f],start_interpolation: 0,interpolation_duration: 1}
$data merge entity $(bone_grip) {transformation: [-0.9958f,0.0914f,-0.0052f,-0.0534f,0.0914f,0.9958f,-0.0019f,-0.4376f,0.005f,-0.0024f,-1f,0.3773f,0f,0f,0f,1f],start_interpolation: 0,interpolation_duration: 1}
$data merge entity $(bone_trigger) {transformation: [-0.9958f,0.0914f,-0.0052f,-0.0529f,0.0914f,0.9958f,-0.0019f,-0.4332f,0.005f,-0.0024f,-1f,0.4079f,0f,0f,0f,1f],start_interpolation: 0,interpolation_duration: 1}
$data merge entity $(bone_trigger_gaurd) {transformation: [-0.9958f,0.0914f,-0.0052f,-0.0501f,0.0914f,0.9958f,-0.0019f,-0.4044f,0.005f,-0.0024f,-1f,0.4403f,0f,0f,0f,1f],start_interpolation: 0,interpolation_duration: 1}
$data merge entity $(bone_right_arm) {transformation: [-0.9958f,-0.0052f,-0.0914f,-0.0913f,0.0914f,-0.0019f,-0.9958f,-0.4562f,0.005f,-1f,0.0024f,0.0495f,0f,0f,0f,1f],start_interpolation: 0,interpolation_duration: 1}
$data merge entity $(bone_magazine1) {transformation: [0f,0f,0f,-0.1097f,0f,0f,0f,-0.3718f,0f,0f,0f,0.3997f,0f,0f,0f,1f],start_interpolation: 0,interpolation_duration: 1}
$data merge entity $(bone_left_arm) {transformation: [-0.8375f,0.3983f,0.374f,0.0869f,-0.3922f,0.0384f,-0.9191f,-0.4632f,-0.3804f,-0.9165f,0.124f,0.0612f,0f,0f,0f,1f],start_interpolation: 0,interpolation_duration: 1}
data modify entity @s data merge value {"cameras":{},"locators":{"barrel1":{"px":-0.06612722384862782,"py":-0.35648345088115574,"pz":0.7366743002738863,"ry":359.7012829896264,"rx":-0.1095888274213933}}}