# This file was generated by Animated Java via MC-Build. It is not recommended to edit this file directly.
$data merge entity $(bone_muzzleflash) {transformation: [0f,0f,0f,-0.2105f,0f,0f,0f,-0.747f,0f,0f,0f,0.3981f,0f,0f,0f,1f],start_interpolation: 0,interpolation_duration: 1}
$data merge entity $(bone_slide) {transformation: [-0.9947f,0.1024f,-0.0012f,-0.0458f,0.1024f,0.9945f,-0.0207f,-0.2786f,-0.0009f,-0.0208f,-0.9998f,0.5653f,0f,0f,0f,1f],start_interpolation: 0,interpolation_duration: 1}
$data merge entity $(bone_barrel) {transformation: [-0.9947f,0.1024f,-0.0012f,0.0547f,0.1024f,0.9945f,-0.0207f,-0.3703f,-0.0009f,-0.0208f,-0.9998f,0.567f,0f,0f,0f,1f],start_interpolation: 0,interpolation_duration: 1}
$data merge entity $(bone_magazine) {transformation: [-0.9947f,0.1024f,-0.0012f,-0.0597f,0.1024f,0.9945f,-0.0207f,-0.4154f,-0.0009f,-0.0208f,-0.9998f,0.3711f,0f,0f,0f,1f],start_interpolation: 0,interpolation_duration: 1}
$data merge entity $(bone_grip) {transformation: [-0.9947f,0.1024f,-0.0012f,-0.0597f,0.1024f,0.9945f,-0.0207f,-0.4154f,-0.0009f,-0.0208f,-0.9998f,0.3711f,0f,0f,0f,1f],start_interpolation: 0,interpolation_duration: 1}
$data merge entity $(bone_trigger) {transformation: [-0.9947f,0.1024f,-0.0012f,-0.0593f,0.1024f,0.9945f,-0.0207f,-0.4104f,-0.0009f,-0.0208f,-0.9998f,0.4016f,0f,0f,0f,1f],start_interpolation: 0,interpolation_duration: 1}
$data merge entity $(bone_trigger_gaurd) {transformation: [-0.9947f,0.1024f,-0.0012f,-0.0563f,0.1024f,0.9945f,-0.0207f,-0.381f,-0.0009f,-0.0208f,-0.9998f,0.4335f,0f,0f,0f,1f],start_interpolation: 0,interpolation_duration: 1}
$data merge entity $(bone_right_arm) {transformation: [-0.9947f,-0.0012f,-0.1024f,-0.0965f,0.1024f,-0.0207f,-0.9945f,-0.4398f,-0.0009f,-0.9998f,0.0208f,0.0436f,0f,0f,0f,1f],start_interpolation: 0,interpolation_duration: 1}
$data merge entity $(bone_magazine1) {transformation: [0f,0f,0f,-0.1154f,0f,0f,0f,-0.3485f,0f,0f,0f,0.3921f,0f,0f,0f,1f],start_interpolation: 0,interpolation_duration: 1}
$data merge entity $(bone_left_arm) {transformation: [-0.8403f,0.4023f,0.3633f,0.0815f,-0.39f,0.0167f,-0.9207f,-0.4485f,-0.3765f,-0.9153f,0.1429f,0.0562f,0f,0f,0f,1f],start_interpolation: 0,interpolation_duration: 1}
data modify entity @s data merge value {"cameras":{},"locators":{"barrel1":{"px":-0.07297948683279815,"py":-0.3273288176659161,"pz":0.7288479865129487,"ry":359.9286405309267,"rx":-1.1884638027650878}}}