# This file was generated by Animated Java via MC-Build. It is not recommended to edit this file directly.
$data merge entity $(bone_muzzleflash) {transformation: [0f,0f,0f,-0.2005f,0f,0f,0f,-0.7712f,0f,0f,0f,0.3989f,0f,0f,0f,1f],start_interpolation: 0,interpolation_duration: 1}
$data merge entity $(bone_slide) {transformation: [-0.9959f,0.0908f,-0.0048f,-0.0407f,0.0908f,0.9959f,-0.0026f,-0.304f,0.0046f,-0.003f,-1f,0.574f,0f,0f,0f,1f],start_interpolation: 0,interpolation_duration: 1}
$data merge entity $(bone_barrel) {transformation: [-0.9959f,0.0908f,-0.0048f,0.0609f,0.0908f,0.9959f,-0.0026f,-0.3945f,0.0046f,-0.003f,-1f,0.5737f,0f,0f,0f,1f],start_interpolation: 0,interpolation_duration: 1}
$data merge entity $(bone_magazine) {transformation: [-0.9959f,0.0908f,-0.0048f,-0.0537f,0.0908f,0.9959f,-0.0026f,-0.4374f,0.0046f,-0.003f,-1f,0.3774f,0f,0f,0f,1f],start_interpolation: 0,interpolation_duration: 1}
$data merge entity $(bone_grip) {transformation: [-0.9959f,0.0908f,-0.0048f,-0.0537f,0.0908f,0.9959f,-0.0026f,-0.4374f,0.0046f,-0.003f,-1f,0.3774f,0f,0f,0f,1f],start_interpolation: 0,interpolation_duration: 1}
$data merge entity $(bone_trigger) {transformation: [-0.9959f,0.0908f,-0.0048f,-0.0532f,0.0908f,0.9959f,-0.0026f,-0.433f,0.0046f,-0.003f,-1f,0.408f,0f,0f,0f,1f],start_interpolation: 0,interpolation_duration: 1}
$data merge entity $(bone_trigger_gaurd) {transformation: [-0.9959f,0.0908f,-0.0048f,-0.0504f,0.0908f,0.9959f,-0.0026f,-0.4041f,0.0046f,-0.003f,-1f,0.4404f,0f,0f,0f,1f],start_interpolation: 0,interpolation_duration: 1}
$data merge entity $(bone_right_arm) {transformation: [-0.9959f,-0.0048f,-0.0908f,-0.0915f,0.0908f,-0.0026f,-0.9959f,-0.4562f,0.0046f,-1f,0.003f,0.0496f,0f,0f,0f,1f],start_interpolation: 0,interpolation_duration: 1}
$data merge entity $(bone_magazine1) {transformation: [0f,0f,0f,-0.1101f,0f,0f,0f,-0.3716f,0f,0f,0f,0.3998f,0f,0f,0f,1f],start_interpolation: 0,interpolation_duration: 1}
$data merge entity $(bone_left_arm) {transformation: [-0.8372f,0.3986f,0.3745f,0.0867f,-0.3929f,0.038f,-0.9188f,-0.4631f,-0.3805f,-0.9163f,0.1248f,0.0614f,0f,0f,0f,1f],start_interpolation: 0,interpolation_duration: 1}
data modify entity @s data merge value {"cameras":{},"locators":{"barrel1":{"px":-0.06663874123908929,"py":-0.35601798916187744,"pz":0.7367161824593353,"ry":359.72381069921994,"rx":-0.14684687831476534}}}