# This file was generated by Animated Java via MC-Build. It is not recommended to edit this file directly.
$data merge entity $(bone_muzzleflash) {transformation: [0f,0f,0f,-0.2007f,0f,0f,0f,-0.771f,0f,0f,0f,0.3991f,0f,0f,0f,1f],start_interpolation: 0,interpolation_duration: 1}
$data merge entity $(bone_slide) {transformation: [-0.9959f,0.0902f,-0.0044f,-0.0412f,0.0903f,0.9959f,-0.0032f,-0.3036f,0.0041f,-0.0036f,-1f,0.574f,0f,0f,0f,1f],start_interpolation: 0,interpolation_duration: 1}
$data merge entity $(bone_barrel) {transformation: [-0.9959f,0.0902f,-0.0044f,0.0604f,0.0903f,0.9959f,-0.0032f,-0.3941f,0.0041f,-0.0036f,-1f,0.5738f,0f,0f,0f,1f],start_interpolation: 0,interpolation_duration: 1}
$data merge entity $(bone_magazine) {transformation: [-0.9959f,0.0902f,-0.0044f,-0.0541f,0.0903f,0.9959f,-0.0032f,-0.4372f,0.0041f,-0.0036f,-1f,0.3775f,0f,0f,0f,1f],start_interpolation: 0,interpolation_duration: 1}
$data merge entity $(bone_grip) {transformation: [-0.9959f,0.0902f,-0.0044f,-0.0541f,0.0903f,0.9959f,-0.0032f,-0.4372f,0.0041f,-0.0036f,-1f,0.3775f,0f,0f,0f,1f],start_interpolation: 0,interpolation_duration: 1}
$data merge entity $(bone_trigger) {transformation: [-0.9959f,0.0902f,-0.0044f,-0.0536f,0.0903f,0.9959f,-0.0032f,-0.4327f,0.0041f,-0.0036f,-1f,0.4081f,0f,0f,0f,1f],start_interpolation: 0,interpolation_duration: 1}
$data merge entity $(bone_trigger_gaurd) {transformation: [-0.9959f,0.0902f,-0.0044f,-0.0508f,0.0903f,0.9959f,-0.0032f,-0.4039f,0.0041f,-0.0036f,-1f,0.4404f,0f,0f,0f,1f],start_interpolation: 0,interpolation_duration: 1}
$data merge entity $(bone_right_arm) {transformation: [-0.9959f,-0.0044f,-0.0902f,-0.0917f,0.0903f,-0.0032f,-0.9959f,-0.4562f,0.0041f,-1f,0.0036f,0.0497f,0f,0f,0f,1f],start_interpolation: 0,interpolation_duration: 1}
$data merge entity $(bone_magazine1) {transformation: [0f,0f,0f,-0.1105f,0f,0f,0f,-0.3714f,0f,0f,0f,0.3998f,0f,0f,0f,1f],start_interpolation: 0,interpolation_duration: 1}
$data merge entity $(bone_left_arm) {transformation: [-0.8368f,0.399f,0.375f,0.0865f,-0.3936f,0.0377f,-0.9185f,-0.463f,-0.3806f,-0.9162f,0.1255f,0.0615f,0f,0f,0f,1f],start_interpolation: 0,interpolation_duration: 1}
data modify entity @s data merge value {"cameras":{},"locators":{"barrel1":{"px":-0.06720699203149111,"py":-0.35557857328819104,"pz":0.7367534466371988,"ry":359.7485424680498,"rx":-0.1821375064369}}}