# This file was generated by Animated Java via MC-Build. It is not recommended to edit this file directly.
$data merge entity $(bone_muzzleflash) {transformation: [0f,0f,0f,-0.201f,0f,0f,0f,-0.7709f,0f,0f,0f,0.3994f,0f,0f,0f,1f],start_interpolation: 0,interpolation_duration: 1}
$data merge entity $(bone_slide) {transformation: [-0.996f,0.0897f,-0.0039f,-0.0418f,0.0897f,0.996f,-0.0038f,-0.3033f,0.0036f,-0.0041f,-1f,0.574f,0f,0f,0f,1f],start_interpolation: 0,interpolation_duration: 1}
$data merge entity $(bone_barrel) {transformation: [-0.996f,0.0897f,-0.0039f,0.0599f,0.0897f,0.996f,-0.0038f,-0.3937f,0.0036f,-0.0041f,-1f,0.5739f,0f,0f,0f,1f],start_interpolation: 0,interpolation_duration: 1}
$data merge entity $(bone_magazine) {transformation: [-0.996f,0.0897f,-0.0039f,-0.0545f,0.0897f,0.996f,-0.0038f,-0.437f,0.0036f,-0.0041f,-1f,0.3776f,0f,0f,0f,1f],start_interpolation: 0,interpolation_duration: 1}
$data merge entity $(bone_grip) {transformation: [-0.996f,0.0897f,-0.0039f,-0.0545f,0.0897f,0.996f,-0.0038f,-0.437f,0.0036f,-0.0041f,-1f,0.3776f,0f,0f,0f,1f],start_interpolation: 0,interpolation_duration: 1}
$data merge entity $(bone_trigger) {transformation: [-0.996f,0.0897f,-0.0039f,-0.054f,0.0897f,0.996f,-0.0038f,-0.4325f,0.0036f,-0.0041f,-1f,0.4082f,0f,0f,0f,1f],start_interpolation: 0,interpolation_duration: 1}
$data merge entity $(bone_trigger_gaurd) {transformation: [-0.996f,0.0897f,-0.0039f,-0.0513f,0.0897f,0.996f,-0.0038f,-0.4036f,0.0036f,-0.0041f,-1f,0.4405f,0f,0f,0f,1f],start_interpolation: 0,interpolation_duration: 1}
$data merge entity $(bone_right_arm) {transformation: [-0.996f,-0.0039f,-0.0897f,-0.0919f,0.0897f,-0.0038f,-0.996f,-0.4562f,0.0036f,-1f,0.0041f,0.0498f,0f,0f,0f,1f],start_interpolation: 0,interpolation_duration: 1}
$data merge entity $(bone_magazine1) {transformation: [0f,0f,0f,-0.111f,0f,0f,0f,-0.3712f,0f,0f,0f,0.3998f,0f,0f,0f,1f],start_interpolation: 0,interpolation_duration: 1}
$data merge entity $(bone_left_arm) {transformation: [-0.8364f,0.3994f,0.3754f,0.0862f,-0.3943f,0.0374f,-0.9182f,-0.4629f,-0.3808f,-0.916f,0.1262f,0.0617f,0f,0f,0f,1f],start_interpolation: 0,interpolation_duration: 1}
data modify entity @s data merge value {"cameras":{},"locators":{"barrel1":{"px":-0.06783356802806365,"py":-0.3551665616890454,"pz":0.736785923493378,"ry":359.77553520125707,"rx":-0.2153645430265035}}}