# This file was generated by Animated Java via MC-Build. It is not recommended to edit this file directly.
$data merge entity $(bone_muzzleflash) {transformation: [0f,0f,0f,-0.2013f,0f,0f,0f,-0.7707f,0f,0f,0f,0.3995f,0f,0f,0f,1f],start_interpolation: 0,interpolation_duration: 1}
$data merge entity $(bone_slide) {transformation: [-0.996f,0.0892f,-0.0034f,-0.0424f,0.0892f,0.996f,-0.0043f,-0.303f,0.003f,-0.0046f,-1f,0.574f,0f,0f,0f,1f],start_interpolation: 0,interpolation_duration: 1}
$data merge entity $(bone_barrel) {transformation: [-0.996f,0.0892f,-0.0034f,0.0593f,0.0892f,0.996f,-0.0043f,-0.3933f,0.003f,-0.0046f,-1f,0.574f,0f,0f,0f,1f],start_interpolation: 0,interpolation_duration: 1}
$data merge entity $(bone_magazine) {transformation: [-0.996f,0.0892f,-0.0034f,-0.055f,0.0892f,0.996f,-0.0043f,-0.4368f,0.003f,-0.0046f,-1f,0.3777f,0f,0f,0f,1f],start_interpolation: 0,interpolation_duration: 1}
$data merge entity $(bone_grip) {transformation: [-0.996f,0.0892f,-0.0034f,-0.055f,0.0892f,0.996f,-0.0043f,-0.4368f,0.003f,-0.0046f,-1f,0.3777f,0f,0f,0f,1f],start_interpolation: 0,interpolation_duration: 1}
$data merge entity $(bone_trigger) {transformation: [-0.996f,0.0892f,-0.0034f,-0.0545f,0.0892f,0.996f,-0.0043f,-0.4323f,0.003f,-0.0046f,-1f,0.4083f,0f,0f,0f,1f],start_interpolation: 0,interpolation_duration: 1}
$data merge entity $(bone_trigger_gaurd) {transformation: [-0.996f,0.0892f,-0.0034f,-0.0518f,0.0892f,0.996f,-0.0043f,-0.4034f,0.003f,-0.0046f,-1f,0.4406f,0f,0f,0f,1f],start_interpolation: 0,interpolation_duration: 1}
$data merge entity $(bone_right_arm) {transformation: [-0.996f,-0.0034f,-0.0892f,-0.0922f,0.0892f,-0.0043f,-0.996f,-0.4562f,0.003f,-1f,0.0046f,0.0498f,0f,0f,0f,1f],start_interpolation: 0,interpolation_duration: 1}
$data merge entity $(bone_magazine1) {transformation: [0f,0f,0f,-0.1115f,0f,0f,0f,-0.371f,0f,0f,0f,0.3998f,0f,0f,0f,1f],start_interpolation: 0,interpolation_duration: 1}
$data merge entity $(bone_left_arm) {transformation: [-0.836f,0.3998f,0.3758f,0.0859f,-0.3949f,0.0371f,-0.918f,-0.4628f,-0.381f,-0.9158f,0.1269f,0.0619f,0f,0f,0f,1f],start_interpolation: 0,interpolation_duration: 1}
data modify entity @s data merge value {"cameras":{},"locators":{"barrel1":{"px":-0.06852005982738645,"py":-0.35478330834990984,"pz":0.7368134391766733,"ry":359.80484578707006,"rx":-0.24643217398602255}}}