# This file was generated by Animated Java via MC-Build. It is not recommended to edit this file directly.
$data merge entity $(bone_muzzleflash) {transformation: [0f,0f,0f,-0.2016f,0f,0f,0f,-0.7706f,0f,0f,0f,0.3997f,0f,0f,0f,1f],start_interpolation: 0,interpolation_duration: 1}
$data merge entity $(bone_slide) {transformation: [-0.996f,0.0888f,-0.0029f,-0.0431f,0.0888f,0.996f,-0.0048f,-0.3027f,0.0024f,-0.005f,-1f,0.574f,0f,0f,0f,1f],start_interpolation: 0,interpolation_duration: 1}
$data merge entity $(bone_barrel) {transformation: [-0.996f,0.0888f,-0.0029f,0.0587f,0.0888f,0.996f,-0.0048f,-0.393f,0.0024f,-0.005f,-1f,0.5742f,0f,0f,0f,1f],start_interpolation: 0,interpolation_duration: 1}
$data merge entity $(bone_magazine) {transformation: [-0.996f,0.0888f,-0.0029f,-0.0555f,0.0888f,0.996f,-0.0048f,-0.4366f,0.0024f,-0.005f,-1f,0.3777f,0f,0f,0f,1f],start_interpolation: 0,interpolation_duration: 1}
$data merge entity $(bone_grip) {transformation: [-0.996f,0.0888f,-0.0029f,-0.0555f,0.0888f,0.996f,-0.0048f,-0.4366f,0.0024f,-0.005f,-1f,0.3777f,0f,0f,0f,1f],start_interpolation: 0,interpolation_duration: 1}
$data merge entity $(bone_trigger) {transformation: [-0.996f,0.0888f,-0.0029f,-0.055f,0.0888f,0.996f,-0.0048f,-0.4321f,0.0024f,-0.005f,-1f,0.4083f,0f,0f,0f,1f],start_interpolation: 0,interpolation_duration: 1}
$data merge entity $(bone_trigger_gaurd) {transformation: [-0.996f,0.0888f,-0.0029f,-0.0524f,0.0888f,0.996f,-0.0048f,-0.4032f,0.0024f,-0.005f,-1f,0.4406f,0f,0f,0f,1f],start_interpolation: 0,interpolation_duration: 1}
$data merge entity $(bone_right_arm) {transformation: [-0.996f,-0.0029f,-0.0888f,-0.0926f,0.0888f,-0.0048f,-0.996f,-0.4562f,0.0024f,-1f,0.005f,0.0499f,0f,0f,0f,1f],start_interpolation: 0,interpolation_duration: 1}
$data merge entity $(bone_magazine1) {transformation: [0f,0f,0f,-0.112f,0f,0f,0f,-0.3708f,0f,0f,0f,0.3999f,0f,0f,0f,1f],start_interpolation: 0,interpolation_duration: 1}
$data merge entity $(bone_left_arm) {transformation: [-0.8356f,0.4003f,0.3761f,0.0856f,-0.3955f,0.0368f,-0.9177f,-0.4627f,-0.3813f,-0.9156f,0.1276f,0.062f,0f,0f,0f,1f],start_interpolation: 0,interpolation_duration: 1}
data modify entity @s data merge value {"cameras":{},"locators":{"barrel1":{"px":-0.06926805733859166,"py":-0.35443016221694995,"pz":0.7368358145650177,"ry":359.8365311468398,"rx":-0.27524498168335954}}}