# This file was generated by Animated Java via MC-Build. It is not recommended to edit this file directly.
$data merge entity $(bone_muzzleflash) {transformation: [0f,0f,0f,-0.2021f,0f,0f,0f,-0.7705f,0f,0f,0f,0.3998f,0f,0f,0f,1f],start_interpolation: 0,interpolation_duration: 1}
$data merge entity $(bone_slide) {transformation: [-0.9961f,0.0883f,-0.0023f,-0.0438f,0.0884f,0.9961f,-0.0053f,-0.3024f,0.0018f,-0.0054f,-1f,0.574f,0f,0f,0f,1f],start_interpolation: 0,interpolation_duration: 1}
$data merge entity $(bone_barrel) {transformation: [-0.9961f,0.0883f,-0.0023f,0.058f,0.0884f,0.9961f,-0.0053f,-0.3927f,0.0018f,-0.0054f,-1f,0.5743f,0f,0f,0f,1f],start_interpolation: 0,interpolation_duration: 1}
$data merge entity $(bone_magazine) {transformation: [-0.9961f,0.0883f,-0.0023f,-0.0561f,0.0884f,0.9961f,-0.0053f,-0.4364f,0.0018f,-0.0054f,-1f,0.3778f,0f,0f,0f,1f],start_interpolation: 0,interpolation_duration: 1}
$data merge entity $(bone_grip) {transformation: [-0.9961f,0.0883f,-0.0023f,-0.0561f,0.0884f,0.9961f,-0.0053f,-0.4364f,0.0018f,-0.0054f,-1f,0.3778f,0f,0f,0f,1f],start_interpolation: 0,interpolation_duration: 1}
$data merge entity $(bone_trigger) {transformation: [-0.9961f,0.0883f,-0.0023f,-0.0556f,0.0884f,0.9961f,-0.0053f,-0.4319f,0.0018f,-0.0054f,-1f,0.4084f,0f,0f,0f,1f],start_interpolation: 0,interpolation_duration: 1}
$data merge entity $(bone_trigger_gaurd) {transformation: [-0.9961f,0.0883f,-0.0023f,-0.053f,0.0884f,0.9961f,-0.0053f,-0.403f,0.0018f,-0.0054f,-1f,0.4407f,0f,0f,0f,1f],start_interpolation: 0,interpolation_duration: 1}
$data merge entity $(bone_right_arm) {transformation: [-0.9961f,-0.0023f,-0.0883f,-0.0929f,0.0884f,-0.0053f,-0.9961f,-0.4562f,0.0018f,-1f,0.0054f,0.0499f,0f,0f,0f,1f],start_interpolation: 0,interpolation_duration: 1}
$data merge entity $(bone_magazine1) {transformation: [0f,0f,0f,-0.1126f,0f,0f,0f,-0.3707f,0f,0f,0f,0.3998f,0f,0f,0f,1f],start_interpolation: 0,interpolation_duration: 1}
$data merge entity $(bone_left_arm) {transformation: [-0.8352f,0.4009f,0.3764f,0.0852f,-0.396f,0.0366f,-0.9175f,-0.4626f,-0.3816f,-0.9154f,0.1282f,0.0622f,0f,0f,0f,1f],start_interpolation: 0,interpolation_duration: 1}
data modify entity @s data merge value {"cameras":{},"locators":{"barrel1":{"px":-0.0700791503154893,"py":-0.3541084665834148,"pz":0.7368528645041215,"ry":359.8706482871514,"rx":-0.3017079880037415}}}