# This file was generated by Animated Java via MC-Build. It is not recommended to edit this file directly.
$data merge entity $(bone_muzzleflash) {transformation: [0f,0f,0f,-0.2026f,0f,0f,0f,-0.7704f,0f,0f,0f,0.3999f,0f,0f,0f,1f],start_interpolation: 0,interpolation_duration: 1}
$data merge entity $(bone_slide) {transformation: [-0.9961f,0.0879f,-0.0016f,-0.0446f,0.088f,0.9961f,-0.0057f,-0.3022f,0.0011f,-0.0058f,-1f,0.574f,0f,0f,0f,1f],start_interpolation: 0,interpolation_duration: 1}
$data merge entity $(bone_barrel) {transformation: [-0.9961f,0.0879f,-0.0016f,0.0572f,0.088f,0.9961f,-0.0057f,-0.3924f,0.0011f,-0.0058f,-1f,0.5744f,0f,0f,0f,1f],start_interpolation: 0,interpolation_duration: 1}
$data merge entity $(bone_magazine) {transformation: [-0.9961f,0.0879f,-0.0016f,-0.0567f,0.088f,0.9961f,-0.0057f,-0.4363f,0.0011f,-0.0058f,-1f,0.3778f,0f,0f,0f,1f],start_interpolation: 0,interpolation_duration: 1}
$data merge entity $(bone_grip) {transformation: [-0.9961f,0.0879f,-0.0016f,-0.0567f,0.088f,0.9961f,-0.0057f,-0.4363f,0.0011f,-0.0058f,-1f,0.3778f,0f,0f,0f,1f],start_interpolation: 0,interpolation_duration: 1}
$data merge entity $(bone_trigger) {transformation: [-0.9961f,0.0879f,-0.0016f,-0.0562f,0.088f,0.9961f,-0.0057f,-0.4317f,0.0011f,-0.0058f,-1f,0.4084f,0f,0f,0f,1f],start_interpolation: 0,interpolation_duration: 1}
$data merge entity $(bone_trigger_gaurd) {transformation: [-0.9961f,0.0879f,-0.0016f,-0.0536f,0.088f,0.9961f,-0.0057f,-0.4028f,0.0011f,-0.0058f,-1f,0.4407f,0f,0f,0f,1f],start_interpolation: 0,interpolation_duration: 1}
$data merge entity $(bone_right_arm) {transformation: [-0.9961f,-0.0016f,-0.0879f,-0.0933f,0.088f,-0.0057f,-0.9961f,-0.4562f,0.0011f,-1f,0.0058f,0.05f,0f,0f,0f,1f],start_interpolation: 0,interpolation_duration: 1}
$data merge entity $(bone_magazine1) {transformation: [0f,0f,0f,-0.1133f,0f,0f,0f,-0.3706f,0f,0f,0f,0.3998f,0f,0f,0f,1f],start_interpolation: 0,interpolation_duration: 1}
$data merge entity $(bone_left_arm) {transformation: [-0.8348f,0.4014f,0.3767f,0.0848f,-0.3965f,0.0363f,-0.9173f,-0.4626f,-0.3819f,-0.9152f,0.1288f,0.0623f,0f,0f,0f,1f],start_interpolation: 0,interpolation_duration: 1}
data modify entity @s data merge value {"cameras":{},"locators":{"barrel1":{"px":-0.07095492890970705,"py":-0.3538195584580531,"pz":0.736864397018615,"ry":359.9072543539918,"rx":-0.325726698664971}}}