# This file was generated by Animated Java via MC-Build. It is not recommended to edit this file directly.
$data merge entity $(bone_muzzleflash) {transformation: [0f,0f,0f,-0.2041f,0f,0f,0f,-0.7702f,0f,0f,0f,0.4001f,0f,0f,0f,1f],start_interpolation: 0,interpolation_duration: 1}
$data merge entity $(bone_slide) {transformation: [-0.9962f,0.0871f,0.0002f,-0.0469f,0.0871f,0.9962f,-0.0066f,-0.3017f,-0.0008f,-0.0065f,-1f,0.574f,0f,0f,0f,1f],start_interpolation: 0,interpolation_duration: 1}
$data merge entity $(bone_barrel) {transformation: [-0.9962f,0.0871f,0.0002f,0.055f,0.0871f,0.9962f,-0.0066f,-0.3918f,-0.0008f,-0.0065f,-1f,0.5747f,0f,0f,0f,1f],start_interpolation: 0,interpolation_duration: 1}
$data merge entity $(bone_magazine) {transformation: [-0.9962f,0.0871f,0.0002f,-0.0585f,0.0871f,0.9962f,-0.0066f,-0.436f,-0.0008f,-0.0065f,-1f,0.3779f,0f,0f,0f,1f],start_interpolation: 0,interpolation_duration: 1}
$data merge entity $(bone_grip) {transformation: [-0.9962f,0.0871f,0.0002f,-0.0585f,0.0871f,0.9962f,-0.0066f,-0.436f,-0.0008f,-0.0065f,-1f,0.3779f,0f,0f,0f,1f],start_interpolation: 0,interpolation_duration: 1}
$data merge entity $(bone_trigger) {transformation: [-0.9962f,0.0871f,0.0002f,-0.0581f,0.0871f,0.9962f,-0.0066f,-0.4314f,-0.0008f,-0.0065f,-1f,0.4085f,0f,0f,0f,1f],start_interpolation: 0,interpolation_duration: 1}
$data merge entity $(bone_trigger_gaurd) {transformation: [-0.9962f,0.0871f,0.0002f,-0.0556f,0.0871f,0.9962f,-0.0066f,-0.4024f,-0.0008f,-0.0065f,-1f,0.4408f,0f,0f,0f,1f],start_interpolation: 0,interpolation_duration: 1}
$data merge entity $(bone_right_arm) {transformation: [-0.9962f,0.0002f,-0.0871f,-0.0945f,0.0871f,-0.0066f,-0.9962f,-0.4562f,-0.0008f,-1f,0.0065f,0.05f,0f,0f,0f,1f],start_interpolation: 0,interpolation_duration: 1}
$data merge entity $(bone_magazine1) {transformation: [0f,0f,0f,-0.1152f,0f,0f,0f,-0.3703f,0f,0f,0f,0.3998f,0f,0f,0f,1f],start_interpolation: 0,interpolation_duration: 1}
$data merge entity $(bone_left_arm) {transformation: [-0.8338f,0.4031f,0.3773f,0.0836f,-0.3976f,0.0359f,-0.9169f,-0.4624f,-0.3831f,-0.9145f,0.1304f,0.0627f,0f,0f,0f,1f],start_interpolation: 0,interpolation_duration: 1}
data modify entity @s data merge value {"cameras":{},"locators":{"barrel1":{"px":-0.0735267022967207,"py":-0.3531870306376109,"pz":0.7368699466713942,"ry":0.013711704145777048,"rx":-0.37766882692765136}}}