# This file was generated by Animated Java via MC-Build. It is not recommended to edit this file directly.
$data merge entity $(bone_muzzleflash) {transformation: [0f,0f,0f,-0.2054f,0f,0f,0f,-0.77f,0f,0f,0f,0.4001f,0f,0f,0f,1f],start_interpolation: 0,interpolation_duration: 1}
$data merge entity $(bone_slide) {transformation: [-0.9962f,0.0866f,0.0016f,-0.0486f,0.0866f,0.9962f,-0.0071f,-0.3014f,-0.0022f,-0.0069f,-1f,0.574f,0f,0f,0f,1f],start_interpolation: 0,interpolation_duration: 1}
$data merge entity $(bone_barrel) {transformation: [-0.9962f,0.0866f,0.0016f,0.0534f,0.0866f,0.9962f,-0.0071f,-0.3915f,-0.0022f,-0.0069f,-1f,0.5748f,0f,0f,0f,1f],start_interpolation: 0,interpolation_duration: 1}
$data merge entity $(bone_magazine) {transformation: [-0.9962f,0.0866f,0.0016f,-0.0599f,0.0866f,0.9962f,-0.0071f,-0.4357f,-0.0022f,-0.0069f,-1f,0.378f,0f,0f,0f,1f],start_interpolation: 0,interpolation_duration: 1}
$data merge entity $(bone_grip) {transformation: [-0.9962f,0.0866f,0.0016f,-0.0599f,0.0866f,0.9962f,-0.0071f,-0.4357f,-0.0022f,-0.0069f,-1f,0.378f,0f,0f,0f,1f],start_interpolation: 0,interpolation_duration: 1}
$data merge entity $(bone_trigger) {transformation: [-0.9962f,0.0866f,0.0016f,-0.0595f,0.0866f,0.9962f,-0.0071f,-0.4312f,-0.0022f,-0.0069f,-1f,0.4086f,0f,0f,0f,1f],start_interpolation: 0,interpolation_duration: 1}
$data merge entity $(bone_trigger_gaurd) {transformation: [-0.9962f,0.0866f,0.0016f,-0.0571f,0.0866f,0.9962f,-0.0071f,-0.4022f,-0.0022f,-0.0069f,-1f,0.4408f,0f,0f,0f,1f],start_interpolation: 0,interpolation_duration: 1}
$data merge entity $(bone_right_arm) {transformation: [-0.9962f,0.0016f,-0.0866f,-0.0954f,0.0866f,-0.0071f,-0.9962f,-0.4562f,-0.0022f,-1f,0.0069f,0.05f,0f,0f,0f,1f],start_interpolation: 0,interpolation_duration: 1}
$data merge entity $(bone_magazine1) {transformation: [0f,0f,0f,-0.1166f,0f,0f,0f,-0.3701f,0f,0f,0f,0.3997f,0f,0f,0f,1f],start_interpolation: 0,interpolation_duration: 1}
$data merge entity $(bone_left_arm) {transformation: [-0.8331f,0.4043f,0.3776f,0.0827f,-0.3982f,0.0356f,-0.9166f,-0.4623f,-0.384f,-0.9139f,0.1313f,0.063f,0f,0f,0f,1f],start_interpolation: 0,interpolation_duration: 1}
data modify entity @s data merge value {"cameras":{},"locators":{"barrel1":{"px":-0.07538314344895304,"py":-0.35279145134614737,"pz":0.7368601524526213,"ry":0.08993155623659277,"rx":-0.4064937845261808}}}