# This file was generated by Animated Java via MC-Build. It is not recommended to edit this file directly.
$data merge entity $(bone_muzzleflash) {transformation: [0f,0f,0f,-0.2111f,0f,0f,0f,-0.7464f,0f,0f,0f,0.3983f,0f,0f,0f,1f],start_interpolation: 0,interpolation_duration: 1}
$data merge entity $(bone_slide) {transformation: [-0.9946f,0.1037f,-0.0013f,-0.0458f,0.1037f,0.9944f,-0.0207f,-0.2782f,-0.0009f,-0.0207f,-0.9998f,0.5654f,0f,0f,0f,1f],start_interpolation: 0,interpolation_duration: 1}
$data merge entity $(bone_barrel) {transformation: [-0.9946f,0.1037f,-0.0013f,0.0545f,0.1037f,0.9944f,-0.0207f,-0.37f,-0.0009f,-0.0207f,-0.9998f,0.5672f,0f,0f,0f,1f],start_interpolation: 0,interpolation_duration: 1}
$data merge entity $(bone_magazine) {transformation: [-0.9946f,0.1037f,-0.0013f,-0.0599f,0.1037f,0.9944f,-0.0207f,-0.415f,-0.0009f,-0.0207f,-0.9998f,0.3712f,0f,0f,0f,1f],start_interpolation: 0,interpolation_duration: 1}
$data merge entity $(bone_grip) {transformation: [-0.9946f,0.1037f,-0.0013f,-0.0599f,0.1037f,0.9944f,-0.0207f,-0.415f,-0.0009f,-0.0207f,-0.9998f,0.3712f,0f,0f,0f,1f],start_interpolation: 0,interpolation_duration: 1}
$data merge entity $(bone_trigger) {transformation: [-0.9946f,0.1037f,-0.0013f,-0.0594f,0.1037f,0.9944f,-0.0207f,-0.41f,-0.0009f,-0.0207f,-0.9998f,0.4018f,0f,0f,0f,1f],start_interpolation: 0,interpolation_duration: 1}
$data merge entity $(bone_trigger_gaurd) {transformation: [-0.9946f,0.1037f,-0.0013f,-0.0564f,0.1037f,0.9944f,-0.0207f,-0.3806f,-0.0009f,-0.0207f,-0.9998f,0.4336f,0f,0f,0f,1f],start_interpolation: 0,interpolation_duration: 1}
$data merge entity $(bone_right_arm) {transformation: [-0.9946f,-0.0013f,-0.1037f,-0.0967f,0.1037f,-0.0207f,-0.9944f,-0.4393f,-0.0009f,-0.9998f,0.0207f,0.0437f,0f,0f,0f,1f],start_interpolation: 0,interpolation_duration: 1}
$data merge entity $(bone_magazine1) {transformation: [0f,0f,0f,-0.1155f,0f,0f,0f,-0.3481f,0f,0f,0f,0.3922f,0f,0f,0f,1f],start_interpolation: 0,interpolation_duration: 1}
$data merge entity $(bone_left_arm) {transformation: [-0.8408f,0.4024f,0.3621f,0.0813f,-0.389f,0.0162f,-0.9211f,-0.4483f,-0.3765f,-0.9153f,0.1429f,0.0563f,0f,0f,0f,1f],start_interpolation: 0,interpolation_duration: 1}
data modify entity @s data merge value {"cameras":{},"locators":{"barrel1":{"px":-0.07306834116351828,"py":-0.3269348429928161,"pz":0.7289814770546541,"ry":359.92720388280975,"rx":-1.1870234373062718}}}