# This file was generated by Animated Java via MC-Build. It is not recommended to edit this file directly.
$data merge entity $(bone_muzzleflash) {transformation: [0f,0f,0f,-0.2068f,0f,0f,0f,-0.7698f,0f,0f,0f,0.4001f,0f,0f,0f,1f],start_interpolation: 0,interpolation_duration: 1}
$data merge entity $(bone_slide) {transformation: [-0.9963f,0.0862f,0.003f,-0.0505f,0.0862f,0.9962f,-0.0076f,-0.301f,-0.0037f,-0.0073f,-1f,0.574f,0f,0f,0f,1f],start_interpolation: 0,interpolation_duration: 1}
$data merge entity $(bone_barrel) {transformation: [-0.9963f,0.0862f,0.003f,0.0515f,0.0862f,0.9962f,-0.0076f,-0.3911f,-0.0037f,-0.0073f,-1f,0.575f,0f,0f,0f,1f],start_interpolation: 0,interpolation_duration: 1}
$data merge entity $(bone_magazine) {transformation: [-0.9963f,0.0862f,0.003f,-0.0614f,0.0862f,0.9962f,-0.0076f,-0.4355f,-0.0037f,-0.0073f,-1f,0.378f,0f,0f,0f,1f],start_interpolation: 0,interpolation_duration: 1}
$data merge entity $(bone_grip) {transformation: [-0.9963f,0.0862f,0.003f,-0.0614f,0.0862f,0.9962f,-0.0076f,-0.4355f,-0.0037f,-0.0073f,-1f,0.378f,0f,0f,0f,1f],start_interpolation: 0,interpolation_duration: 1}
$data merge entity $(bone_trigger) {transformation: [-0.9963f,0.0862f,0.003f,-0.0611f,0.0862f,0.9962f,-0.0076f,-0.4309f,-0.0037f,-0.0073f,-1f,0.4086f,0f,0f,0f,1f],start_interpolation: 0,interpolation_duration: 1}
$data merge entity $(bone_trigger_gaurd) {transformation: [-0.9963f,0.0862f,0.003f,-0.0587f,0.0862f,0.9962f,-0.0076f,-0.4019f,-0.0037f,-0.0073f,-1f,0.4409f,0f,0f,0f,1f],start_interpolation: 0,interpolation_duration: 1}
$data merge entity $(bone_right_arm) {transformation: [-0.9963f,0.003f,-0.0862f,-0.0964f,0.0862f,-0.0076f,-0.9962f,-0.4561f,-0.0037f,-1f,0.0073f,0.05f,0f,0f,0f,1f],start_interpolation: 0,interpolation_duration: 1}
$data merge entity $(bone_magazine1) {transformation: [0f,0f,0f,-0.1182f,0f,0f,0f,-0.3698f,0f,0f,0f,0.3997f,0f,0f,0f,1f],start_interpolation: 0,interpolation_duration: 1}
$data merge entity $(bone_left_arm) {transformation: [-0.8323f,0.4056f,0.3777f,0.0816f,-0.3987f,0.0353f,-0.9164f,-0.4621f,-0.3851f,-0.9134f,0.1323f,0.0633f,0f,0f,0f,1f],start_interpolation: 0,interpolation_duration: 1}
data modify entity @s data merge value {"cameras":{},"locators":{"barrel1":{"px":-0.07745435906190284,"py":-0.35238104960517647,"pz":0.7368407487781102,"ry":0.17459160100261784,"rx":-0.4336818558189002}}}