# This file was generated by Animated Java via MC-Build. It is not recommended to edit this file directly.
$data merge entity $(bone_muzzleflash) {transformation: [0f,0f,0f,-0.2083f,0f,0f,0f,-0.7696f,0f,0f,0f,0.4f,0f,0f,0f,1f],start_interpolation: 0,interpolation_duration: 1}
$data merge entity $(bone_slide) {transformation: [-0.9963f,0.0859f,0.0047f,-0.0525f,0.0858f,0.9963f,-0.008f,-0.3007f,-0.0053f,-0.0076f,-1f,0.574f,0f,0f,0f,1f],start_interpolation: 0,interpolation_duration: 1}
$data merge entity $(bone_barrel) {transformation: [-0.9963f,0.0859f,0.0047f,0.0495f,0.0858f,0.9963f,-0.008f,-0.3907f,-0.0053f,-0.0076f,-1f,0.5752f,0f,0f,0f,1f],start_interpolation: 0,interpolation_duration: 1}
$data merge entity $(bone_magazine) {transformation: [-0.9963f,0.0859f,0.0047f,-0.063f,0.0858f,0.9963f,-0.008f,-0.4352f,-0.0053f,-0.0076f,-1f,0.3781f,0f,0f,0f,1f],start_interpolation: 0,interpolation_duration: 1}
$data merge entity $(bone_grip) {transformation: [-0.9963f,0.0859f,0.0047f,-0.063f,0.0858f,0.9963f,-0.008f,-0.4352f,-0.0053f,-0.0076f,-1f,0.3781f,0f,0f,0f,1f],start_interpolation: 0,interpolation_duration: 1}
$data merge entity $(bone_trigger) {transformation: [-0.9963f,0.0859f,0.0047f,-0.0628f,0.0858f,0.9963f,-0.008f,-0.4306f,-0.0053f,-0.0076f,-1f,0.4087f,0f,0f,0f,1f],start_interpolation: 0,interpolation_duration: 1}
$data merge entity $(bone_trigger_gaurd) {transformation: [-0.9963f,0.0859f,0.0047f,-0.0605f,0.0858f,0.9963f,-0.008f,-0.4016f,-0.0053f,-0.0076f,-1f,0.4409f,0f,0f,0f,1f],start_interpolation: 0,interpolation_duration: 1}
$data merge entity $(bone_right_arm) {transformation: [-0.9963f,0.0047f,-0.0859f,-0.0976f,0.0858f,-0.008f,-0.9963f,-0.456f,-0.0053f,-1f,0.0076f,0.05f,0f,0f,0f,1f],start_interpolation: 0,interpolation_duration: 1}
$data merge entity $(bone_magazine1) {transformation: [0f,0f,0f,-0.1199f,0f,0f,0f,-0.3696f,0f,0f,0f,0.3996f,0f,0f,0f,1f],start_interpolation: 0,interpolation_duration: 1}
$data merge entity $(bone_left_arm) {transformation: [-0.8316f,0.4071f,0.3779f,0.0805f,-0.3992f,0.0351f,-0.9162f,-0.4619f,-0.3862f,-0.9127f,0.1333f,0.0635f,0f,0f,0f,1f],start_interpolation: 0,interpolation_duration: 1}
data modify entity @s data merge value {"cameras":{},"locators":{"barrel1":{"px":-0.07972840365287918,"py":-0.3519588098181967,"pz":0.7368116392711143,"ry":0.26721790965771675,"rx":-0.459235605579911}}}