# This file was generated by Animated Java via MC-Build. It is not recommended to edit this file directly.
$data merge entity $(bone_muzzleflash) {transformation: [0f,0f,0f,-0.2101f,0f,0f,0f,-0.7693f,0f,0f,0f,0.3999f,0f,0f,0f,1f],start_interpolation: 0,interpolation_duration: 1}
$data merge entity $(bone_slide) {transformation: [-0.9963f,0.0856f,0.0064f,-0.0547f,0.0855f,0.9963f,-0.0084f,-0.3003f,-0.0071f,-0.0079f,-0.9999f,0.574f,0f,0f,0f,1f],start_interpolation: 0,interpolation_duration: 1}
$data merge entity $(bone_barrel) {transformation: [-0.9963f,0.0856f,0.0064f,0.0474f,0.0855f,0.9963f,-0.0084f,-0.3903f,-0.0071f,-0.0079f,-0.9999f,0.5754f,0f,0f,0f,1f],start_interpolation: 0,interpolation_duration: 1}
$data merge entity $(bone_magazine) {transformation: [-0.9963f,0.0856f,0.0064f,-0.0648f,0.0855f,0.9963f,-0.0084f,-0.4349f,-0.0071f,-0.0079f,-0.9999f,0.3781f,0f,0f,0f,1f],start_interpolation: 0,interpolation_duration: 1}
$data merge entity $(bone_grip) {transformation: [-0.9963f,0.0856f,0.0064f,-0.0648f,0.0855f,0.9963f,-0.0084f,-0.4349f,-0.0071f,-0.0079f,-0.9999f,0.3781f,0f,0f,0f,1f],start_interpolation: 0,interpolation_duration: 1}
$data merge entity $(bone_trigger) {transformation: [-0.9963f,0.0856f,0.0064f,-0.0647f,0.0855f,0.9963f,-0.0084f,-0.4303f,-0.0071f,-0.0079f,-0.9999f,0.4087f,0f,0f,0f,1f],start_interpolation: 0,interpolation_duration: 1}
$data merge entity $(bone_trigger_gaurd) {transformation: [-0.9963f,0.0856f,0.0064f,-0.0624f,0.0855f,0.9963f,-0.0084f,-0.4013f,-0.0071f,-0.0079f,-0.9999f,0.4409f,0f,0f,0f,1f],start_interpolation: 0,interpolation_duration: 1}
$data merge entity $(bone_right_arm) {transformation: [-0.9963f,0.0064f,-0.0856f,-0.0988f,0.0855f,-0.0084f,-0.9963f,-0.4559f,-0.0071f,-0.9999f,0.0079f,0.05f,0f,0f,0f,1f],start_interpolation: 0,interpolation_duration: 1}
$data merge entity $(bone_magazine1) {transformation: [0f,0f,0f,-0.1218f,0f,0f,0f,-0.3693f,0f,0f,0f,0.3995f,0f,0f,0f,1f],start_interpolation: 0,interpolation_duration: 1}
$data merge entity $(bone_left_arm) {transformation: [-0.8308f,0.4087f,0.3779f,0.0792f,-0.3996f,0.0348f,-0.916f,-0.4617f,-0.3875f,-0.912f,0.1344f,0.0638f,0f,0f,0f,1f],start_interpolation: 0,interpolation_duration: 1}
data modify entity @s data merge value {"cameras":{},"locators":{"barrel1":{"px":-0.0821933350486514,"py":-0.35152768630827036,"pz":0.7367727206023754,"ry":0.3673372380639819,"rx":-0.4831599277983185}}}