# This file was generated by Animated Java via MC-Build. It is not recommended to edit this file directly.
$data merge entity $(bone_muzzleflash) {transformation: [0f,0f,0f,-0.212f,0f,0f,0f,-0.7691f,0f,0f,0f,0.3998f,0f,0f,0f,1f],start_interpolation: 0,interpolation_duration: 1}
$data merge entity $(bone_slide) {transformation: [-0.9963f,0.0853f,0.0083f,-0.057f,0.0852f,0.9963f,-0.0088f,-0.2999f,-0.009f,-0.0081f,-0.9999f,0.574f,0f,0f,0f,1f],start_interpolation: 0,interpolation_duration: 1}
$data merge entity $(bone_barrel) {transformation: [-0.9963f,0.0853f,0.0083f,0.045f,0.0852f,0.9963f,-0.0088f,-0.3899f,-0.009f,-0.0081f,-0.9999f,0.5756f,0f,0f,0f,1f],start_interpolation: 0,interpolation_duration: 1}
$data merge entity $(bone_magazine) {transformation: [-0.9963f,0.0853f,0.0083f,-0.0668f,0.0852f,0.9963f,-0.0088f,-0.4346f,-0.009f,-0.0081f,-0.9999f,0.3781f,0f,0f,0f,1f],start_interpolation: 0,interpolation_duration: 1}
$data merge entity $(bone_grip) {transformation: [-0.9963f,0.0853f,0.0083f,-0.0668f,0.0852f,0.9963f,-0.0088f,-0.4346f,-0.009f,-0.0081f,-0.9999f,0.3781f,0f,0f,0f,1f],start_interpolation: 0,interpolation_duration: 1}
$data merge entity $(bone_trigger) {transformation: [-0.9963f,0.0853f,0.0083f,-0.0667f,0.0852f,0.9963f,-0.0088f,-0.43f,-0.009f,-0.0081f,-0.9999f,0.4087f,0f,0f,0f,1f],start_interpolation: 0,interpolation_duration: 1}
$data merge entity $(bone_trigger_gaurd) {transformation: [-0.9963f,0.0853f,0.0083f,-0.0645f,0.0852f,0.9963f,-0.0088f,-0.4009f,-0.009f,-0.0081f,-0.9999f,0.4409f,0f,0f,0f,1f],start_interpolation: 0,interpolation_duration: 1}
$data merge entity $(bone_right_arm) {transformation: [-0.9963f,0.0083f,-0.0853f,-0.1001f,0.0852f,-0.0088f,-0.9963f,-0.4557f,-0.009f,-0.9999f,0.0081f,0.05f,0f,0f,0f,1f],start_interpolation: 0,interpolation_duration: 1}
$data merge entity $(bone_magazine1) {transformation: [0f,0f,0f,-0.1238f,0f,0f,0f,-0.369f,0f,0f,0f,0.3994f,0f,0f,0f,1f],start_interpolation: 0,interpolation_duration: 1}
$data merge entity $(bone_left_arm) {transformation: [-0.8299f,0.4104f,0.3779f,0.0779f,-0.4f,0.0346f,-0.9159f,-0.4615f,-0.3889f,-0.9113f,0.1354f,0.0641f,0f,0f,0f,1f],start_interpolation: 0,interpolation_duration: 1}
data modify entity @s data merge value {"cameras":{},"locators":{"barrel1":{"px":-0.08483721453478281,"py":-0.3510906081553303,"pz":0.7367238903776437,"ry":0.474476994769077,"rx":-0.5054616638432916}}}