# This file was generated by Animated Java via MC-Build. It is not recommended to edit this file directly.
$data merge entity $(bone_muzzleflash) {transformation: [0f,0f,0f,-0.214f,0f,0f,0f,-0.7688f,0f,0f,0f,0.3997f,0f,0f,0f,1f],start_interpolation: 0,interpolation_duration: 1}
$data merge entity $(bone_slide) {transformation: [-0.9963f,0.0851f,0.0103f,-0.0595f,0.085f,0.9963f,-0.0092f,-0.2995f,-0.011f,-0.0083f,-0.9999f,0.574f,0f,0f,0f,1f],start_interpolation: 0,interpolation_duration: 1}
$data merge entity $(bone_barrel) {transformation: [-0.9963f,0.0851f,0.0103f,0.0426f,0.085f,0.9963f,-0.0092f,-0.3895f,-0.011f,-0.0083f,-0.9999f,0.5758f,0f,0f,0f,1f],start_interpolation: 0,interpolation_duration: 1}
$data merge entity $(bone_magazine) {transformation: [-0.9963f,0.0851f,0.0103f,-0.0689f,0.085f,0.9963f,-0.0092f,-0.4343f,-0.011f,-0.0083f,-0.9999f,0.3781f,0f,0f,0f,1f],start_interpolation: 0,interpolation_duration: 1}
$data merge entity $(bone_grip) {transformation: [-0.9963f,0.0851f,0.0103f,-0.0689f,0.085f,0.9963f,-0.0092f,-0.4343f,-0.011f,-0.0083f,-0.9999f,0.3781f,0f,0f,0f,1f],start_interpolation: 0,interpolation_duration: 1}
$data merge entity $(bone_trigger) {transformation: [-0.9963f,0.0851f,0.0103f,-0.0688f,0.085f,0.9963f,-0.0092f,-0.4297f,-0.011f,-0.0083f,-0.9999f,0.4087f,0f,0f,0f,1f],start_interpolation: 0,interpolation_duration: 1}
$data merge entity $(bone_trigger_gaurd) {transformation: [-0.9963f,0.0851f,0.0103f,-0.0667f,0.085f,0.9963f,-0.0092f,-0.4006f,-0.011f,-0.0083f,-0.9999f,0.4409f,0f,0f,0f,1f],start_interpolation: 0,interpolation_duration: 1}
$data merge entity $(bone_right_arm) {transformation: [-0.9963f,0.0103f,-0.0851f,-0.1016f,0.085f,-0.0092f,-0.9963f,-0.4555f,-0.011f,-0.9999f,0.0083f,0.0499f,0f,0f,0f,1f],start_interpolation: 0,interpolation_duration: 1}
$data merge entity $(bone_magazine1) {transformation: [0f,0f,0f,-0.1259f,0f,0f,0f,-0.3687f,0f,0f,0f,0.3992f,0f,0f,0f,1f],start_interpolation: 0,interpolation_duration: 1}
$data merge entity $(bone_left_arm) {transformation: [-0.8291f,0.4122f,0.3779f,0.0764f,-0.4003f,0.0343f,-0.9157f,-0.4613f,-0.3904f,-0.9105f,0.1365f,0.0644f,0f,0f,0f,1f],start_interpolation: 0,interpolation_duration: 1}
data modify entity @s data merge value {"cameras":{},"locators":{"barrel1":{"px":-0.08764810700875174,"py":-0.35065048379016867,"pz":0.7366650545486649,"ry":0.5881652081471316,"rx":-0.526149240090432}}}