# This file was generated by Animated Java via MC-Build. It is not recommended to edit this file directly.
$data merge entity $(bone_muzzleflash) {transformation: [0f,0f,0f,-0.2162f,0f,0f,0f,-0.7685f,0f,0f,0f,0.3995f,0f,0f,0f,1f],start_interpolation: 0,interpolation_duration: 1}
$data merge entity $(bone_slide) {transformation: [-0.9963f,0.0849f,0.0124f,-0.0622f,0.0848f,0.9964f,-0.0095f,-0.2991f,-0.0131f,-0.0084f,-0.9999f,0.5739f,0f,0f,0f,1f],start_interpolation: 0,interpolation_duration: 1}
$data merge entity $(bone_barrel) {transformation: [-0.9963f,0.0849f,0.0124f,0.0399f,0.0848f,0.9964f,-0.0095f,-0.389f,-0.0131f,-0.0084f,-0.9999f,0.5761f,0f,0f,0f,1f],start_interpolation: 0,interpolation_duration: 1}
$data merge entity $(bone_magazine) {transformation: [-0.9963f,0.0849f,0.0124f,-0.0711f,0.0848f,0.9964f,-0.0095f,-0.434f,-0.0131f,-0.0084f,-0.9999f,0.3781f,0f,0f,0f,1f],start_interpolation: 0,interpolation_duration: 1}
$data merge entity $(bone_grip) {transformation: [-0.9963f,0.0849f,0.0124f,-0.0711f,0.0848f,0.9964f,-0.0095f,-0.434f,-0.0131f,-0.0084f,-0.9999f,0.3781f,0f,0f,0f,1f],start_interpolation: 0,interpolation_duration: 1}
$data merge entity $(bone_trigger) {transformation: [-0.9963f,0.0849f,0.0124f,-0.0711f,0.0848f,0.9964f,-0.0095f,-0.4293f,-0.0131f,-0.0084f,-0.9999f,0.4087f,0f,0f,0f,1f],start_interpolation: 0,interpolation_duration: 1}
$data merge entity $(bone_trigger_gaurd) {transformation: [-0.9963f,0.0849f,0.0124f,-0.069f,0.0848f,0.9964f,-0.0095f,-0.4003f,-0.0131f,-0.0084f,-0.9999f,0.4409f,0f,0f,0f,1f],start_interpolation: 0,interpolation_duration: 1}
$data merge entity $(bone_right_arm) {transformation: [-0.9963f,0.0124f,-0.0849f,-0.1031f,0.0848f,-0.0095f,-0.9964f,-0.4553f,-0.0131f,-0.9999f,0.0084f,0.0499f,0f,0f,0f,1f],start_interpolation: 0,interpolation_duration: 1}
$data merge entity $(bone_magazine1) {transformation: [0f,0f,0f,-0.1282f,0f,0f,0f,-0.3684f,0f,0f,0f,0.3991f,0f,0f,0f,1f],start_interpolation: 0,interpolation_duration: 1}
$data merge entity $(bone_left_arm) {transformation: [-0.8282f,0.414f,0.3778f,0.0749f,-0.4006f,0.0341f,-0.9156f,-0.461f,-0.392f,-0.9096f,0.1376f,0.0647f,0f,0f,0f,1f],start_interpolation: 0,interpolation_duration: 1}
data modify entity @s data merge value {"cameras":{},"locators":{"barrel1":{"px":-0.09061408114464221,"py":-0.35021020534481734,"pz":0.7365961343465623,"ry":0.7079304928854242,"rx":-0.5452323249648294}}}