# This file was generated by Animated Java via MC-Build. It is not recommended to edit this file directly.
$data merge entity $(bone_muzzleflash) {transformation: [0f,0f,0f,-0.2185f,0f,0f,0f,-0.7682f,0f,0f,0f,0.3992f,0f,0f,0f,1f],start_interpolation: 0,interpolation_duration: 1}
$data merge entity $(bone_slide) {transformation: [-0.9963f,0.0848f,0.0145f,-0.0649f,0.0846f,0.9964f,-0.0098f,-0.2987f,-0.0153f,-0.0086f,-0.9998f,0.5739f,0f,0f,0f,1f],start_interpolation: 0,interpolation_duration: 1}
$data merge entity $(bone_barrel) {transformation: [-0.9963f,0.0848f,0.0145f,0.0372f,0.0846f,0.9964f,-0.0098f,-0.3886f,-0.0153f,-0.0086f,-0.9998f,0.5763f,0f,0f,0f,1f],start_interpolation: 0,interpolation_duration: 1}
$data merge entity $(bone_magazine) {transformation: [-0.9963f,0.0848f,0.0145f,-0.0734f,0.0846f,0.9964f,-0.0098f,-0.4337f,-0.0153f,-0.0086f,-0.9998f,0.3781f,0f,0f,0f,1f],start_interpolation: 0,interpolation_duration: 1}
$data merge entity $(bone_grip) {transformation: [-0.9963f,0.0848f,0.0145f,-0.0734f,0.0846f,0.9964f,-0.0098f,-0.4337f,-0.0153f,-0.0086f,-0.9998f,0.3781f,0f,0f,0f,1f],start_interpolation: 0,interpolation_duration: 1}
$data merge entity $(bone_trigger) {transformation: [-0.9963f,0.0848f,0.0145f,-0.0735f,0.0846f,0.9964f,-0.0098f,-0.429f,-0.0153f,-0.0086f,-0.9998f,0.4087f,0f,0f,0f,1f],start_interpolation: 0,interpolation_duration: 1}
$data merge entity $(bone_trigger_gaurd) {transformation: [-0.9963f,0.0848f,0.0145f,-0.0715f,0.0846f,0.9964f,-0.0098f,-0.3999f,-0.0153f,-0.0086f,-0.9998f,0.4409f,0f,0f,0f,1f],start_interpolation: 0,interpolation_duration: 1}
$data merge entity $(bone_right_arm) {transformation: [-0.9963f,0.0145f,-0.0848f,-0.1047f,0.0846f,-0.0098f,-0.9964f,-0.4551f,-0.0153f,-0.9998f,0.0086f,0.0498f,0f,0f,0f,1f],start_interpolation: 0,interpolation_duration: 1}
$data merge entity $(bone_magazine1) {transformation: [0f,0f,0f,-0.1305f,0f,0f,0f,-0.3681f,0f,0f,0f,0.3989f,0f,0f,0f,1f],start_interpolation: 0,interpolation_duration: 1}
$data merge entity $(bone_left_arm) {transformation: [-0.8273f,0.416f,0.3776f,0.0733f,-0.4008f,0.0339f,-0.9155f,-0.4608f,-0.3937f,-0.9087f,0.1387f,0.0651f,0f,0f,0f,1f],start_interpolation: 0,interpolation_duration: 1}
data modify entity @s data merge value {"cameras":{},"locators":{"barrel1":{"px":-0.09372320957513532,"py":-0.34977265275905345,"pz":0.7365170727366152,"ry":0.8333020160263231,"rx":-0.5627215053631168}}}