# This file was generated by Animated Java via MC-Build. It is not recommended to edit this file directly.
$data merge entity $(bone_muzzleflash) {transformation: [0f,0f,0f,-0.2209f,0f,0f,0f,-0.7678f,0f,0f,0f,0.399f,0f,0f,0f,1f],start_interpolation: 0,interpolation_duration: 1}
$data merge entity $(bone_slide) {transformation: [-0.9963f,0.0847f,0.0168f,-0.0678f,0.0845f,0.9964f,-0.0101f,-0.2983f,-0.0176f,-0.0086f,-0.9998f,0.5739f,0f,0f,0f,1f],start_interpolation: 0,interpolation_duration: 1}
$data merge entity $(bone_barrel) {transformation: [-0.9963f,0.0847f,0.0168f,0.0343f,0.0845f,0.9964f,-0.0101f,-0.3882f,-0.0176f,-0.0086f,-0.9998f,0.5765f,0f,0f,0f,1f],start_interpolation: 0,interpolation_duration: 1}
$data merge entity $(bone_magazine) {transformation: [-0.9963f,0.0847f,0.0168f,-0.0758f,0.0845f,0.9964f,-0.0101f,-0.4333f,-0.0176f,-0.0086f,-0.9998f,0.3781f,0f,0f,0f,1f],start_interpolation: 0,interpolation_duration: 1}
$data merge entity $(bone_grip) {transformation: [-0.9963f,0.0847f,0.0168f,-0.0758f,0.0845f,0.9964f,-0.0101f,-0.4333f,-0.0176f,-0.0086f,-0.9998f,0.3781f,0f,0f,0f,1f],start_interpolation: 0,interpolation_duration: 1}
$data merge entity $(bone_trigger) {transformation: [-0.9963f,0.0847f,0.0168f,-0.0759f,0.0845f,0.9964f,-0.0101f,-0.4287f,-0.0176f,-0.0086f,-0.9998f,0.4087f,0f,0f,0f,1f],start_interpolation: 0,interpolation_duration: 1}
$data merge entity $(bone_trigger_gaurd) {transformation: [-0.9963f,0.0847f,0.0168f,-0.074f,0.0845f,0.9964f,-0.0101f,-0.3996f,-0.0176f,-0.0086f,-0.9998f,0.4409f,0f,0f,0f,1f],start_interpolation: 0,interpolation_duration: 1}
$data merge entity $(bone_right_arm) {transformation: [-0.9963f,0.0168f,-0.0847f,-0.1063f,0.0845f,-0.0101f,-0.9964f,-0.4549f,-0.0176f,-0.9998f,0.0086f,0.0497f,0f,0f,0f,1f],start_interpolation: 0,interpolation_duration: 1}
$data merge entity $(bone_magazine1) {transformation: [0f,0f,0f,-0.133f,0f,0f,0f,-0.3677f,0f,0f,0f,0.3988f,0f,0f,0f,1f],start_interpolation: 0,interpolation_duration: 1}
$data merge entity $(bone_left_arm) {transformation: [-0.8263f,0.4181f,0.3774f,0.0716f,-0.401f,0.0337f,-0.9154f,-0.4605f,-0.3955f,-0.9078f,0.1398f,0.0654f,0f,0f,0f,1f],start_interpolation: 0,interpolation_duration: 1}
data modify entity @s data merge value {"cameras":{},"locators":{"barrel1":{"px":-0.09696356909461566,"py":-0.349340697642785,"pz":0.736427840393526,"ry":0.9638094627449334,"rx":-0.5786279824238517}}}