# This file was generated by Animated Java via MC-Build. It is not recommended to edit this file directly.
$data merge entity $(bone_muzzleflash) {transformation: [0f,0f,0f,-0.2235f,0f,0f,0f,-0.7675f,0f,0f,0f,0.3987f,0f,0f,0f,1f],start_interpolation: 0,interpolation_duration: 1}
$data merge entity $(bone_slide) {transformation: [-0.9962f,0.0846f,0.0192f,-0.0708f,0.0844f,0.9964f,-0.0103f,-0.298f,-0.02f,-0.0087f,-0.9998f,0.5738f,0f,0f,0f,1f],start_interpolation: 0,interpolation_duration: 1}
$data merge entity $(bone_barrel) {transformation: [-0.9962f,0.0846f,0.0192f,0.0313f,0.0844f,0.9964f,-0.0103f,-0.3878f,-0.02f,-0.0087f,-0.9998f,0.5767f,0f,0f,0f,1f],start_interpolation: 0,interpolation_duration: 1}
$data merge entity $(bone_magazine) {transformation: [-0.9962f,0.0846f,0.0192f,-0.0783f,0.0844f,0.9964f,-0.0103f,-0.433f,-0.02f,-0.0087f,-0.9998f,0.3781f,0f,0f,0f,1f],start_interpolation: 0,interpolation_duration: 1}
$data merge entity $(bone_grip) {transformation: [-0.9962f,0.0846f,0.0192f,-0.0783f,0.0844f,0.9964f,-0.0103f,-0.433f,-0.02f,-0.0087f,-0.9998f,0.3781f,0f,0f,0f,1f],start_interpolation: 0,interpolation_duration: 1}
$data merge entity $(bone_trigger) {transformation: [-0.9962f,0.0846f,0.0192f,-0.0785f,0.0844f,0.9964f,-0.0103f,-0.4283f,-0.02f,-0.0087f,-0.9998f,0.4087f,0f,0f,0f,1f],start_interpolation: 0,interpolation_duration: 1}
$data merge entity $(bone_trigger_gaurd) {transformation: [-0.9962f,0.0846f,0.0192f,-0.0767f,0.0844f,0.9964f,-0.0103f,-0.3992f,-0.02f,-0.0087f,-0.9998f,0.4408f,0f,0f,0f,1f],start_interpolation: 0,interpolation_duration: 1}
$data merge entity $(bone_right_arm) {transformation: [-0.9962f,0.0192f,-0.0846f,-0.1081f,0.0844f,-0.0103f,-0.9964f,-0.4546f,-0.02f,-0.9998f,0.0087f,0.0496f,0f,0f,0f,1f],start_interpolation: 0,interpolation_duration: 1}
$data merge entity $(bone_magazine1) {transformation: [0f,0f,0f,-0.1356f,0f,0f,0f,-0.3674f,0f,0f,0f,0.3986f,0f,0f,0f,1f],start_interpolation: 0,interpolation_duration: 1}
$data merge entity $(bone_left_arm) {transformation: [-0.8253f,0.4202f,0.3771f,0.0698f,-0.4012f,0.0335f,-0.9154f,-0.4602f,-0.3973f,-0.9068f,0.141f,0.0657f,0f,0f,0f,1f],start_interpolation: 0,interpolation_duration: 1}
data modify entity @s data merge value {"cameras":{},"locators":{"barrel1":{"px":-0.100323240885414,"py":-0.3489172068940825,"pz":0.7363284411963616,"ry":1.09898300201462,"rx":-0.5929632866221645}}}