# This file was generated by Animated Java via MC-Build. It is not recommended to edit this file directly.
$data merge entity $(bone_muzzleflash) {transformation: [0f,0f,0f,-0.2261f,0f,0f,0f,-0.7672f,0f,0f,0f,0.3984f,0f,0f,0f,1f],start_interpolation: 0,interpolation_duration: 1}
$data merge entity $(bone_slide) {transformation: [-0.9962f,0.0846f,0.0216f,-0.0739f,0.0844f,0.9964f,-0.0106f,-0.2976f,-0.0224f,-0.0087f,-0.9997f,0.5738f,0f,0f,0f,1f],start_interpolation: 0,interpolation_duration: 1}
$data merge entity $(bone_barrel) {transformation: [-0.9962f,0.0846f,0.0216f,0.0282f,0.0844f,0.9964f,-0.0106f,-0.3875f,-0.0224f,-0.0087f,-0.9997f,0.5769f,0f,0f,0f,1f],start_interpolation: 0,interpolation_duration: 1}
$data merge entity $(bone_magazine) {transformation: [-0.9962f,0.0846f,0.0216f,-0.0809f,0.0844f,0.9964f,-0.0106f,-0.4327f,-0.0224f,-0.0087f,-0.9997f,0.378f,0f,0f,0f,1f],start_interpolation: 0,interpolation_duration: 1}
$data merge entity $(bone_grip) {transformation: [-0.9962f,0.0846f,0.0216f,-0.0809f,0.0844f,0.9964f,-0.0106f,-0.4327f,-0.0224f,-0.0087f,-0.9997f,0.378f,0f,0f,0f,1f],start_interpolation: 0,interpolation_duration: 1}
$data merge entity $(bone_trigger) {transformation: [-0.9962f,0.0846f,0.0216f,-0.0812f,0.0844f,0.9964f,-0.0106f,-0.428f,-0.0224f,-0.0087f,-0.9997f,0.4086f,0f,0f,0f,1f],start_interpolation: 0,interpolation_duration: 1}
$data merge entity $(bone_trigger_gaurd) {transformation: [-0.9962f,0.0846f,0.0216f,-0.0794f,0.0844f,0.9964f,-0.0106f,-0.3989f,-0.0224f,-0.0087f,-0.9997f,0.4408f,0f,0f,0f,1f],start_interpolation: 0,interpolation_duration: 1}
$data merge entity $(bone_right_arm) {transformation: [-0.9962f,0.0216f,-0.0846f,-0.1098f,0.0844f,-0.0106f,-0.9964f,-0.4544f,-0.0224f,-0.9997f,0.0087f,0.0495f,0f,0f,0f,1f],start_interpolation: 0,interpolation_duration: 1}
$data merge entity $(bone_magazine1) {transformation: [0f,0f,0f,-0.1382f,0f,0f,0f,-0.367f,0f,0f,0f,0.3984f,0f,0f,0f,1f],start_interpolation: 0,interpolation_duration: 1}
$data merge entity $(bone_left_arm) {transformation: [-0.8244f,0.4224f,0.3768f,0.068f,-0.4013f,0.0333f,-0.9153f,-0.46f,-0.3992f,-0.9058f,0.1421f,0.066f,0f,0f,0f,1f],start_interpolation: 0,interpolation_duration: 1}
data modify entity @s data merge value {"cameras":{},"locators":{"barrel1":{"px":-0.1037903107675477,"py":-0.34850504607264576,"pz":0.7362189172424511,"ry":1.2383532522895848,"rx":-0.6057390121706553}}}