# This file was generated by Animated Java via MC-Build. It is not recommended to edit this file directly.
$data merge entity $(bone_muzzleflash) {transformation: [0f,0f,0f,-0.2117f,0f,0f,0f,-0.7459f,0f,0f,0f,0.3984f,0f,0f,0f,1f],start_interpolation: 0,interpolation_duration: 1}
$data merge entity $(bone_slide) {transformation: [-0.9945f,0.1049f,-0.0013f,-0.0459f,0.1049f,0.9943f,-0.0206f,-0.2779f,-0.0009f,-0.0206f,-0.9998f,0.5656f,0f,0f,0f,1f],start_interpolation: 0,interpolation_duration: 1}
$data merge entity $(bone_barrel) {transformation: [-0.9945f,0.1049f,-0.0013f,0.0544f,0.1049f,0.9943f,-0.0206f,-0.3699f,-0.0009f,-0.0206f,-0.9998f,0.5674f,0f,0f,0f,1f],start_interpolation: 0,interpolation_duration: 1}
$data merge entity $(bone_magazine) {transformation: [-0.9945f,0.1049f,-0.0013f,-0.0601f,0.1049f,0.9943f,-0.0206f,-0.4147f,-0.0009f,-0.0206f,-0.9998f,0.3714f,0f,0f,0f,1f],start_interpolation: 0,interpolation_duration: 1}
$data merge entity $(bone_grip) {transformation: [-0.9945f,0.1049f,-0.0013f,-0.0601f,0.1049f,0.9943f,-0.0206f,-0.4147f,-0.0009f,-0.0206f,-0.9998f,0.3714f,0f,0f,0f,1f],start_interpolation: 0,interpolation_duration: 1}
$data merge entity $(bone_trigger) {transformation: [-0.9945f,0.1049f,-0.0013f,-0.0596f,0.1049f,0.9943f,-0.0206f,-0.4097f,-0.0009f,-0.0206f,-0.9998f,0.402f,0f,0f,0f,1f],start_interpolation: 0,interpolation_duration: 1}
$data merge entity $(bone_trigger_gaurd) {transformation: [-0.9945f,0.1049f,-0.0013f,-0.0566f,0.1049f,0.9943f,-0.0206f,-0.3803f,-0.0009f,-0.0206f,-0.9998f,0.4338f,0f,0f,0f,1f],start_interpolation: 0,interpolation_duration: 1}
$data merge entity $(bone_right_arm) {transformation: [-0.9945f,-0.0013f,-0.1049f,-0.097f,0.1049f,-0.0206f,-0.9943f,-0.4389f,-0.0009f,-0.9998f,0.0206f,0.0439f,0f,0f,0f,1f],start_interpolation: 0,interpolation_duration: 1}
$data merge entity $(bone_magazine1) {transformation: [0f,0f,0f,-0.1156f,0f,0f,0f,-0.3477f,0f,0f,0f,0.3924f,0f,0f,0f,1f],start_interpolation: 0,interpolation_duration: 1}
$data merge entity $(bone_left_arm) {transformation: [-0.8413f,0.4024f,0.361f,0.081f,-0.3879f,0.0158f,-0.9216f,-0.4481f,-0.3765f,-0.9153f,0.1428f,0.0565f,0f,0f,0f,1f],start_interpolation: 0,interpolation_duration: 1}
data modify entity @s data merge value {"cameras":{},"locators":{"barrel1":{"px":-0.07315925526395145,"py":-0.3266493802969086,"pz":0.7291640773876145,"ry":359.9258341915016,"rx":-1.1809272679766905}}}