# This file was generated by Animated Java via MC-Build. It is not recommended to edit this file directly.
$data merge entity $(bone_muzzleflash) {transformation: [0f,0f,0f,-0.2288f,0f,0f,0f,-0.7669f,0f,0f,0f,0.3981f,0f,0f,0f,1f],start_interpolation: 0,interpolation_duration: 1}
$data merge entity $(bone_slide) {transformation: [-0.9961f,0.0846f,0.0241f,-0.077f,0.0844f,0.9964f,-0.0108f,-0.2972f,-0.0249f,-0.0087f,-0.9997f,0.5737f,0f,0f,0f,1f],start_interpolation: 0,interpolation_duration: 1}
$data merge entity $(bone_barrel) {transformation: [-0.9961f,0.0846f,0.0241f,0.0251f,0.0844f,0.9964f,-0.0108f,-0.3871f,-0.0249f,-0.0087f,-0.9997f,0.5772f,0f,0f,0f,1f],start_interpolation: 0,interpolation_duration: 1}
$data merge entity $(bone_magazine) {transformation: [-0.9961f,0.0846f,0.0241f,-0.0836f,0.0844f,0.9964f,-0.0108f,-0.4323f,-0.0249f,-0.0087f,-0.9997f,0.378f,0f,0f,0f,1f],start_interpolation: 0,interpolation_duration: 1}
$data merge entity $(bone_grip) {transformation: [-0.9961f,0.0846f,0.0241f,-0.0836f,0.0844f,0.9964f,-0.0108f,-0.4323f,-0.0249f,-0.0087f,-0.9997f,0.378f,0f,0f,0f,1f],start_interpolation: 0,interpolation_duration: 1}
$data merge entity $(bone_trigger) {transformation: [-0.9961f,0.0846f,0.0241f,-0.0839f,0.0844f,0.9964f,-0.0108f,-0.4276f,-0.0249f,-0.0087f,-0.9997f,0.4086f,0f,0f,0f,1f],start_interpolation: 0,interpolation_duration: 1}
$data merge entity $(bone_trigger_gaurd) {transformation: [-0.9961f,0.0846f,0.0241f,-0.0823f,0.0844f,0.9964f,-0.0108f,-0.3985f,-0.0249f,-0.0087f,-0.9997f,0.4408f,0f,0f,0f,1f],start_interpolation: 0,interpolation_duration: 1}
$data merge entity $(bone_right_arm) {transformation: [-0.9961f,0.0241f,-0.0846f,-0.1117f,0.0844f,-0.0108f,-0.9964f,-0.4541f,-0.0249f,-0.9997f,0.0087f,0.0494f,0f,0f,0f,1f],start_interpolation: 0,interpolation_duration: 1}
$data merge entity $(bone_magazine1) {transformation: [0f,0f,0f,-0.1409f,0f,0f,0f,-0.3667f,0f,0f,0f,0.3982f,0f,0f,0f,1f],start_interpolation: 0,interpolation_duration: 1}
$data merge entity $(bone_left_arm) {transformation: [-0.8233f,0.4247f,0.3765f,0.0661f,-0.4014f,0.0331f,-0.9153f,-0.4597f,-0.4012f,-0.9047f,0.1432f,0.0664f,0f,0f,0f,1f],start_interpolation: 0,interpolation_duration: 1}
data modify entity @s data merge value {"cameras":{},"locators":{"barrel1":{"px":-0.10735286947079292,"py":-0.3481070825285079,"pz":0.7360993533796365,"ry":1.381451247307666,"rx":-0.616966570713808}}}