# This file was generated by Animated Java via MC-Build. It is not recommended to edit this file directly.
$data merge entity $(bone_muzzleflash) {transformation: [0f,0f,0f,-0.2316f,0f,0f,0f,-0.7665f,0f,0f,0f,0.3977f,0f,0f,0f,1f],start_interpolation: 0,interpolation_duration: 1}
$data merge entity $(bone_slide) {transformation: [-0.9961f,0.0846f,0.0267f,-0.0802f,0.0844f,0.9964f,-0.0109f,-0.2969f,-0.0275f,-0.0086f,-0.9996f,0.5737f,0f,0f,0f,1f],start_interpolation: 0,interpolation_duration: 1}
$data merge entity $(bone_barrel) {transformation: [-0.9961f,0.0846f,0.0267f,0.0218f,0.0844f,0.9964f,-0.0109f,-0.3867f,-0.0275f,-0.0086f,-0.9996f,0.5774f,0f,0f,0f,1f],start_interpolation: 0,interpolation_duration: 1}
$data merge entity $(bone_magazine) {transformation: [-0.9961f,0.0846f,0.0267f,-0.0863f,0.0844f,0.9964f,-0.0109f,-0.432f,-0.0275f,-0.0086f,-0.9996f,0.3779f,0f,0f,0f,1f],start_interpolation: 0,interpolation_duration: 1}
$data merge entity $(bone_grip) {transformation: [-0.9961f,0.0846f,0.0267f,-0.0863f,0.0844f,0.9964f,-0.0109f,-0.432f,-0.0275f,-0.0086f,-0.9996f,0.3779f,0f,0f,0f,1f],start_interpolation: 0,interpolation_duration: 1}
$data merge entity $(bone_trigger) {transformation: [-0.9961f,0.0846f,0.0267f,-0.0867f,0.0844f,0.9964f,-0.0109f,-0.4273f,-0.0275f,-0.0086f,-0.9996f,0.4085f,0f,0f,0f,1f],start_interpolation: 0,interpolation_duration: 1}
$data merge entity $(bone_trigger_gaurd) {transformation: [-0.9961f,0.0846f,0.0267f,-0.0852f,0.0844f,0.9964f,-0.0109f,-0.3982f,-0.0275f,-0.0086f,-0.9996f,0.4407f,0f,0f,0f,1f],start_interpolation: 0,interpolation_duration: 1}
$data merge entity $(bone_right_arm) {transformation: [-0.9961f,0.0267f,-0.0846f,-0.1136f,0.0844f,-0.0109f,-0.9964f,-0.4538f,-0.0275f,-0.9996f,0.0086f,0.0493f,0f,0f,0f,1f],start_interpolation: 0,interpolation_duration: 1}
$data merge entity $(bone_magazine1) {transformation: [0f,0f,0f,-0.1437f,0f,0f,0f,-0.3664f,0f,0f,0f,0.398f,0f,0f,0f,1f],start_interpolation: 0,interpolation_duration: 1}
$data merge entity $(bone_left_arm) {transformation: [-0.8223f,0.427f,0.3761f,0.0641f,-0.4015f,0.033f,-0.9153f,-0.4594f,-0.4032f,-0.9036f,0.1443f,0.0667f,0f,0f,0f,1f],start_interpolation: 0,interpolation_duration: 1}
data modify entity @s data merge value {"cameras":{},"locators":{"barrel1":{"px":-0.11099901292651781,"py":-0.34772618828581203,"pz":0.7359698812563851,"ry":1.5278084020985148,"rx":-0.6266569643074829}}}