# This file was generated by Animated Java via MC-Build. It is not recommended to edit this file directly.
$data merge entity $(bone_muzzleflash) {transformation: [0f,0f,0f,-0.2345f,0f,0f,0f,-0.7662f,0f,0f,0f,0.3973f,0f,0f,0f,1f],start_interpolation: 0,interpolation_duration: 1}
$data merge entity $(bone_slide) {transformation: [-0.996f,0.0847f,0.0293f,-0.0835f,0.0844f,0.9964f,-0.0111f,-0.2965f,-0.0301f,-0.0086f,-0.9995f,0.5736f,0f,0f,0f,1f],start_interpolation: 0,interpolation_duration: 1}
$data merge entity $(bone_barrel) {transformation: [-0.996f,0.0847f,0.0293f,0.0185f,0.0844f,0.9964f,-0.0111f,-0.3864f,-0.0301f,-0.0086f,-0.9995f,0.5776f,0f,0f,0f,1f],start_interpolation: 0,interpolation_duration: 1}
$data merge entity $(bone_magazine) {transformation: [-0.996f,0.0847f,0.0293f,-0.0891f,0.0844f,0.9964f,-0.0111f,-0.4317f,-0.0301f,-0.0086f,-0.9995f,0.3779f,0f,0f,0f,1f],start_interpolation: 0,interpolation_duration: 1}
$data merge entity $(bone_grip) {transformation: [-0.996f,0.0847f,0.0293f,-0.0891f,0.0844f,0.9964f,-0.0111f,-0.4317f,-0.0301f,-0.0086f,-0.9995f,0.3779f,0f,0f,0f,1f],start_interpolation: 0,interpolation_duration: 1}
$data merge entity $(bone_trigger) {transformation: [-0.996f,0.0847f,0.0293f,-0.0896f,0.0844f,0.9964f,-0.0111f,-0.427f,-0.0301f,-0.0086f,-0.9995f,0.4084f,0f,0f,0f,1f],start_interpolation: 0,interpolation_duration: 1}
$data merge entity $(bone_trigger_gaurd) {transformation: [-0.996f,0.0847f,0.0293f,-0.0881f,0.0844f,0.9964f,-0.0111f,-0.3979f,-0.0301f,-0.0086f,-0.9995f,0.4406f,0f,0f,0f,1f],start_interpolation: 0,interpolation_duration: 1}
$data merge entity $(bone_right_arm) {transformation: [-0.996f,0.0293f,-0.0847f,-0.1155f,0.0844f,-0.0111f,-0.9964f,-0.4536f,-0.0301f,-0.9995f,0.0086f,0.0491f,0f,0f,0f,1f],start_interpolation: 0,interpolation_duration: 1}
$data merge entity $(bone_magazine1) {transformation: [0f,0f,0f,-0.1466f,0f,0f,0f,-0.3661f,0f,0f,0f,0.3978f,0f,0f,0f,1f],start_interpolation: 0,interpolation_duration: 1}
$data merge entity $(bone_left_arm) {transformation: [-0.8213f,0.4294f,0.3757f,0.0622f,-0.4015f,0.0328f,-0.9153f,-0.4592f,-0.4053f,-0.9025f,0.1454f,0.067f,0f,0f,0f,1f],start_interpolation: 0,interpolation_duration: 1}
data modify entity @s data merge value {"cameras":{},"locators":{"barrel1":{"px":-0.11471684257544561,"py":-0.3473652426815234,"pz":0.7358306828894081,"ry":1.676956479260241,"rx":-0.6348205776783891}}}