# This file was generated by Animated Java via MC-Build. It is not recommended to edit this file directly.
$data merge entity $(bone_muzzleflash) {transformation: [0f,0f,0f,-0.2374f,0f,0f,0f,-0.7659f,0f,0f,0f,0.3969f,0f,0f,0f,1f],start_interpolation: 0,interpolation_duration: 1}
$data merge entity $(bone_slide) {transformation: [-0.9959f,0.0848f,0.0319f,-0.0869f,0.0845f,0.9964f,-0.0112f,-0.2962f,-0.0327f,-0.0085f,-0.9994f,0.5735f,0f,0f,0f,1f],start_interpolation: 0,interpolation_duration: 1}
$data merge entity $(bone_barrel) {transformation: [-0.9959f,0.0848f,0.0319f,0.0152f,0.0845f,0.9964f,-0.0112f,-0.3861f,-0.0327f,-0.0085f,-0.9994f,0.5778f,0f,0f,0f,1f],start_interpolation: 0,interpolation_duration: 1}
$data merge entity $(bone_magazine) {transformation: [-0.9959f,0.0848f,0.0319f,-0.0919f,0.0845f,0.9964f,-0.0112f,-0.4314f,-0.0327f,-0.0085f,-0.9994f,0.3778f,0f,0f,0f,1f],start_interpolation: 0,interpolation_duration: 1}
$data merge entity $(bone_grip) {transformation: [-0.9959f,0.0848f,0.0319f,-0.0919f,0.0845f,0.9964f,-0.0112f,-0.4314f,-0.0327f,-0.0085f,-0.9994f,0.3778f,0f,0f,0f,1f],start_interpolation: 0,interpolation_duration: 1}
$data merge entity $(bone_trigger) {transformation: [-0.9959f,0.0848f,0.0319f,-0.0925f,0.0845f,0.9964f,-0.0112f,-0.4267f,-0.0327f,-0.0085f,-0.9994f,0.4084f,0f,0f,0f,1f],start_interpolation: 0,interpolation_duration: 1}
$data merge entity $(bone_trigger_gaurd) {transformation: [-0.9959f,0.0848f,0.0319f,-0.0911f,0.0845f,0.9964f,-0.0112f,-0.3976f,-0.0327f,-0.0085f,-0.9994f,0.4406f,0f,0f,0f,1f],start_interpolation: 0,interpolation_duration: 1}
$data merge entity $(bone_right_arm) {transformation: [-0.9959f,0.0319f,-0.0848f,-0.1175f,0.0845f,-0.0112f,-0.9964f,-0.4533f,-0.0327f,-0.9994f,0.0085f,0.049f,0f,0f,0f,1f],start_interpolation: 0,interpolation_duration: 1}
$data merge entity $(bone_magazine1) {transformation: [0f,0f,0f,-0.1494f,0f,0f,0f,-0.3658f,0f,0f,0f,0.3975f,0f,0f,0f,1f],start_interpolation: 0,interpolation_duration: 1}
$data merge entity $(bone_left_arm) {transformation: [-0.8202f,0.4317f,0.3753f,0.0602f,-0.4015f,0.0327f,-0.9153f,-0.4589f,-0.4074f,-0.9014f,0.1465f,0.0674f,0f,0f,0f,1f],start_interpolation: 0,interpolation_duration: 1}
data modify entity @s data merge value {"cameras":{},"locators":{"barrel1":{"px":-0.11849446568637279,"py":-0.3470271347589827,"pz":0.7356819937485497,"ry":1.8284275555515705,"rx":-0.6414669897606762}}}