# This file was generated by Animated Java via MC-Build. It is not recommended to edit this file directly.
$data merge entity $(bone_muzzleflash) {transformation: [0f,0f,0f,-0.2403f,0f,0f,0f,-0.7656f,0f,0f,0f,0.3964f,0f,0f,0f,1f],start_interpolation: 0,interpolation_duration: 1}
$data merge entity $(bone_slide) {transformation: [-0.9958f,0.0849f,0.0346f,-0.0903f,0.0845f,0.9964f,-0.0113f,-0.2959f,-0.0354f,-0.0083f,-0.9993f,0.5735f,0f,0f,0f,1f],start_interpolation: 0,interpolation_duration: 1}
$data merge entity $(bone_barrel) {transformation: [-0.9958f,0.0849f,0.0346f,0.0118f,0.0845f,0.9964f,-0.0113f,-0.3858f,-0.0354f,-0.0083f,-0.9993f,0.578f,0f,0f,0f,1f],start_interpolation: 0,interpolation_duration: 1}
$data merge entity $(bone_magazine) {transformation: [-0.9958f,0.0849f,0.0346f,-0.0948f,0.0845f,0.9964f,-0.0113f,-0.4311f,-0.0354f,-0.0083f,-0.9993f,0.3777f,0f,0f,0f,1f],start_interpolation: 0,interpolation_duration: 1}
$data merge entity $(bone_grip) {transformation: [-0.9958f,0.0849f,0.0346f,-0.0948f,0.0845f,0.9964f,-0.0113f,-0.4311f,-0.0354f,-0.0083f,-0.9993f,0.3777f,0f,0f,0f,1f],start_interpolation: 0,interpolation_duration: 1}
$data merge entity $(bone_trigger) {transformation: [-0.9958f,0.0849f,0.0346f,-0.0955f,0.0845f,0.9964f,-0.0113f,-0.4264f,-0.0354f,-0.0083f,-0.9993f,0.4083f,0f,0f,0f,1f],start_interpolation: 0,interpolation_duration: 1}
$data merge entity $(bone_trigger_gaurd) {transformation: [-0.9958f,0.0849f,0.0346f,-0.0942f,0.0845f,0.9964f,-0.0113f,-0.3973f,-0.0354f,-0.0083f,-0.9993f,0.4405f,0f,0f,0f,1f],start_interpolation: 0,interpolation_duration: 1}
$data merge entity $(bone_right_arm) {transformation: [-0.9958f,0.0346f,-0.0849f,-0.1195f,0.0845f,-0.0113f,-0.9964f,-0.4531f,-0.0354f,-0.9993f,0.0083f,0.0489f,0f,0f,0f,1f],start_interpolation: 0,interpolation_duration: 1}
$data merge entity $(bone_magazine1) {transformation: [0f,0f,0f,-0.1524f,0f,0f,0f,-0.3655f,0f,0f,0f,0.3973f,0f,0f,0f,1f],start_interpolation: 0,interpolation_duration: 1}
$data merge entity $(bone_left_arm) {transformation: [-0.8192f,0.4342f,0.3748f,0.0581f,-0.4015f,0.0326f,-0.9153f,-0.4587f,-0.4096f,-0.9002f,0.1476f,0.0677f,0f,0f,0f,1f],start_interpolation: 0,interpolation_duration: 1}
data modify entity @s data merge value {"cameras":{},"locators":{"barrel1":{"px":-0.12231999567986569,"py":-0.3467147654162543,"pz":0.7355241053588664,"ry":1.9817539888291833,"rx":-0.6466048045079731}}}