# This file was generated by Animated Java via MC-Build. It is not recommended to edit this file directly.
$data merge entity $(bone_muzzleflash) {transformation: [0f,0f,0f,-0.2433f,0f,0f,0f,-0.7653f,0f,0f,0f,0.396f,0f,0f,0f,1f],start_interpolation: 0,interpolation_duration: 1}
$data merge entity $(bone_slide) {transformation: [-0.9957f,0.085f,0.0373f,-0.0937f,0.0846f,0.9963f,-0.0113f,-0.2956f,-0.0381f,-0.0081f,-0.9992f,0.5734f,0f,0f,0f,1f],start_interpolation: 0,interpolation_duration: 1}
$data merge entity $(bone_barrel) {transformation: [-0.9957f,0.085f,0.0373f,0.0083f,0.0846f,0.9963f,-0.0113f,-0.3855f,-0.0381f,-0.0081f,-0.9992f,0.5782f,0f,0f,0f,1f],start_interpolation: 0,interpolation_duration: 1}
$data merge entity $(bone_magazine) {transformation: [-0.9957f,0.085f,0.0373f,-0.0977f,0.0846f,0.9963f,-0.0113f,-0.4309f,-0.0381f,-0.0081f,-0.9992f,0.3776f,0f,0f,0f,1f],start_interpolation: 0,interpolation_duration: 1}
$data merge entity $(bone_grip) {transformation: [-0.9957f,0.085f,0.0373f,-0.0977f,0.0846f,0.9963f,-0.0113f,-0.4309f,-0.0381f,-0.0081f,-0.9992f,0.3776f,0f,0f,0f,1f],start_interpolation: 0,interpolation_duration: 1}
$data merge entity $(bone_trigger) {transformation: [-0.9957f,0.085f,0.0373f,-0.0985f,0.0846f,0.9963f,-0.0113f,-0.4262f,-0.0381f,-0.0081f,-0.9992f,0.4082f,0f,0f,0f,1f],start_interpolation: 0,interpolation_duration: 1}
$data merge entity $(bone_trigger_gaurd) {transformation: [-0.9957f,0.085f,0.0373f,-0.0972f,0.0846f,0.9963f,-0.0113f,-0.397f,-0.0381f,-0.0081f,-0.9992f,0.4404f,0f,0f,0f,1f],start_interpolation: 0,interpolation_duration: 1}
$data merge entity $(bone_right_arm) {transformation: [-0.9957f,0.0373f,-0.085f,-0.1215f,0.0846f,-0.0113f,-0.9963f,-0.4528f,-0.0381f,-0.9992f,0.0081f,0.0487f,0f,0f,0f,1f],start_interpolation: 0,interpolation_duration: 1}
$data merge entity $(bone_magazine1) {transformation: [0f,0f,0f,-0.1553f,0f,0f,0f,-0.3652f,0f,0f,0f,0.397f,0f,0f,0f,1f],start_interpolation: 0,interpolation_duration: 1}
$data merge entity $(bone_left_arm) {transformation: [-0.8181f,0.4366f,0.3743f,0.056f,-0.4014f,0.0325f,-0.9153f,-0.4585f,-0.4118f,-0.8991f,0.1487f,0.068f,0f,0f,0f,1f],start_interpolation: 0,interpolation_duration: 1}
data modify entity @s data merge value {"cameras":{},"locators":{"barrel1":{"px":-0.12618155245008852,"py":-0.3464310493092787,"pz":0.7353573674199527,"ry":2.1364683853462623,"rx":-0.6502415009793948}}}