# This file was generated by Animated Java via MC-Build. It is not recommended to edit this file directly.
$data merge entity $(bone_muzzleflash) {transformation: [0f,0f,0f,-0.2463f,0f,0f,0f,-0.7651f,0f,0f,0f,0.3955f,0f,0f,0f,1f],start_interpolation: 0,interpolation_duration: 1}
$data merge entity $(bone_slide) {transformation: [-0.9956f,0.0851f,0.04f,-0.0971f,0.0847f,0.9963f,-0.0114f,-0.2954f,-0.0408f,-0.0079f,-0.9991f,0.5733f,0f,0f,0f,1f],start_interpolation: 0,interpolation_duration: 1}
$data merge entity $(bone_barrel) {transformation: [-0.9956f,0.0851f,0.04f,0.0049f,0.0847f,0.9963f,-0.0114f,-0.3853f,-0.0408f,-0.0079f,-0.9991f,0.5784f,0f,0f,0f,1f],start_interpolation: 0,interpolation_duration: 1}
$data merge entity $(bone_magazine) {transformation: [-0.9956f,0.0851f,0.04f,-0.1006f,0.0847f,0.9963f,-0.0114f,-0.4306f,-0.0408f,-0.0079f,-0.9991f,0.3775f,0f,0f,0f,1f],start_interpolation: 0,interpolation_duration: 1}
$data merge entity $(bone_grip) {transformation: [-0.9956f,0.0851f,0.04f,-0.1006f,0.0847f,0.9963f,-0.0114f,-0.4306f,-0.0408f,-0.0079f,-0.9991f,0.3775f,0f,0f,0f,1f],start_interpolation: 0,interpolation_duration: 1}
$data merge entity $(bone_trigger) {transformation: [-0.9956f,0.0851f,0.04f,-0.1015f,0.0847f,0.9963f,-0.0114f,-0.4259f,-0.0408f,-0.0079f,-0.9991f,0.4081f,0f,0f,0f,1f],start_interpolation: 0,interpolation_duration: 1}
$data merge entity $(bone_trigger_gaurd) {transformation: [-0.9956f,0.0851f,0.04f,-0.1003f,0.0847f,0.9963f,-0.0114f,-0.3968f,-0.0408f,-0.0079f,-0.9991f,0.4403f,0f,0f,0f,1f],start_interpolation: 0,interpolation_duration: 1}
$data merge entity $(bone_right_arm) {transformation: [-0.9956f,0.04f,-0.0851f,-0.1235f,0.0847f,-0.0114f,-0.9963f,-0.4526f,-0.0408f,-0.9991f,0.0079f,0.0486f,0f,0f,0f,1f],start_interpolation: 0,interpolation_duration: 1}
$data merge entity $(bone_magazine1) {transformation: [0f,0f,0f,-0.1583f,0f,0f,0f,-0.365f,0f,0f,0f,0.3968f,0f,0f,0f,1f],start_interpolation: 0,interpolation_duration: 1}
$data merge entity $(bone_left_arm) {transformation: [-0.817f,0.439f,0.3738f,0.0539f,-0.4014f,0.0324f,-0.9154f,-0.4583f,-0.414f,-0.8979f,0.1497f,0.0684f,0f,0f,0f,1f],start_interpolation: 0,interpolation_duration: 1}
data modify entity @s data merge value {"cameras":{},"locators":{"barrel1":{"px":-0.13006726267716814,"py":-0.3461789165098987,"pz":0.7351821894427228,"ry":2.2921035674135624,"rx":-0.6523833026972436}}}