# This file was generated by Animated Java via MC-Build. It is not recommended to edit this file directly.
$data merge entity $(bone_muzzleflash) {transformation: [0f,0f,0f,-0.2493f,0f,0f,0f,-0.7649f,0f,0f,0f,0.395f,0f,0f,0f,1f],start_interpolation: 0,interpolation_duration: 1}
$data merge entity $(bone_slide) {transformation: [-0.9954f,0.0853f,0.0427f,-0.1006f,0.0849f,0.9963f,-0.0114f,-0.2952f,-0.0435f,-0.0077f,-0.999f,0.5732f,0f,0f,0f,1f],start_interpolation: 0,interpolation_duration: 1}
$data merge entity $(bone_barrel) {transformation: [-0.9954f,0.0853f,0.0427f,0.0014f,0.0849f,0.9963f,-0.0114f,-0.3851f,-0.0435f,-0.0077f,-0.999f,0.5786f,0f,0f,0f,1f],start_interpolation: 0,interpolation_duration: 1}
$data merge entity $(bone_magazine) {transformation: [-0.9954f,0.0853f,0.0427f,-0.1036f,0.0849f,0.9963f,-0.0114f,-0.4304f,-0.0435f,-0.0077f,-0.999f,0.3774f,0f,0f,0f,1f],start_interpolation: 0,interpolation_duration: 1}
$data merge entity $(bone_grip) {transformation: [-0.9954f,0.0853f,0.0427f,-0.1036f,0.0849f,0.9963f,-0.0114f,-0.4304f,-0.0435f,-0.0077f,-0.999f,0.3774f,0f,0f,0f,1f],start_interpolation: 0,interpolation_duration: 1}
$data merge entity $(bone_trigger) {transformation: [-0.9954f,0.0853f,0.0427f,-0.1045f,0.0849f,0.9963f,-0.0114f,-0.4257f,-0.0435f,-0.0077f,-0.999f,0.408f,0f,0f,0f,1f],start_interpolation: 0,interpolation_duration: 1}
$data merge entity $(bone_trigger_gaurd) {transformation: [-0.9954f,0.0853f,0.0427f,-0.1034f,0.0849f,0.9963f,-0.0114f,-0.3966f,-0.0435f,-0.0077f,-0.999f,0.4402f,0f,0f,0f,1f],start_interpolation: 0,interpolation_duration: 1}
$data merge entity $(bone_right_arm) {transformation: [-0.9954f,0.0427f,-0.0853f,-0.1256f,0.0849f,-0.0114f,-0.9963f,-0.4524f,-0.0435f,-0.999f,0.0077f,0.0484f,0f,0f,0f,1f],start_interpolation: 0,interpolation_duration: 1}
$data merge entity $(bone_magazine1) {transformation: [0f,0f,0f,-0.1613f,0f,0f,0f,-0.3648f,0f,0f,0f,0.3965f,0f,0f,0f,1f],start_interpolation: 0,interpolation_duration: 1}
$data merge entity $(bone_left_arm) {transformation: [-0.8159f,0.4415f,0.3733f,0.0519f,-0.4012f,0.0324f,-0.9154f,-0.4581f,-0.4162f,-0.8967f,0.1507f,0.0687f,0f,0f,0f,1f],start_interpolation: 0,interpolation_duration: 1}
data modify entity @s data merge value {"cameras":{},"locators":{"barrel1":{"px":-0.13396526012189935,"py":-0.3459613139189008,"pz":0.7349990419040041,"ry":2.448192541413448,"rx":-0.6530350662725349}}}