# This file was generated by Animated Java via MC-Build. It is not recommended to edit this file directly.
$data merge entity $(bone_muzzleflash) {transformation: [0f,0f,0f,-0.2524f,0f,0f,0f,-0.7647f,0f,0f,0f,0.3945f,0f,0f,0f,1f],start_interpolation: 0,interpolation_duration: 1}
$data merge entity $(bone_slide) {transformation: [-0.9953f,0.0854f,0.0454f,-0.104f,0.085f,0.9963f,-0.0114f,-0.295f,-0.0462f,-0.0075f,-0.9989f,0.5731f,0f,0f,0f,1f],start_interpolation: 0,interpolation_duration: 1}
$data merge entity $(bone_barrel) {transformation: [-0.9953f,0.0854f,0.0454f,-0.0021f,0.085f,0.9963f,-0.0114f,-0.3849f,-0.0462f,-0.0075f,-0.9989f,0.5788f,0f,0f,0f,1f],start_interpolation: 0,interpolation_duration: 1}
$data merge entity $(bone_magazine) {transformation: [-0.9953f,0.0854f,0.0454f,-0.1065f,0.085f,0.9963f,-0.0114f,-0.4302f,-0.0462f,-0.0075f,-0.9989f,0.3773f,0f,0f,0f,1f],start_interpolation: 0,interpolation_duration: 1}
$data merge entity $(bone_grip) {transformation: [-0.9953f,0.0854f,0.0454f,-0.1065f,0.085f,0.9963f,-0.0114f,-0.4302f,-0.0462f,-0.0075f,-0.9989f,0.3773f,0f,0f,0f,1f],start_interpolation: 0,interpolation_duration: 1}
$data merge entity $(bone_trigger) {transformation: [-0.9953f,0.0854f,0.0454f,-0.1075f,0.085f,0.9963f,-0.0114f,-0.4255f,-0.0462f,-0.0075f,-0.9989f,0.4079f,0f,0f,0f,1f],start_interpolation: 0,interpolation_duration: 1}
$data merge entity $(bone_trigger_gaurd) {transformation: [-0.9953f,0.0854f,0.0454f,-0.1065f,0.085f,0.9963f,-0.0114f,-0.3964f,-0.0462f,-0.0075f,-0.9989f,0.4401f,0f,0f,0f,1f],start_interpolation: 0,interpolation_duration: 1}
$data merge entity $(bone_right_arm) {transformation: [-0.9953f,0.0454f,-0.0854f,-0.1276f,0.085f,-0.0114f,-0.9963f,-0.4522f,-0.0462f,-0.9989f,0.0075f,0.0482f,0f,0f,0f,1f],start_interpolation: 0,interpolation_duration: 1}
$data merge entity $(bone_magazine1) {transformation: [0f,0f,0f,-0.1642f,0f,0f,0f,-0.3646f,0f,0f,0f,0.3963f,0f,0f,0f,1f],start_interpolation: 0,interpolation_duration: 1}
$data merge entity $(bone_left_arm) {transformation: [-0.8149f,0.4439f,0.3727f,0.0498f,-0.4011f,0.0323f,-0.9155f,-0.4579f,-0.4184f,-0.8955f,0.1517f,0.069f,0f,0f,0f,1f],start_interpolation: 0,interpolation_duration: 1}
data modify entity @s data merge value {"cameras":{},"locators":{"barrel1":{"px":-0.13786368589411324,"py":-0.3457812064342786,"pz":0.7348084569194515,"ry":2.6042684661464364,"rx":-0.6522001892921422}}}