# This file was generated by Animated Java via MC-Build. It is not recommended to edit this file directly.
$data merge entity $(bone_muzzleflash) {transformation: [0f,0f,0f,-0.2554f,0f,0f,0f,-0.7645f,0f,0f,0f,0.394f,0f,0f,0f,1f],start_interpolation: 0,interpolation_duration: 1}
$data merge entity $(bone_slide) {transformation: [-0.9952f,0.0856f,0.0481f,-0.1075f,0.0852f,0.9963f,-0.0113f,-0.2949f,-0.0489f,-0.0072f,-0.9988f,0.573f,0f,0f,0f,1f],start_interpolation: 0,interpolation_duration: 1}
$data merge entity $(bone_barrel) {transformation: [-0.9952f,0.0856f,0.0481f,-0.0056f,0.0852f,0.9963f,-0.0113f,-0.3848f,-0.0489f,-0.0072f,-0.9988f,0.5789f,0f,0f,0f,1f],start_interpolation: 0,interpolation_duration: 1}
$data merge entity $(bone_magazine) {transformation: [-0.9952f,0.0856f,0.0481f,-0.1094f,0.0852f,0.9963f,-0.0113f,-0.4301f,-0.0489f,-0.0072f,-0.9988f,0.3772f,0f,0f,0f,1f],start_interpolation: 0,interpolation_duration: 1}
$data merge entity $(bone_grip) {transformation: [-0.9952f,0.0856f,0.0481f,-0.1094f,0.0852f,0.9963f,-0.0113f,-0.4301f,-0.0489f,-0.0072f,-0.9988f,0.3772f,0f,0f,0f,1f],start_interpolation: 0,interpolation_duration: 1}
$data merge entity $(bone_trigger) {transformation: [-0.9952f,0.0856f,0.0481f,-0.1105f,0.0852f,0.9963f,-0.0113f,-0.4254f,-0.0489f,-0.0072f,-0.9988f,0.4078f,0f,0f,0f,1f],start_interpolation: 0,interpolation_duration: 1}
$data merge entity $(bone_trigger_gaurd) {transformation: [-0.9952f,0.0856f,0.0481f,-0.1096f,0.0852f,0.9963f,-0.0113f,-0.3962f,-0.0489f,-0.0072f,-0.9988f,0.44f,0f,0f,0f,1f],start_interpolation: 0,interpolation_duration: 1}
$data merge entity $(bone_right_arm) {transformation: [-0.9952f,0.0481f,-0.0856f,-0.1297f,0.0852f,-0.0113f,-0.9963f,-0.452f,-0.0489f,-0.9988f,0.0072f,0.0481f,0f,0f,0f,1f],start_interpolation: 0,interpolation_duration: 1}
$data merge entity $(bone_magazine1) {transformation: [0f,0f,0f,-0.1672f,0f,0f,0f,-0.3644f,0f,0f,0f,0.396f,0f,0f,0f,1f],start_interpolation: 0,interpolation_duration: 1}
$data merge entity $(bone_left_arm) {transformation: [-0.8138f,0.4464f,0.3722f,0.0477f,-0.401f,0.0323f,-0.9155f,-0.4578f,-0.4207f,-0.8943f,0.1527f,0.0693f,0f,0f,0f,1f],start_interpolation: 0,interpolation_duration: 1}
data modify entity @s data merge value {"cameras":{},"locators":{"barrel1":{"px":-0.1417506886856868,"py":-0.34564157787500555,"pz":0.7346110284354324,"ry":2.7598646214797498,"rx":-0.649880537458468}}}