# This file was generated by Animated Java via MC-Build. It is not recommended to edit this file directly.
$data merge entity $(bone_muzzleflash) {transformation: [0f,0f,0f,-0.2123f,0f,0f,0f,-0.7455f,0f,0f,0f,0.3986f,0f,0f,0f,1f],start_interpolation: 0,interpolation_duration: 1}
$data merge entity $(bone_slide) {transformation: [-0.9944f,0.1061f,-0.0013f,-0.0459f,0.1061f,0.9941f,-0.0204f,-0.2777f,-0.0009f,-0.0205f,-0.9998f,0.5658f,0f,0f,0f,1f],start_interpolation: 0,interpolation_duration: 1}
$data merge entity $(bone_barrel) {transformation: [-0.9944f,0.1061f,-0.0013f,0.0543f,0.1061f,0.9941f,-0.0204f,-0.3698f,-0.0009f,-0.0205f,-0.9998f,0.5676f,0f,0f,0f,1f],start_interpolation: 0,interpolation_duration: 1}
$data merge entity $(bone_magazine) {transformation: [-0.9944f,0.1061f,-0.0013f,-0.0603f,0.1061f,0.9941f,-0.0204f,-0.4145f,-0.0009f,-0.0205f,-0.9998f,0.3716f,0f,0f,0f,1f],start_interpolation: 0,interpolation_duration: 1}
$data merge entity $(bone_grip) {transformation: [-0.9944f,0.1061f,-0.0013f,-0.0603f,0.1061f,0.9941f,-0.0204f,-0.4145f,-0.0009f,-0.0205f,-0.9998f,0.3716f,0f,0f,0f,1f],start_interpolation: 0,interpolation_duration: 1}
$data merge entity $(bone_trigger) {transformation: [-0.9944f,0.1061f,-0.0013f,-0.0598f,0.1061f,0.9941f,-0.0204f,-0.4095f,-0.0009f,-0.0205f,-0.9998f,0.4022f,0f,0f,0f,1f],start_interpolation: 0,interpolation_duration: 1}
$data merge entity $(bone_trigger_gaurd) {transformation: [-0.9944f,0.1061f,-0.0013f,-0.0567f,0.1061f,0.9941f,-0.0204f,-0.3801f,-0.0009f,-0.0205f,-0.9998f,0.434f,0f,0f,0f,1f],start_interpolation: 0,interpolation_duration: 1}
$data merge entity $(bone_right_arm) {transformation: [-0.9944f,-0.0013f,-0.1061f,-0.0972f,0.1061f,-0.0204f,-0.9941f,-0.4386f,-0.0009f,-0.9998f,0.0205f,0.0441f,0f,0f,0f,1f],start_interpolation: 0,interpolation_duration: 1}
$data merge entity $(bone_magazine1) {transformation: [0f,0f,0f,-0.1157f,0f,0f,0f,-0.3474f,0f,0f,0f,0.3926f,0f,0f,0f,1f],start_interpolation: 0,interpolation_duration: 1}
$data merge entity $(bone_left_arm) {transformation: [-0.8418f,0.4024f,0.3598f,0.0808f,-0.3868f,0.0155f,-0.922f,-0.448f,-0.3766f,-0.9153f,0.1426f,0.0567f,0f,0f,0f,1f],start_interpolation: 0,interpolation_duration: 1}
data modify entity @s data merge value {"cameras":{},"locators":{"barrel1":{"px":-0.07325214214710427,"py":-0.32646607894966473,"pz":0.7293914133063979,"ry":359.92454763826686,"rx":-1.170458746339555}}}