# This file was generated by Animated Java via MC-Build. It is not recommended to edit this file directly.
$data merge entity $(bone_muzzleflash) {transformation: [0f,0f,0f,-0.2584f,0f,0f,0f,-0.7643f,0f,0f,0f,0.3934f,0f,0f,0f,1f],start_interpolation: 0,interpolation_duration: 1}
$data merge entity $(bone_slide) {transformation: [-0.995f,0.0858f,0.0508f,-0.1109f,0.0853f,0.9963f,-0.0113f,-0.2948f,-0.0516f,-0.0069f,-0.9986f,0.5729f,0f,0f,0f,1f],start_interpolation: 0,interpolation_duration: 1}
$data merge entity $(bone_barrel) {transformation: [-0.995f,0.0858f,0.0508f,-0.009f,0.0853f,0.9963f,-0.0113f,-0.3847f,-0.0516f,-0.0069f,-0.9986f,0.5791f,0f,0f,0f,1f],start_interpolation: 0,interpolation_duration: 1}
$data merge entity $(bone_magazine) {transformation: [-0.995f,0.0858f,0.0508f,-0.1123f,0.0853f,0.9963f,-0.0113f,-0.43f,-0.0516f,-0.0069f,-0.9986f,0.3771f,0f,0f,0f,1f],start_interpolation: 0,interpolation_duration: 1}
$data merge entity $(bone_grip) {transformation: [-0.995f,0.0858f,0.0508f,-0.1123f,0.0853f,0.9963f,-0.0113f,-0.43f,-0.0516f,-0.0069f,-0.9986f,0.3771f,0f,0f,0f,1f],start_interpolation: 0,interpolation_duration: 1}
$data merge entity $(bone_trigger) {transformation: [-0.995f,0.0858f,0.0508f,-0.1135f,0.0853f,0.9963f,-0.0113f,-0.4253f,-0.0516f,-0.0069f,-0.9986f,0.4077f,0f,0f,0f,1f],start_interpolation: 0,interpolation_duration: 1}
$data merge entity $(bone_trigger_gaurd) {transformation: [-0.995f,0.0858f,0.0508f,-0.1127f,0.0853f,0.9963f,-0.0113f,-0.3961f,-0.0516f,-0.0069f,-0.9986f,0.4399f,0f,0f,0f,1f],start_interpolation: 0,interpolation_duration: 1}
$data merge entity $(bone_right_arm) {transformation: [-0.995f,0.0508f,-0.0858f,-0.1317f,0.0853f,-0.0113f,-0.9963f,-0.4519f,-0.0516f,-0.9986f,0.0069f,0.0479f,0f,0f,0f,1f],start_interpolation: 0,interpolation_duration: 1}
$data merge entity $(bone_magazine1) {transformation: [0f,0f,0f,-0.1702f,0f,0f,0f,-0.3643f,0f,0f,0f,0.3957f,0f,0f,0f,1f],start_interpolation: 0,interpolation_duration: 1}
$data merge entity $(bone_left_arm) {transformation: [-0.8127f,0.4488f,0.3716f,0.0456f,-0.4008f,0.0323f,-0.9156f,-0.4576f,-0.4229f,-0.8931f,0.1536f,0.0696f,0f,0f,0f,1f],start_interpolation: 0,interpolation_duration: 1}
data modify entity @s data merge value {"cameras":{},"locators":{"barrel1":{"px":-0.14561442495896237,"py":-0.34554543166067153,"pz":0.7344074119406703,"ry":2.9145143772599624,"rx":-0.6460763909692653}}}