# This file was generated by Animated Java via MC-Build. It is not recommended to edit this file directly.
$data merge entity $(bone_muzzleflash) {transformation: [0f,0f,0f,-0.2614f,0f,0f,0f,-0.7642f,0f,0f,0f,0.3929f,0f,0f,0f,1f],start_interpolation: 0,interpolation_duration: 1}
$data merge entity $(bone_slide) {transformation: [-0.9949f,0.086f,0.0535f,-0.1143f,0.0855f,0.9963f,-0.0112f,-0.2947f,-0.0543f,-0.0066f,-0.9985f,0.5728f,0f,0f,0f,1f],start_interpolation: 0,interpolation_duration: 1}
$data merge entity $(bone_barrel) {transformation: [-0.9949f,0.086f,0.0535f,-0.0124f,0.0855f,0.9963f,-0.0112f,-0.3847f,-0.0543f,-0.0066f,-0.9985f,0.5792f,0f,0f,0f,1f],start_interpolation: 0,interpolation_duration: 1}
$data merge entity $(bone_magazine) {transformation: [-0.9949f,0.086f,0.0535f,-0.1152f,0.0855f,0.9963f,-0.0112f,-0.4299f,-0.0543f,-0.0066f,-0.9985f,0.377f,0f,0f,0f,1f],start_interpolation: 0,interpolation_duration: 1}
$data merge entity $(bone_grip) {transformation: [-0.9949f,0.086f,0.0535f,-0.1152f,0.0855f,0.9963f,-0.0112f,-0.4299f,-0.0543f,-0.0066f,-0.9985f,0.377f,0f,0f,0f,1f],start_interpolation: 0,interpolation_duration: 1}
$data merge entity $(bone_trigger) {transformation: [-0.9949f,0.086f,0.0535f,-0.1165f,0.0855f,0.9963f,-0.0112f,-0.4252f,-0.0543f,-0.0066f,-0.9985f,0.4075f,0f,0f,0f,1f],start_interpolation: 0,interpolation_duration: 1}
$data merge entity $(bone_trigger_gaurd) {transformation: [-0.9949f,0.086f,0.0535f,-0.1157f,0.0855f,0.9963f,-0.0112f,-0.3961f,-0.0543f,-0.0066f,-0.9985f,0.4397f,0f,0f,0f,1f],start_interpolation: 0,interpolation_duration: 1}
$data merge entity $(bone_right_arm) {transformation: [-0.9949f,0.0535f,-0.086f,-0.1337f,0.0855f,-0.0112f,-0.9963f,-0.4517f,-0.0543f,-0.9985f,0.0066f,0.0477f,0f,0f,0f,1f],start_interpolation: 0,interpolation_duration: 1}
$data merge entity $(bone_magazine1) {transformation: [0f,0f,0f,-0.1731f,0f,0f,0f,-0.3642f,0f,0f,0f,0.3955f,0f,0f,0f,1f],start_interpolation: 0,interpolation_duration: 1}
$data merge entity $(bone_left_arm) {transformation: [-0.8116f,0.4512f,0.371f,0.0435f,-0.4006f,0.0323f,-0.9157f,-0.4576f,-0.4251f,-0.8918f,0.1545f,0.0699f,0f,0f,0f,1f],start_interpolation: 0,interpolation_duration: 1}
data modify entity @s data merge value {"cameras":{},"locators":{"barrel1":{"px":-0.14944305908125935,"py":-0.34549579124741503,"pz":0.7341983236985707,"ry":3.067751162444722,"rx":-0.6407864101217386}}}