# This file was generated by Animated Java via MC-Build. It is not recommended to edit this file directly.
$data merge entity $(bone_muzzleflash) {transformation: [0f,0f,0f,-0.2643f,0f,0f,0f,-0.7642f,0f,0f,0f,0.3923f,0f,0f,0f,1f],start_interpolation: 0,interpolation_duration: 1}
$data merge entity $(bone_slide) {transformation: [-0.9947f,0.0862f,0.0562f,-0.1176f,0.0857f,0.9963f,-0.0111f,-0.2947f,-0.0569f,-0.0062f,-0.9984f,0.5727f,0f,0f,0f,1f],start_interpolation: 0,interpolation_duration: 1}
$data merge entity $(bone_barrel) {transformation: [-0.9947f,0.0862f,0.0562f,-0.0158f,0.0857f,0.9963f,-0.0111f,-0.3847f,-0.0569f,-0.0062f,-0.9984f,0.5794f,0f,0f,0f,1f],start_interpolation: 0,interpolation_duration: 1}
$data merge entity $(bone_magazine) {transformation: [-0.9947f,0.0862f,0.0562f,-0.1181f,0.0857f,0.9963f,-0.0111f,-0.4298f,-0.0569f,-0.0062f,-0.9984f,0.3768f,0f,0f,0f,1f],start_interpolation: 0,interpolation_duration: 1}
$data merge entity $(bone_grip) {transformation: [-0.9947f,0.0862f,0.0562f,-0.1181f,0.0857f,0.9963f,-0.0111f,-0.4298f,-0.0569f,-0.0062f,-0.9984f,0.3768f,0f,0f,0f,1f],start_interpolation: 0,interpolation_duration: 1}
$data merge entity $(bone_trigger) {transformation: [-0.9947f,0.0862f,0.0562f,-0.1194f,0.0857f,0.9963f,-0.0111f,-0.4251f,-0.0569f,-0.0062f,-0.9984f,0.4074f,0f,0f,0f,1f],start_interpolation: 0,interpolation_duration: 1}
$data merge entity $(bone_trigger_gaurd) {transformation: [-0.9947f,0.0862f,0.0562f,-0.1187f,0.0857f,0.9963f,-0.0111f,-0.396f,-0.0569f,-0.0062f,-0.9984f,0.4396f,0f,0f,0f,1f],start_interpolation: 0,interpolation_duration: 1}
$data merge entity $(bone_right_arm) {transformation: [-0.9947f,0.0562f,-0.0862f,-0.1357f,0.0857f,-0.0111f,-0.9963f,-0.4517f,-0.0569f,-0.9984f,0.0062f,0.0475f,0f,0f,0f,1f],start_interpolation: 0,interpolation_duration: 1}
$data merge entity $(bone_magazine1) {transformation: [0f,0f,0f,-0.176f,0f,0f,0f,-0.3642f,0f,0f,0f,0.3952f,0f,0f,0f,1f],start_interpolation: 0,interpolation_duration: 1}
$data merge entity $(bone_left_arm) {transformation: [-0.8106f,0.4535f,0.3705f,0.0415f,-0.4004f,0.0323f,-0.9157f,-0.4575f,-0.4273f,-0.8906f,0.1554f,0.0702f,0f,0f,0f,1f],start_interpolation: 0,interpolation_duration: 1}
data modify entity @s data merge value {"cameras":{},"locators":{"barrel1":{"px":-0.15322476339621638,"py":-0.34549570032064725,"pz":0.7339845395012579,"ry":3.2191084344025285,"rx":-0.6340076201215257}}}