# This file was generated by Animated Java via MC-Build. It is not recommended to edit this file directly.
$data merge entity $(bone_muzzleflash) {transformation: [0f,0f,0f,-0.2672f,0f,0f,0f,-0.7642f,0f,0f,0f,0.3917f,0f,0f,0f,1f],start_interpolation: 0,interpolation_duration: 1}
$data merge entity $(bone_slide) {transformation: [-0.9945f,0.0864f,0.0587f,-0.1209f,0.0859f,0.9962f,-0.0109f,-0.2947f,-0.0595f,-0.0058f,-0.9982f,0.5725f,0f,0f,0f,1f],start_interpolation: 0,interpolation_duration: 1}
$data merge entity $(bone_barrel) {transformation: [-0.9945f,0.0864f,0.0587f,-0.0191f,0.0859f,0.9962f,-0.0109f,-0.3847f,-0.0595f,-0.0058f,-0.9982f,0.5795f,0f,0f,0f,1f],start_interpolation: 0,interpolation_duration: 1}
$data merge entity $(bone_magazine) {transformation: [-0.9945f,0.0864f,0.0587f,-0.1209f,0.0859f,0.9962f,-0.0109f,-0.4298f,-0.0595f,-0.0058f,-0.9982f,0.3767f,0f,0f,0f,1f],start_interpolation: 0,interpolation_duration: 1}
$data merge entity $(bone_grip) {transformation: [-0.9945f,0.0864f,0.0587f,-0.1209f,0.0859f,0.9962f,-0.0109f,-0.4298f,-0.0595f,-0.0058f,-0.9982f,0.3767f,0f,0f,0f,1f],start_interpolation: 0,interpolation_duration: 1}
$data merge entity $(bone_trigger) {transformation: [-0.9945f,0.0864f,0.0587f,-0.1223f,0.0859f,0.9962f,-0.0109f,-0.4252f,-0.0595f,-0.0058f,-0.9982f,0.4073f,0f,0f,0f,1f],start_interpolation: 0,interpolation_duration: 1}
$data merge entity $(bone_trigger_gaurd) {transformation: [-0.9945f,0.0864f,0.0587f,-0.1217f,0.0859f,0.9962f,-0.0109f,-0.396f,-0.0595f,-0.0058f,-0.9982f,0.4395f,0f,0f,0f,1f],start_interpolation: 0,interpolation_duration: 1}
$data merge entity $(bone_right_arm) {transformation: [-0.9945f,0.0587f,-0.0864f,-0.1376f,0.0859f,-0.0109f,-0.9962f,-0.4516f,-0.0595f,-0.9982f,0.0058f,0.0473f,0f,0f,0f,1f],start_interpolation: 0,interpolation_duration: 1}
$data merge entity $(bone_magazine1) {transformation: [0f,0f,0f,-0.1788f,0f,0f,0f,-0.3641f,0f,0f,0f,0.3949f,0f,0f,0f,1f],start_interpolation: 0,interpolation_duration: 1}
$data merge entity $(bone_left_arm) {transformation: [-0.8095f,0.4559f,0.3699f,0.0394f,-0.4002f,0.0324f,-0.9158f,-0.4575f,-0.4295f,-0.8895f,0.1562f,0.0705f,0f,0f,0f,1f],start_interpolation: 0,interpolation_duration: 1}
data modify entity @s data merge value {"cameras":{},"locators":{"barrel1":{"px":-0.15694771822288006,"py":-0.34554822274512453,"pz":0.7337668929464642,"ry":3.36811964832566,"rx":-0.6257354150738262}}}