# This file was generated by Animated Java via MC-Build. It is not recommended to edit this file directly.
$data merge entity $(bone_muzzleflash) {transformation: [0f,0f,0f,-0.2701f,0f,0f,0f,-0.7642f,0f,0f,0f,0.3912f,0f,0f,0f,1f],start_interpolation: 0,interpolation_duration: 1}
$data merge entity $(bone_slide) {transformation: [-0.9944f,0.0865f,0.0613f,-0.1242f,0.086f,0.9962f,-0.0108f,-0.2948f,-0.062f,-0.0054f,-0.9981f,0.5724f,0f,0f,0f,1f],start_interpolation: 0,interpolation_duration: 1}
$data merge entity $(bone_barrel) {transformation: [-0.9944f,0.0865f,0.0613f,-0.0224f,0.086f,0.9962f,-0.0108f,-0.3848f,-0.062f,-0.0054f,-0.9981f,0.5796f,0f,0f,0f,1f],start_interpolation: 0,interpolation_duration: 1}
$data merge entity $(bone_magazine) {transformation: [-0.9944f,0.0865f,0.0613f,-0.1236f,0.086f,0.9962f,-0.0108f,-0.4299f,-0.062f,-0.0054f,-0.9981f,0.3766f,0f,0f,0f,1f],start_interpolation: 0,interpolation_duration: 1}
$data merge entity $(bone_grip) {transformation: [-0.9944f,0.0865f,0.0613f,-0.1236f,0.086f,0.9962f,-0.0108f,-0.4299f,-0.062f,-0.0054f,-0.9981f,0.3766f,0f,0f,0f,1f],start_interpolation: 0,interpolation_duration: 1}
$data merge entity $(bone_trigger) {transformation: [-0.9944f,0.0865f,0.0613f,-0.1251f,0.086f,0.9962f,-0.0108f,-0.4252f,-0.062f,-0.0054f,-0.9981f,0.4071f,0f,0f,0f,1f],start_interpolation: 0,interpolation_duration: 1}
$data merge entity $(bone_trigger_gaurd) {transformation: [-0.9944f,0.0865f,0.0613f,-0.1246f,0.086f,0.9962f,-0.0108f,-0.3961f,-0.062f,-0.0054f,-0.9981f,0.4393f,0f,0f,0f,1f],start_interpolation: 0,interpolation_duration: 1}
$data merge entity $(bone_right_arm) {transformation: [-0.9944f,0.0613f,-0.0865f,-0.1395f,0.086f,-0.0108f,-0.9962f,-0.4516f,-0.062f,-0.9981f,0.0054f,0.0471f,0f,0f,0f,1f],start_interpolation: 0,interpolation_duration: 1}
$data merge entity $(bone_magazine1) {transformation: [0f,0f,0f,-0.1816f,0f,0f,0f,-0.3642f,0f,0f,0f,0.3946f,0f,0f,0f,1f],start_interpolation: 0,interpolation_duration: 1}
$data merge entity $(bone_left_arm) {transformation: [-0.8085f,0.4581f,0.3694f,0.0375f,-0.4f,0.0325f,-0.9159f,-0.4575f,-0.4316f,-0.8883f,0.157f,0.0707f,0f,0f,0f,1f],start_interpolation: 0,interpolation_duration: 1}
data modify entity @s data merge value {"cameras":{},"locators":{"barrel1":{"px":-0.16060011177376718,"py":-0.34565644227297954,"pz":0.733546273238494,"ry":3.5143182266973554,"rx":-0.6159635811309592}}}