# This file was generated by Animated Java via MC-Build. It is not recommended to edit this file directly.
$data merge entity $(bone_muzzleflash) {transformation: [0f,0f,0f,-0.2729f,0f,0f,0f,-0.7643f,0f,0f,0f,0.3906f,0f,0f,0f,1f],start_interpolation: 0,interpolation_duration: 1}
$data merge entity $(bone_slide) {transformation: [-0.9942f,0.0867f,0.0638f,-0.1273f,0.0862f,0.9962f,-0.0106f,-0.2949f,-0.0645f,-0.005f,-0.9979f,0.5723f,0f,0f,0f,1f],start_interpolation: 0,interpolation_duration: 1}
$data merge entity $(bone_barrel) {transformation: [-0.9942f,0.0867f,0.0638f,-0.0256f,0.0862f,0.9962f,-0.0106f,-0.385f,-0.0645f,-0.005f,-0.9979f,0.5798f,0f,0f,0f,1f],start_interpolation: 0,interpolation_duration: 1}
$data merge entity $(bone_magazine) {transformation: [-0.9942f,0.0867f,0.0638f,-0.1263f,0.0862f,0.9962f,-0.0106f,-0.43f,-0.0645f,-0.005f,-0.9979f,0.3764f,0f,0f,0f,1f],start_interpolation: 0,interpolation_duration: 1}
$data merge entity $(bone_grip) {transformation: [-0.9942f,0.0867f,0.0638f,-0.1263f,0.0862f,0.9962f,-0.0106f,-0.43f,-0.0645f,-0.005f,-0.9979f,0.3764f,0f,0f,0f,1f],start_interpolation: 0,interpolation_duration: 1}
$data merge entity $(bone_trigger) {transformation: [-0.9942f,0.0867f,0.0638f,-0.1279f,0.0862f,0.9962f,-0.0106f,-0.4253f,-0.0645f,-0.005f,-0.9979f,0.407f,0f,0f,0f,1f],start_interpolation: 0,interpolation_duration: 1}
$data merge entity $(bone_trigger_gaurd) {transformation: [-0.9942f,0.0867f,0.0638f,-0.1275f,0.0862f,0.9962f,-0.0106f,-0.3962f,-0.0645f,-0.005f,-0.9979f,0.4392f,0f,0f,0f,1f],start_interpolation: 0,interpolation_duration: 1}
$data merge entity $(bone_right_arm) {transformation: [-0.9942f,0.0638f,-0.0867f,-0.1414f,0.0862f,-0.0106f,-0.9962f,-0.4516f,-0.0645f,-0.9979f,0.005f,0.047f,0f,0f,0f,1f],start_interpolation: 0,interpolation_duration: 1}
$data merge entity $(bone_magazine1) {transformation: [0f,0f,0f,-0.1843f,0f,0f,0f,-0.3643f,0f,0f,0f,0.3943f,0f,0f,0f,1f],start_interpolation: 0,interpolation_duration: 1}
$data merge entity $(bone_left_arm) {transformation: [-0.8075f,0.4604f,0.3688f,0.0355f,-0.3998f,0.0326f,-0.916f,-0.4576f,-0.4337f,-0.8871f,0.1577f,0.071f,0f,0f,0f,1f],start_interpolation: 0,interpolation_duration: 1}
data modify entity @s data merge value {"cameras":{},"locators":{"barrel1":{"px":-0.16417013998357535,"py":-0.34582346201036007,"pz":0.7333236225145473,"ry":3.657237528752802,"rx":-0.6046843387682184}}}