# This file was generated by Animated Java via MC-Build. It is not recommended to edit this file directly.
$data merge entity $(bone_muzzleflash) {transformation: [0f,0f,0f,-0.2756f,0f,0f,0f,-0.7644f,0f,0f,0f,0.39f,0f,0f,0f,1f],start_interpolation: 0,interpolation_duration: 1}
$data merge entity $(bone_slide) {transformation: [-0.994f,0.0869f,0.0662f,-0.1304f,0.0864f,0.9962f,-0.0103f,-0.2951f,-0.0669f,-0.0045f,-0.9978f,0.5722f,0f,0f,0f,1f],start_interpolation: 0,interpolation_duration: 1}
$data merge entity $(bone_barrel) {transformation: [-0.994f,0.0869f,0.0662f,-0.0287f,0.0864f,0.9962f,-0.0103f,-0.3852f,-0.0669f,-0.0045f,-0.9978f,0.5799f,0f,0f,0f,1f],start_interpolation: 0,interpolation_duration: 1}
$data merge entity $(bone_magazine) {transformation: [-0.994f,0.0869f,0.0662f,-0.1289f,0.0864f,0.9962f,-0.0103f,-0.4301f,-0.0669f,-0.0045f,-0.9978f,0.3763f,0f,0f,0f,1f],start_interpolation: 0,interpolation_duration: 1}
$data merge entity $(bone_grip) {transformation: [-0.994f,0.0869f,0.0662f,-0.1289f,0.0864f,0.9962f,-0.0103f,-0.4301f,-0.0669f,-0.0045f,-0.9978f,0.3763f,0f,0f,0f,1f],start_interpolation: 0,interpolation_duration: 1}
$data merge entity $(bone_trigger) {transformation: [-0.994f,0.0869f,0.0662f,-0.1306f,0.0864f,0.9962f,-0.0103f,-0.4255f,-0.0669f,-0.0045f,-0.9978f,0.4068f,0f,0f,0f,1f],start_interpolation: 0,interpolation_duration: 1}
$data merge entity $(bone_trigger_gaurd) {transformation: [-0.994f,0.0869f,0.0662f,-0.1302f,0.0864f,0.9962f,-0.0103f,-0.3964f,-0.0669f,-0.0045f,-0.9978f,0.439f,0f,0f,0f,1f],start_interpolation: 0,interpolation_duration: 1}
$data merge entity $(bone_right_arm) {transformation: [-0.994f,0.0662f,-0.0869f,-0.1432f,0.0864f,-0.0103f,-0.9962f,-0.4517f,-0.0669f,-0.9978f,0.0045f,0.0468f,0f,0f,0f,1f],start_interpolation: 0,interpolation_duration: 1}
$data merge entity $(bone_magazine1) {transformation: [0f,0f,0f,-0.187f,0f,0f,0f,-0.3644f,0f,0f,0f,0.3941f,0f,0f,0f,1f],start_interpolation: 0,interpolation_duration: 1}
$data merge entity $(bone_left_arm) {transformation: [-0.8065f,0.4625f,0.3683f,0.0336f,-0.3996f,0.0327f,-0.9161f,-0.4577f,-0.4358f,-0.886f,0.1584f,0.0712f,0f,0f,0f,1f],start_interpolation: 0,interpolation_duration: 1}
data modify entity @s data merge value {"cameras":{},"locators":{"barrel1":{"px":-0.16764600624078027,"py":-0.3460524036433513,"pz":0.7330999326977379,"ry":3.7964108198731026,"rx":-0.591888404158247}}}