# This file was generated by Animated Java via MC-Build. It is not recommended to edit this file directly.
$data merge entity $(bone_muzzleflash) {transformation: [0f,0f,0f,-0.2782f,0f,0f,0f,-0.7646f,0f,0f,0f,0.3894f,0f,0f,0f,1f],start_interpolation: 0,interpolation_duration: 1}
$data merge entity $(bone_slide) {transformation: [-0.9938f,0.0871f,0.0686f,-0.1334f,0.0866f,0.9962f,-0.0101f,-0.2954f,-0.0692f,-0.0041f,-0.9976f,0.5721f,0f,0f,0f,1f],start_interpolation: 0,interpolation_duration: 1}
$data merge entity $(bone_barrel) {transformation: [-0.9938f,0.0871f,0.0686f,-0.0317f,0.0866f,0.9962f,-0.0101f,-0.3855f,-0.0692f,-0.0041f,-0.9976f,0.58f,0f,0f,0f,1f],start_interpolation: 0,interpolation_duration: 1}
$data merge entity $(bone_magazine) {transformation: [-0.9938f,0.0871f,0.0686f,-0.1315f,0.0866f,0.9962f,-0.0101f,-0.4304f,-0.0692f,-0.0041f,-0.9976f,0.3761f,0f,0f,0f,1f],start_interpolation: 0,interpolation_duration: 1}
$data merge entity $(bone_grip) {transformation: [-0.9938f,0.0871f,0.0686f,-0.1315f,0.0866f,0.9962f,-0.0101f,-0.4304f,-0.0692f,-0.0041f,-0.9976f,0.3761f,0f,0f,0f,1f],start_interpolation: 0,interpolation_duration: 1}
$data merge entity $(bone_trigger) {transformation: [-0.9938f,0.0871f,0.0686f,-0.1332f,0.0866f,0.9962f,-0.0101f,-0.4257f,-0.0692f,-0.0041f,-0.9976f,0.4066f,0f,0f,0f,1f],start_interpolation: 0,interpolation_duration: 1}
$data merge entity $(bone_trigger_gaurd) {transformation: [-0.9938f,0.0871f,0.0686f,-0.1329f,0.0866f,0.9962f,-0.0101f,-0.3966f,-0.0692f,-0.0041f,-0.9976f,0.4389f,0f,0f,0f,1f],start_interpolation: 0,interpolation_duration: 1}
$data merge entity $(bone_right_arm) {transformation: [-0.9938f,0.0686f,-0.0871f,-0.145f,0.0866f,-0.0101f,-0.9962f,-0.4518f,-0.0692f,-0.9976f,0.0041f,0.0466f,0f,0f,0f,1f],start_interpolation: 0,interpolation_duration: 1}
$data merge entity $(bone_magazine1) {transformation: [0f,0f,0f,-0.1896f,0f,0f,0f,-0.3646f,0f,0f,0f,0.3938f,0f,0f,0f,1f],start_interpolation: 0,interpolation_duration: 1}
$data merge entity $(bone_left_arm) {transformation: [-0.8055f,0.4646f,0.3678f,0.0318f,-0.3993f,0.0329f,-0.9162f,-0.4578f,-0.4378f,-0.8849f,0.159f,0.0714f,0f,0f,0f,1f],start_interpolation: 0,interpolation_duration: 1}
data modify entity @s data merge value {"cameras":{},"locators":{"barrel1":{"px":-0.1710159210150661,"py":-0.3463464064238669,"pz":0.7328762418781484,"ry":3.931371240850325,"rx":-0.5775650696133988}}}