# This file was generated by Animated Java via MC-Build. It is not recommended to edit this file directly.
$data merge entity $(bone_muzzleflash) {transformation: [0f,0f,0f,-0.2807f,0f,0f,0f,-0.7648f,0f,0f,0f,0.3888f,0f,0f,0f,1f],start_interpolation: 0,interpolation_duration: 1}
$data merge entity $(bone_slide) {transformation: [-0.9937f,0.0872f,0.0708f,-0.1363f,0.0867f,0.9962f,-0.0098f,-0.2957f,-0.0714f,-0.0036f,-0.9974f,0.5719f,0f,0f,0f,1f],start_interpolation: 0,interpolation_duration: 1}
$data merge entity $(bone_barrel) {transformation: [-0.9937f,0.0872f,0.0708f,-0.0346f,0.0867f,0.9962f,-0.0098f,-0.3858f,-0.0714f,-0.0036f,-0.9974f,0.58f,0f,0f,0f,1f],start_interpolation: 0,interpolation_duration: 1}
$data merge entity $(bone_magazine) {transformation: [-0.9937f,0.0872f,0.0708f,-0.1339f,0.0867f,0.9962f,-0.0098f,-0.4306f,-0.0714f,-0.0036f,-0.9974f,0.376f,0f,0f,0f,1f],start_interpolation: 0,interpolation_duration: 1}
$data merge entity $(bone_grip) {transformation: [-0.9937f,0.0872f,0.0708f,-0.1339f,0.0867f,0.9962f,-0.0098f,-0.4306f,-0.0714f,-0.0036f,-0.9974f,0.376f,0f,0f,0f,1f],start_interpolation: 0,interpolation_duration: 1}
$data merge entity $(bone_trigger) {transformation: [-0.9937f,0.0872f,0.0708f,-0.1357f,0.0867f,0.9962f,-0.0098f,-0.426f,-0.0714f,-0.0036f,-0.9974f,0.4065f,0f,0f,0f,1f],start_interpolation: 0,interpolation_duration: 1}
$data merge entity $(bone_trigger_gaurd) {transformation: [-0.9937f,0.0872f,0.0708f,-0.1355f,0.0867f,0.9962f,-0.0098f,-0.3969f,-0.0714f,-0.0036f,-0.9974f,0.4387f,0f,0f,0f,1f],start_interpolation: 0,interpolation_duration: 1}
$data merge entity $(bone_right_arm) {transformation: [-0.9937f,0.0708f,-0.0872f,-0.1467f,0.0867f,-0.0098f,-0.9962f,-0.452f,-0.0714f,-0.9974f,0.0036f,0.0464f,0f,0f,0f,1f],start_interpolation: 0,interpolation_duration: 1}
$data merge entity $(bone_magazine1) {transformation: [0f,0f,0f,-0.1921f,0f,0f,0f,-0.3649f,0f,0f,0f,0.3935f,0f,0f,0f,1f],start_interpolation: 0,interpolation_duration: 1}
$data merge entity $(bone_left_arm) {transformation: [-0.8046f,0.4666f,0.3673f,0.0301f,-0.3991f,0.0331f,-0.9163f,-0.458f,-0.4397f,-0.8838f,0.1596f,0.0717f,0f,0f,0f,1f],start_interpolation: 0,interpolation_duration: 1}
data modify entity @s data merge value {"cameras":{},"locators":{"barrel1":{"px":-0.17426810137436022,"py":-0.34670862591618934,"pz":0.7326536302232707,"ry":4.061651776965135,"rx":-0.5617023030659355}}}