# This file was generated by Animated Java via MC-Build. It is not recommended to edit this file directly.
$data merge entity $(bone_muzzleflash) {transformation: [0f,0f,0f,-0.2832f,0f,0f,0f,-0.7651f,0f,0f,0f,0.3882f,0f,0f,0f,1f],start_interpolation: 0,interpolation_duration: 1}
$data merge entity $(bone_slide) {transformation: [-0.9935f,0.0874f,0.073f,-0.139f,0.0869f,0.9962f,-0.0095f,-0.2961f,-0.0736f,-0.0031f,-0.9973f,0.5718f,0f,0f,0f,1f],start_interpolation: 0,interpolation_duration: 1}
$data merge entity $(bone_barrel) {transformation: [-0.9935f,0.0874f,0.073f,-0.0374f,0.0869f,0.9962f,-0.0095f,-0.3862f,-0.0736f,-0.0031f,-0.9973f,0.5801f,0f,0f,0f,1f],start_interpolation: 0,interpolation_duration: 1}
$data merge entity $(bone_magazine) {transformation: [-0.9935f,0.0874f,0.073f,-0.1363f,0.0869f,0.9962f,-0.0095f,-0.4309f,-0.0736f,-0.0031f,-0.9973f,0.3758f,0f,0f,0f,1f],start_interpolation: 0,interpolation_duration: 1}
$data merge entity $(bone_grip) {transformation: [-0.9935f,0.0874f,0.073f,-0.1363f,0.0869f,0.9962f,-0.0095f,-0.4309f,-0.0736f,-0.0031f,-0.9973f,0.3758f,0f,0f,0f,1f],start_interpolation: 0,interpolation_duration: 1}
$data merge entity $(bone_trigger) {transformation: [-0.9935f,0.0874f,0.073f,-0.1382f,0.0869f,0.9962f,-0.0095f,-0.4263f,-0.0736f,-0.0031f,-0.9973f,0.4063f,0f,0f,0f,1f],start_interpolation: 0,interpolation_duration: 1}
$data merge entity $(bone_trigger_gaurd) {transformation: [-0.9935f,0.0874f,0.073f,-0.138f,0.0869f,0.9962f,-0.0095f,-0.3972f,-0.0736f,-0.0031f,-0.9973f,0.4386f,0f,0f,0f,1f],start_interpolation: 0,interpolation_duration: 1}
$data merge entity $(bone_right_arm) {transformation: [-0.9935f,0.073f,-0.0874f,-0.1484f,0.0869f,-0.0095f,-0.9962f,-0.4522f,-0.0736f,-0.9973f,0.0031f,0.0462f,0f,0f,0f,1f],start_interpolation: 0,interpolation_duration: 1}
$data merge entity $(bone_magazine1) {transformation: [0f,0f,0f,-0.1944f,0f,0f,0f,-0.3652f,0f,0f,0f,0.3933f,0f,0f,0f,1f],start_interpolation: 0,interpolation_duration: 1}
$data merge entity $(bone_left_arm) {transformation: [-0.8037f,0.4686f,0.3668f,0.0284f,-0.3988f,0.0333f,-0.9164f,-0.4583f,-0.4416f,-0.8828f,0.1601f,0.0718f,0f,0f,0f,1f],start_interpolation: 0,interpolation_duration: 1}
data modify entity @s data merge value {"cameras":{},"locators":{"barrel1":{"px":-0.17739077038620082,"py":-0.3471422325048113,"pz":0.7324332154191324,"ry":4.186785226820859,"rx":-0.5442868665574881}}}