# This file was generated by Animated Java via MC-Build. It is not recommended to edit this file directly.
$data merge entity $(bone_muzzleflash) {transformation: [0f,0f,0f,-0.2037f,0f,0f,0f,-0.7656f,0f,0f,0f,0.3992f,0f,0f,0f,1f],start_interpolation: 0,interpolation_duration: 1}
$data merge entity $(bone_slide) {transformation: [-0.9961f,0.0887f,-0.0009f,-0.0455f,0.0887f,0.996f,-0.0098f,-0.2969f,0.0001f,-0.0098f,-1f,0.5715f,0f,0f,0f,1f],start_interpolation: 0,interpolation_duration: 1}
$data merge entity $(bone_barrel) {transformation: [-0.9961f,0.0887f,-0.0009f,0.0563f,0.0887f,0.996f,-0.0098f,-0.3872f,0.0001f,-0.0098f,-1f,0.5723f,0f,0f,0f,1f],start_interpolation: 0,interpolation_duration: 1}
$data merge entity $(bone_magazine) {transformation: [-0.9961f,0.0887f,-0.0009f,-0.0575f,0.0887f,0.996f,-0.0098f,-0.4317f,0.0001f,-0.0098f,-1f,0.3759f,0f,0f,0f,1f],start_interpolation: 0,interpolation_duration: 1}
$data merge entity $(bone_grip) {transformation: [-0.9961f,0.0887f,-0.0009f,-0.0575f,0.0887f,0.996f,-0.0098f,-0.4317f,0.0001f,-0.0098f,-1f,0.3759f,0f,0f,0f,1f],start_interpolation: 0,interpolation_duration: 1}
$data merge entity $(bone_trigger) {transformation: [-0.9961f,0.0887f,-0.0009f,-0.0571f,0.0887f,0.996f,-0.0098f,-0.4271f,0.0001f,-0.0098f,-1f,0.4064f,0f,0f,0f,1f],start_interpolation: 0,interpolation_duration: 1}
$data merge entity $(bone_trigger_gaurd) {transformation: [-0.9961f,0.0887f,-0.0009f,-0.0545f,0.0887f,0.996f,-0.0098f,-0.398f,0.0001f,-0.0098f,-1f,0.4386f,0f,0f,0f,1f],start_interpolation: 0,interpolation_duration: 1}
$data merge entity $(bone_right_arm) {transformation: [-0.9961f,-0.0009f,-0.0887f,-0.094f,0.0887f,-0.0098f,-0.996f,-0.453f,0.0001f,-1f,0.0098f,0.0481f,0f,0f,0f,1f],start_interpolation: 0,interpolation_duration: 1}
$data merge entity $(bone_magazine1) {transformation: [0f,0f,0f,-0.1141f,0f,0f,0f,-0.3659f,0f,0f,0f,0.3976f,0f,0f,0f,1f],start_interpolation: 0,interpolation_duration: 1}
$data merge entity $(bone_left_arm) {transformation: [-0.8349f,0.4021f,0.3759f,0.0842f,-0.3974f,0.0323f,-0.9171f,-0.4594f,-0.3809f,-0.915f,0.1328f,0.0606f,0f,0f,0f,1f],start_interpolation: 0,interpolation_duration: 1}
data modify entity @s data merge value {"cameras":{},"locators":{"barrel1":{"px":-0.0719897962129353,"py":-0.3477905334292506,"pz":0.7345333538189913,"ry":359.9457586412408,"rx":-0.5611512594251132}}}