# This file was generated by Animated Java via MC-Build. It is not recommended to edit this file directly.
$data merge entity $(bone_muzzleflash) {transformation: [0f,0f,0f,-0.2129f,0f,0f,0f,-0.7451f,0f,0f,0f,0.3987f,0f,0f,0f,1f],start_interpolation: 0,interpolation_duration: 1}
$data merge entity $(bone_slide) {transformation: [-0.9942f,0.1074f,-0.0013f,-0.0459f,0.1074f,0.994f,-0.0202f,-0.2776f,-0.0008f,-0.0202f,-0.9998f,0.5661f,0f,0f,0f,1f],start_interpolation: 0,interpolation_duration: 1}
$data merge entity $(bone_barrel) {transformation: [-0.9942f,0.1074f,-0.0013f,0.0541f,0.1074f,0.994f,-0.0202f,-0.3698f,-0.0008f,-0.0202f,-0.9998f,0.5678f,0f,0f,0f,1f],start_interpolation: 0,interpolation_duration: 1}
$data merge entity $(bone_magazine) {transformation: [-0.9942f,0.1074f,-0.0013f,-0.0605f,0.1074f,0.994f,-0.0202f,-0.4143f,-0.0008f,-0.0202f,-0.9998f,0.3719f,0f,0f,0f,1f],start_interpolation: 0,interpolation_duration: 1}
$data merge entity $(bone_grip) {transformation: [-0.9942f,0.1074f,-0.0013f,-0.0605f,0.1074f,0.994f,-0.0202f,-0.4143f,-0.0008f,-0.0202f,-0.9998f,0.3719f,0f,0f,0f,1f],start_interpolation: 0,interpolation_duration: 1}
$data merge entity $(bone_trigger) {transformation: [-0.9942f,0.1074f,-0.0013f,-0.06f,0.1074f,0.994f,-0.0202f,-0.4093f,-0.0008f,-0.0202f,-0.9998f,0.4024f,0f,0f,0f,1f],start_interpolation: 0,interpolation_duration: 1}
$data merge entity $(bone_trigger_gaurd) {transformation: [-0.9942f,0.1074f,-0.0013f,-0.0569f,0.1074f,0.994f,-0.0202f,-0.38f,-0.0008f,-0.0202f,-0.9998f,0.4343f,0f,0f,0f,1f],start_interpolation: 0,interpolation_duration: 1}
$data merge entity $(bone_right_arm) {transformation: [-0.9942f,-0.0013f,-0.1074f,-0.0974f,0.1074f,-0.0202f,-0.994f,-0.4383f,-0.0008f,-0.9998f,0.0202f,0.0443f,0f,0f,0f,1f],start_interpolation: 0,interpolation_duration: 1}
$data merge entity $(bone_magazine1) {transformation: [0f,0f,0f,-0.1159f,0f,0f,0f,-0.3472f,0f,0f,0f,0.3929f,0f,0f,0f,1f],start_interpolation: 0,interpolation_duration: 1}
$data merge entity $(bone_left_arm) {transformation: [-0.8423f,0.4024f,0.3587f,0.0805f,-0.3856f,0.0152f,-0.9225f,-0.4479f,-0.3767f,-0.9153f,0.1424f,0.0569f,0f,0f,0f,1f],start_interpolation: 0,interpolation_duration: 1}
data modify entity @s data merge value {"cameras":{},"locators":{"barrel1":{"px":-0.07334690026755082,"py":-0.32637858814907816,"pz":0.7296591001556412,"ry":359.9233591842791,"rx":-1.15590136374044}}}