# This file was generated by Animated Java via MC-Build. It is not recommended to edit this file directly.
$data merge entity $(bone_muzzleflash) {transformation: [0f,0f,0f,-0.2855f,0f,0f,0f,-0.7655f,0f,0f,0f,0.3877f,0f,0f,0f,1f],start_interpolation: 0,interpolation_duration: 1}
$data merge entity $(bone_slide) {transformation: [-0.9933f,0.0875f,0.0751f,-0.1417f,0.087f,0.9962f,-0.0092f,-0.2966f,-0.0756f,-0.0026f,-0.9971f,0.5717f,0f,0f,0f,1f],start_interpolation: 0,interpolation_duration: 1}
$data merge entity $(bone_barrel) {transformation: [-0.9933f,0.0875f,0.0751f,-0.0401f,0.087f,0.9962f,-0.0092f,-0.3867f,-0.0756f,-0.0026f,-0.9971f,0.5802f,0f,0f,0f,1f],start_interpolation: 0,interpolation_duration: 1}
$data merge entity $(bone_magazine) {transformation: [-0.9933f,0.0875f,0.0751f,-0.1385f,0.087f,0.9962f,-0.0092f,-0.4313f,-0.0756f,-0.0026f,-0.9971f,0.3756f,0f,0f,0f,1f],start_interpolation: 0,interpolation_duration: 1}
$data merge entity $(bone_grip) {transformation: [-0.9933f,0.0875f,0.0751f,-0.1385f,0.087f,0.9962f,-0.0092f,-0.4313f,-0.0756f,-0.0026f,-0.9971f,0.3756f,0f,0f,0f,1f],start_interpolation: 0,interpolation_duration: 1}
$data merge entity $(bone_trigger) {transformation: [-0.9933f,0.0875f,0.0751f,-0.1405f,0.087f,0.9962f,-0.0092f,-0.4267f,-0.0756f,-0.0026f,-0.9971f,0.4062f,0f,0f,0f,1f],start_interpolation: 0,interpolation_duration: 1}
$data merge entity $(bone_trigger_gaurd) {transformation: [-0.9933f,0.0875f,0.0751f,-0.1404f,0.087f,0.9962f,-0.0092f,-0.3976f,-0.0756f,-0.0026f,-0.9971f,0.4384f,0f,0f,0f,1f],start_interpolation: 0,interpolation_duration: 1}
$data merge entity $(bone_right_arm) {transformation: [-0.9933f,0.0751f,-0.0875f,-0.1499f,0.087f,-0.0092f,-0.9962f,-0.4525f,-0.0756f,-0.9971f,0.0026f,0.046f,0f,0f,0f,1f],start_interpolation: 0,interpolation_duration: 1}
$data merge entity $(bone_magazine1) {transformation: [0f,0f,0f,-0.1967f,0f,0f,0f,-0.3656f,0f,0f,0f,0.393f,0f,0f,0f,1f],start_interpolation: 0,interpolation_duration: 1}
$data merge entity $(bone_left_arm) {transformation: [-0.8028f,0.4704f,0.3663f,0.0267f,-0.3986f,0.0335f,-0.9165f,-0.4586f,-0.4434f,-0.8818f,0.1606f,0.072f,0f,0f,0f,1f],start_interpolation: 0,interpolation_duration: 1}
data modify entity @s data merge value {"cameras":{},"locators":{"barrel1":{"px":-0.18037215639925422,"py":-0.34765040966418254,"pz":0.7322161476433542,"ry":4.306304170881106,"rx":-0.5253044537121528}}}