# This file was generated by Animated Java via MC-Build. It is not recommended to edit this file directly.
$data merge entity $(bone_muzzleflash) {transformation: [0f,0f,0f,-0.2877f,0f,0f,0f,-0.766f,0f,0f,0f,0.3871f,0f,0f,0f,1f],start_interpolation: 0,interpolation_duration: 1}
$data merge entity $(bone_slide) {transformation: [-0.9932f,0.0876f,0.0771f,-0.1442f,0.0872f,0.9962f,-0.0088f,-0.2971f,-0.0775f,-0.002f,-0.997f,0.5716f,0f,0f,0f,1f],start_interpolation: 0,interpolation_duration: 1}
$data merge entity $(bone_barrel) {transformation: [-0.9932f,0.0876f,0.0771f,-0.0426f,0.0872f,0.9962f,-0.0088f,-0.3873f,-0.0775f,-0.002f,-0.997f,0.5802f,0f,0f,0f,1f],start_interpolation: 0,interpolation_duration: 1}
$data merge entity $(bone_magazine) {transformation: [-0.9932f,0.0876f,0.0771f,-0.1407f,0.0872f,0.9962f,-0.0088f,-0.4318f,-0.0775f,-0.002f,-0.997f,0.3755f,0f,0f,0f,1f],start_interpolation: 0,interpolation_duration: 1}
$data merge entity $(bone_grip) {transformation: [-0.9932f,0.0876f,0.0771f,-0.1407f,0.0872f,0.9962f,-0.0088f,-0.4318f,-0.0775f,-0.002f,-0.997f,0.3755f,0f,0f,0f,1f],start_interpolation: 0,interpolation_duration: 1}
$data merge entity $(bone_trigger) {transformation: [-0.9932f,0.0876f,0.0771f,-0.1427f,0.0872f,0.9962f,-0.0088f,-0.4272f,-0.0775f,-0.002f,-0.997f,0.406f,0f,0f,0f,1f],start_interpolation: 0,interpolation_duration: 1}
$data merge entity $(bone_trigger_gaurd) {transformation: [-0.9932f,0.0876f,0.0771f,-0.1426f,0.0872f,0.9962f,-0.0088f,-0.3981f,-0.0775f,-0.002f,-0.997f,0.4383f,0f,0f,0f,1f],start_interpolation: 0,interpolation_duration: 1}
$data merge entity $(bone_right_arm) {transformation: [-0.9932f,0.0771f,-0.0876f,-0.1514f,0.0872f,-0.0088f,-0.9962f,-0.4528f,-0.0775f,-0.997f,0.002f,0.0458f,0f,0f,0f,1f],start_interpolation: 0,interpolation_duration: 1}
$data merge entity $(bone_magazine1) {transformation: [0f,0f,0f,-0.1989f,0f,0f,0f,-0.3661f,0f,0f,0f,0.3928f,0f,0f,0f,1f],start_interpolation: 0,interpolation_duration: 1}
$data merge entity $(bone_left_arm) {transformation: [-0.802f,0.4722f,0.3659f,0.0252f,-0.3983f,0.0338f,-0.9166f,-0.459f,-0.4452f,-0.8809f,0.161f,0.0722f,0f,0f,0f,1f],start_interpolation: 0,interpolation_duration: 1}
data modify entity @s data merge value {"cameras":{},"locators":{"barrel1":{"px":-0.18320049220200338,"py":-0.348236351990899,"pz":0.732003604071289,"ry":4.419740939665928,"rx":-0.5047398461719987}}}