# This file was generated by Animated Java via MC-Build. It is not recommended to edit this file directly.
$data merge entity $(bone_muzzleflash) {transformation: [0f,0f,0f,-0.2897f,0f,0f,0f,-0.7665f,0f,0f,0f,0.3865f,0f,0f,0f,1f],start_interpolation: 0,interpolation_duration: 1}
$data merge entity $(bone_slide) {transformation: [-0.993f,0.0877f,0.0789f,-0.1465f,0.0873f,0.9961f,-0.0084f,-0.2977f,-0.0794f,-0.0015f,-0.9968f,0.5715f,0f,0f,0f,1f],start_interpolation: 0,interpolation_duration: 1}
$data merge entity $(bone_barrel) {transformation: [-0.993f,0.0877f,0.0789f,-0.045f,0.0873f,0.9961f,-0.0084f,-0.3879f,-0.0794f,-0.0015f,-0.9968f,0.5803f,0f,0f,0f,1f],start_interpolation: 0,interpolation_duration: 1}
$data merge entity $(bone_magazine) {transformation: [-0.993f,0.0877f,0.0789f,-0.1427f,0.0873f,0.9961f,-0.0084f,-0.4323f,-0.0794f,-0.0015f,-0.9968f,0.3753f,0f,0f,0f,1f],start_interpolation: 0,interpolation_duration: 1}
$data merge entity $(bone_grip) {transformation: [-0.993f,0.0877f,0.0789f,-0.1427f,0.0873f,0.9961f,-0.0084f,-0.4323f,-0.0794f,-0.0015f,-0.9968f,0.3753f,0f,0f,0f,1f],start_interpolation: 0,interpolation_duration: 1}
$data merge entity $(bone_trigger) {transformation: [-0.993f,0.0877f,0.0789f,-0.1447f,0.0873f,0.9961f,-0.0084f,-0.4277f,-0.0794f,-0.0015f,-0.9968f,0.4058f,0f,0f,0f,1f],start_interpolation: 0,interpolation_duration: 1}
$data merge entity $(bone_trigger_gaurd) {transformation: [-0.993f,0.0877f,0.0789f,-0.1447f,0.0873f,0.9961f,-0.0084f,-0.3987f,-0.0794f,-0.0015f,-0.9968f,0.4381f,0f,0f,0f,1f],start_interpolation: 0,interpolation_duration: 1}
$data merge entity $(bone_right_arm) {transformation: [-0.993f,0.0789f,-0.0877f,-0.1528f,0.0873f,-0.0084f,-0.9961f,-0.4532f,-0.0794f,-0.9968f,0.0015f,0.0456f,0f,0f,0f,1f],start_interpolation: 0,interpolation_duration: 1}
$data merge entity $(bone_magazine1) {transformation: [0f,0f,0f,-0.2009f,0f,0f,0f,-0.3666f,0f,0f,0f,0.3925f,0f,0f,0f,1f],start_interpolation: 0,interpolation_duration: 1}
$data merge entity $(bone_left_arm) {transformation: [-0.8012f,0.4738f,0.3655f,0.0238f,-0.3981f,0.0341f,-0.9167f,-0.4594f,-0.4468f,-0.88f,0.1613f,0.0723f,0f,0f,0f,1f],start_interpolation: 0,interpolation_duration: 1}
data modify entity @s data merge value {"cameras":{},"locators":{"barrel1":{"px":-0.18586401405697386,"py":-0.34890326299877805,"pz":0.7317967829162648,"ry":4.5266275815668,"rx":-0.4825770889796471}}}