# This file was generated by Animated Java via MC-Build. It is not recommended to edit this file directly.
$data merge entity $(bone_muzzleflash) {transformation: [0f,0f,0f,-0.2916f,0f,0f,0f,-0.7671f,0f,0f,0f,0.386f,0f,0f,0f,1f],start_interpolation: 0,interpolation_duration: 1}
$data merge entity $(bone_slide) {transformation: [-0.9929f,0.0878f,0.0807f,-0.1487f,0.0874f,0.9961f,-0.008f,-0.2984f,-0.081f,-0.0009f,-0.9967f,0.5714f,0f,0f,0f,1f],start_interpolation: 0,interpolation_duration: 1}
$data merge entity $(bone_barrel) {transformation: [-0.9929f,0.0878f,0.0807f,-0.0472f,0.0874f,0.9961f,-0.008f,-0.3886f,-0.081f,-0.0009f,-0.9967f,0.5803f,0f,0f,0f,1f],start_interpolation: 0,interpolation_duration: 1}
$data merge entity $(bone_magazine) {transformation: [-0.9929f,0.0878f,0.0807f,-0.1446f,0.0874f,0.9961f,-0.008f,-0.4329f,-0.081f,-0.0009f,-0.9967f,0.3752f,0f,0f,0f,1f],start_interpolation: 0,interpolation_duration: 1}
$data merge entity $(bone_grip) {transformation: [-0.9929f,0.0878f,0.0807f,-0.1446f,0.0874f,0.9961f,-0.008f,-0.4329f,-0.081f,-0.0009f,-0.9967f,0.3752f,0f,0f,0f,1f],start_interpolation: 0,interpolation_duration: 1}
$data merge entity $(bone_trigger) {transformation: [-0.9929f,0.0878f,0.0807f,-0.1466f,0.0874f,0.9961f,-0.008f,-0.4283f,-0.081f,-0.0009f,-0.9967f,0.4057f,0f,0f,0f,1f],start_interpolation: 0,interpolation_duration: 1}
$data merge entity $(bone_trigger_gaurd) {transformation: [-0.9929f,0.0878f,0.0807f,-0.1467f,0.0874f,0.9961f,-0.008f,-0.3993f,-0.081f,-0.0009f,-0.9967f,0.438f,0f,0f,0f,1f],start_interpolation: 0,interpolation_duration: 1}
$data merge entity $(bone_right_arm) {transformation: [-0.9929f,0.0807f,-0.0878f,-0.1541f,0.0874f,-0.008f,-0.9961f,-0.4537f,-0.081f,-0.9967f,0.0009f,0.0454f,0f,0f,0f,1f],start_interpolation: 0,interpolation_duration: 1}
$data merge entity $(bone_magazine1) {transformation: [0f,0f,0f,-0.2028f,0f,0f,0f,-0.3672f,0f,0f,0f,0.3923f,0f,0f,0f,1f],start_interpolation: 0,interpolation_duration: 1}
$data merge entity $(bone_left_arm) {transformation: [-0.8004f,0.4753f,0.3652f,0.0224f,-0.3978f,0.0344f,-0.9168f,-0.4599f,-0.4484f,-0.8791f,0.1615f,0.0724f,0f,0f,0f,1f],start_interpolation: 0,interpolation_duration: 1}
data modify entity @s data merge value {"cameras":{},"locators":{"barrel1":{"px":-0.1883509606103232,"py":-0.34965435267714956,"pz":0.73159689700481,"ry":4.626495830250207,"rx":-0.4587996849000352}}}