# This file was generated by Animated Java via MC-Build. It is not recommended to edit this file directly.
$data merge entity $(bone_muzzleflash) {transformation: [0f,0f,0f,-0.2934f,0f,0f,0f,-0.7678f,0f,0f,0f,0.3854f,0f,0f,0f,1f],start_interpolation: 0,interpolation_duration: 1}
$data merge entity $(bone_slide) {transformation: [-0.9927f,0.0878f,0.0823f,-0.1508f,0.0875f,0.9961f,-0.0076f,-0.2992f,-0.0826f,-0.0003f,-0.9966f,0.5713f,0f,0f,0f,1f],start_interpolation: 0,interpolation_duration: 1}
$data merge entity $(bone_barrel) {transformation: [-0.9927f,0.0878f,0.0823f,-0.0493f,0.0875f,0.9961f,-0.0076f,-0.3894f,-0.0826f,-0.0003f,-0.9966f,0.5803f,0f,0f,0f,1f],start_interpolation: 0,interpolation_duration: 1}
$data merge entity $(bone_magazine) {transformation: [-0.9927f,0.0878f,0.0823f,-0.1463f,0.0875f,0.9961f,-0.0076f,-0.4336f,-0.0826f,-0.0003f,-0.9966f,0.375f,0f,0f,0f,1f],start_interpolation: 0,interpolation_duration: 1}
$data merge entity $(bone_grip) {transformation: [-0.9927f,0.0878f,0.0823f,-0.1463f,0.0875f,0.9961f,-0.0076f,-0.4336f,-0.0826f,-0.0003f,-0.9966f,0.375f,0f,0f,0f,1f],start_interpolation: 0,interpolation_duration: 1}
$data merge entity $(bone_trigger) {transformation: [-0.9927f,0.0878f,0.0823f,-0.1484f,0.0875f,0.9961f,-0.0076f,-0.429f,-0.0826f,-0.0003f,-0.9966f,0.4055f,0f,0f,0f,1f],start_interpolation: 0,interpolation_duration: 1}
$data merge entity $(bone_trigger_gaurd) {transformation: [-0.9927f,0.0878f,0.0823f,-0.1485f,0.0875f,0.9961f,-0.0076f,-0.4f,-0.0826f,-0.0003f,-0.9966f,0.4379f,0f,0f,0f,1f],start_interpolation: 0,interpolation_duration: 1}
$data merge entity $(bone_right_arm) {transformation: [-0.9927f,0.0823f,-0.0878f,-0.1553f,0.0875f,-0.0076f,-0.9961f,-0.4542f,-0.0826f,-0.9966f,0.0003f,0.0453f,0f,0f,0f,1f],start_interpolation: 0,interpolation_duration: 1}
$data merge entity $(bone_magazine1) {transformation: [0f,0f,0f,-0.2045f,0f,0f,0f,-0.3679f,0f,0f,0f,0.3921f,0f,0f,0f,1f],start_interpolation: 0,interpolation_duration: 1}
$data merge entity $(bone_left_arm) {transformation: [-0.7997f,0.4768f,0.3649f,0.0212f,-0.3976f,0.0348f,-0.9169f,-0.4604f,-0.4498f,-0.8783f,0.1617f,0.0725f,0f,0f,0f,1f],start_interpolation: 0,interpolation_duration: 1}
data modify entity @s data merge value {"cameras":{},"locators":{"barrel1":{"px":-0.1906495716782079,"py":-0.3504928348125543,"pz":0.731405166887551,"ry":4.718877071629663,"rx":-0.4333908076824494}}}