# This file was generated by Animated Java via MC-Build. It is not recommended to edit this file directly.
$data merge entity $(bone_muzzleflash) {transformation: [0f,0f,0f,-0.295f,0f,0f,0f,-0.7685f,0f,0f,0f,0.3849f,0f,0f,0f,1f],start_interpolation: 0,interpolation_duration: 1}
$data merge entity $(bone_slide) {transformation: [-0.9926f,0.0878f,0.0837f,-0.1526f,0.0875f,0.9961f,-0.0071f,-0.3f,-0.084f,0.0003f,-0.9965f,0.5712f,0f,0f,0f,1f],start_interpolation: 0,interpolation_duration: 1}
$data merge entity $(bone_barrel) {transformation: [-0.9926f,0.0878f,0.0837f,-0.0512f,0.0875f,0.9961f,-0.0071f,-0.3902f,-0.084f,0.0003f,-0.9965f,0.5803f,0f,0f,0f,1f],start_interpolation: 0,interpolation_duration: 1}
$data merge entity $(bone_magazine) {transformation: [-0.9926f,0.0878f,0.0837f,-0.1479f,0.0875f,0.9961f,-0.0071f,-0.4344f,-0.084f,0.0003f,-0.9965f,0.3748f,0f,0f,0f,1f],start_interpolation: 0,interpolation_duration: 1}
$data merge entity $(bone_grip) {transformation: [-0.9926f,0.0878f,0.0837f,-0.1479f,0.0875f,0.9961f,-0.0071f,-0.4344f,-0.084f,0.0003f,-0.9965f,0.3748f,0f,0f,0f,1f],start_interpolation: 0,interpolation_duration: 1}
$data merge entity $(bone_trigger) {transformation: [-0.9926f,0.0878f,0.0837f,-0.15f,0.0875f,0.9961f,-0.0071f,-0.4298f,-0.084f,0.0003f,-0.9965f,0.4054f,0f,0f,0f,1f],start_interpolation: 0,interpolation_duration: 1}
$data merge entity $(bone_trigger_gaurd) {transformation: [-0.9926f,0.0878f,0.0837f,-0.1502f,0.0875f,0.9961f,-0.0071f,-0.4008f,-0.084f,0.0003f,-0.9965f,0.4377f,0f,0f,0f,1f],start_interpolation: 0,interpolation_duration: 1}
$data merge entity $(bone_right_arm) {transformation: [-0.9926f,0.0837f,-0.0878f,-0.1564f,0.0875f,-0.0071f,-0.9961f,-0.4548f,-0.084f,-0.9965f,-0.0003f,0.0451f,0f,0f,0f,1f],start_interpolation: 0,interpolation_duration: 1}
$data merge entity $(bone_magazine1) {transformation: [0f,0f,0f,-0.2061f,0f,0f,0f,-0.3687f,0f,0f,0f,0.3918f,0f,0f,0f,1f],start_interpolation: 0,interpolation_duration: 1}
$data merge entity $(bone_left_arm) {transformation: [-0.7991f,0.4781f,0.3646f,0.0201f,-0.3974f,0.0352f,-0.917f,-0.461f,-0.4512f,-0.8776f,0.1618f,0.0726f,0f,0f,0f,1f],start_interpolation: 0,interpolation_duration: 1}
data modify entity @s data merge value {"cameras":{},"locators":{"barrel1":{"px":-0.19274808691306342,"py":-0.3514219240738887,"pz":0.7312228134862699,"ry":4.803302310398294,"rx":-0.40633353427431845}}}