# This file was generated by Animated Java via MC-Build. It is not recommended to edit this file directly.
$data merge entity $(bone_muzzleflash) {transformation: [0f,0f,0f,-0.2964f,0f,0f,0f,-0.7694f,0f,0f,0f,0.3844f,0f,0f,0f,1f],start_interpolation: 0,interpolation_duration: 1}
$data merge entity $(bone_slide) {transformation: [-0.9925f,0.0878f,0.0851f,-0.1543f,0.0876f,0.9961f,-0.0066f,-0.301f,-0.0853f,0.0009f,-0.9964f,0.5711f,0f,0f,0f,1f],start_interpolation: 0,interpolation_duration: 1}
$data merge entity $(bone_barrel) {transformation: [-0.9925f,0.0878f,0.0851f,-0.0529f,0.0876f,0.9961f,-0.0066f,-0.3912f,-0.0853f,0.0009f,-0.9964f,0.5803f,0f,0f,0f,1f],start_interpolation: 0,interpolation_duration: 1}
$data merge entity $(bone_magazine) {transformation: [-0.9925f,0.0878f,0.0851f,-0.1493f,0.0876f,0.9961f,-0.0066f,-0.4352f,-0.0853f,0.0009f,-0.9964f,0.3747f,0f,0f,0f,1f],start_interpolation: 0,interpolation_duration: 1}
$data merge entity $(bone_grip) {transformation: [-0.9925f,0.0878f,0.0851f,-0.1493f,0.0876f,0.9961f,-0.0066f,-0.4352f,-0.0853f,0.0009f,-0.9964f,0.3747f,0f,0f,0f,1f],start_interpolation: 0,interpolation_duration: 1}
$data merge entity $(bone_trigger) {transformation: [-0.9925f,0.0878f,0.0851f,-0.1515f,0.0876f,0.9961f,-0.0066f,-0.4307f,-0.0853f,0.0009f,-0.9964f,0.4052f,0f,0f,0f,1f],start_interpolation: 0,interpolation_duration: 1}
$data merge entity $(bone_trigger_gaurd) {transformation: [-0.9925f,0.0878f,0.0851f,-0.1517f,0.0876f,0.9961f,-0.0066f,-0.4017f,-0.0853f,0.0009f,-0.9964f,0.4376f,0f,0f,0f,1f],start_interpolation: 0,interpolation_duration: 1}
$data merge entity $(bone_right_arm) {transformation: [-0.9925f,0.0851f,-0.0878f,-0.1573f,0.0876f,-0.0066f,-0.9961f,-0.4555f,-0.0853f,-0.9964f,-0.0009f,0.0449f,0f,0f,0f,1f],start_interpolation: 0,interpolation_duration: 1}
$data merge entity $(bone_magazine1) {transformation: [0f,0f,0f,-0.2076f,0f,0f,0f,-0.3695f,0f,0f,0f,0.3916f,0f,0f,0f,1f],start_interpolation: 0,interpolation_duration: 1}
$data merge entity $(bone_left_arm) {transformation: [-0.7985f,0.4792f,0.3644f,0.019f,-0.3972f,0.0357f,-0.9171f,-0.4617f,-0.4525f,-0.877f,0.1618f,0.0727f,0f,0f,0f,1f],start_interpolation: 0,interpolation_duration: 1}
data modify entity @s data merge value {"cameras":{},"locators":{"barrel1":{"px":-0.19463474435476602,"py":-0.35244483286084805,"pz":0.7310510502773737,"ry":4.879302136127762,"rx":-0.3776110960101159}}}