# This file was generated by Animated Java via MC-Build. It is not recommended to edit this file directly.
$data merge entity $(bone_muzzleflash) {transformation: [0f,0f,0f,-0.2977f,0f,0f,0f,-0.7703f,0f,0f,0f,0.3839f,0f,0f,0f,1f],start_interpolation: 0,interpolation_duration: 1}
$data merge entity $(bone_slide) {transformation: [-0.9924f,0.0878f,0.0862f,-0.1558f,0.0876f,0.9961f,-0.0061f,-0.302f,-0.0864f,0.0015f,-0.9963f,0.571f,0f,0f,0f,1f],start_interpolation: 0,interpolation_duration: 1}
$data merge entity $(bone_barrel) {transformation: [-0.9924f,0.0878f,0.0862f,-0.0543f,0.0876f,0.9961f,-0.0061f,-0.3922f,-0.0864f,0.0015f,-0.9963f,0.5803f,0f,0f,0f,1f],start_interpolation: 0,interpolation_duration: 1}
$data merge entity $(bone_magazine) {transformation: [-0.9924f,0.0878f,0.0862f,-0.1505f,0.0876f,0.9961f,-0.0061f,-0.4361f,-0.0864f,0.0015f,-0.9963f,0.3745f,0f,0f,0f,1f],start_interpolation: 0,interpolation_duration: 1}
$data merge entity $(bone_grip) {transformation: [-0.9924f,0.0878f,0.0862f,-0.1505f,0.0876f,0.9961f,-0.0061f,-0.4361f,-0.0864f,0.0015f,-0.9963f,0.3745f,0f,0f,0f,1f],start_interpolation: 0,interpolation_duration: 1}
$data merge entity $(bone_trigger) {transformation: [-0.9924f,0.0878f,0.0862f,-0.1528f,0.0876f,0.9961f,-0.0061f,-0.4316f,-0.0864f,0.0015f,-0.9963f,0.4051f,0f,0f,0f,1f],start_interpolation: 0,interpolation_duration: 1}
$data merge entity $(bone_trigger_gaurd) {transformation: [-0.9924f,0.0878f,0.0862f,-0.153f,0.0876f,0.9961f,-0.0061f,-0.4026f,-0.0864f,0.0015f,-0.9963f,0.4374f,0f,0f,0f,1f],start_interpolation: 0,interpolation_duration: 1}
$data merge entity $(bone_right_arm) {transformation: [-0.9924f,0.0862f,-0.0878f,-0.1582f,0.0876f,-0.0061f,-0.9961f,-0.4562f,-0.0864f,-0.9963f,-0.0015f,0.0447f,0f,0f,0f,1f],start_interpolation: 0,interpolation_duration: 1}
$data merge entity $(bone_magazine1) {transformation: [0f,0f,0f,-0.2088f,0f,0f,0f,-0.3705f,0f,0f,0f,0.3915f,0f,0f,0f,1f],start_interpolation: 0,interpolation_duration: 1}
$data merge entity $(bone_left_arm) {transformation: [-0.7979f,0.4802f,0.3643f,0.0182f,-0.3969f,0.0361f,-0.9171f,-0.4625f,-0.4536f,-0.8764f,0.1618f,0.0727f,0f,0f,0f,1f],start_interpolation: 0,interpolation_duration: 1}
data modify entity @s data merge value {"cameras":{},"locators":{"barrel1":{"px":-0.19629777887361716,"py":-0.3535647679153328,"pz":0.7308910750117716,"ry":4.946406688954994,"rx":-0.34720714881170406}}}