# This file was generated by Animated Java via MC-Build. It is not recommended to edit this file directly.
$data merge entity $(bone_muzzleflash) {transformation: [0f,0f,0f,-0.3005f,0f,0f,0f,-0.776f,0f,0f,0f,0.3818f,0f,0f,0f,1f],start_interpolation: 0,interpolation_duration: 1}
$data merge entity $(bone_slide) {transformation: [-0.9922f,0.0864f,0.0898f,-0.1599f,0.0864f,0.9963f,-0.0033f,-0.308f,-0.0898f,0.0045f,-0.996f,0.5707f,0f,0f,0f,1f],start_interpolation: 0,interpolation_duration: 1}
$data merge entity $(bone_barrel) {transformation: [-0.9922f,0.0864f,0.0898f,-0.0584f,0.0864f,0.9963f,-0.0033f,-0.398f,-0.0898f,0.0045f,-0.996f,0.5801f,0f,0f,0f,1f],start_interpolation: 0,interpolation_duration: 1}
$data merge entity $(bone_magazine) {transformation: [-0.9922f,0.0864f,0.0898f,-0.1538f,0.0864f,0.9963f,-0.0033f,-0.4416f,-0.0898f,0.0045f,-0.996f,0.3739f,0f,0f,0f,1f],start_interpolation: 0,interpolation_duration: 1}
$data merge entity $(bone_grip) {transformation: [-0.9922f,0.0864f,0.0898f,-0.1538f,0.0864f,0.9963f,-0.0033f,-0.4416f,-0.0898f,0.0045f,-0.996f,0.3739f,0f,0f,0f,1f],start_interpolation: 0,interpolation_duration: 1}
$data merge entity $(bone_trigger) {transformation: [-0.9922f,0.0864f,0.0898f,-0.1562f,0.0864f,0.9963f,-0.0033f,-0.4371f,-0.0898f,0.0045f,-0.996f,0.4044f,0f,0f,0f,1f],start_interpolation: 0,interpolation_duration: 1}
$data merge entity $(bone_trigger_gaurd) {transformation: [-0.9922f,0.0864f,0.0898f,-0.1566f,0.0864f,0.9963f,-0.0033f,-0.4083f,-0.0898f,0.0045f,-0.996f,0.4369f,0f,0f,0f,1f],start_interpolation: 0,interpolation_duration: 1}
$data merge entity $(bone_right_arm) {transformation: [-0.9922f,0.0898f,-0.0864f,-0.1603f,0.0864f,-0.0033f,-0.9963f,-0.4608f,-0.0898f,-0.996f,-0.0045f,0.044f,0f,0f,0f,1f],start_interpolation: 0,interpolation_duration: 1}
$data merge entity $(bone_magazine1) {transformation: [0f,0f,0f,-0.2123f,0f,0f,0f,-0.376f,0f,0f,0f,0.3908f,0f,0f,0f,1f],start_interpolation: 0,interpolation_duration: 1}
$data merge entity $(bone_left_arm) {transformation: [-0.7957f,0.4833f,0.365f,0.016f,-0.3968f,0.0392f,-0.917f,-0.4669f,-0.4576f,-0.8746f,0.1606f,0.0726f,0f,0f,0f,1f],start_interpolation: 0,interpolation_duration: 1}
data modify entity @s data merge value {"cameras":{},"locators":{"barrel1":{"px":-0.20096605749893423,"py":-0.360026864082658,"pz":0.7303025089753025,"ry":5.152807485670962,"rx":-0.18657838501778157}}}