# This file was generated by Animated Java via MC-Build. It is not recommended to edit this file directly.
$data merge entity $(bone_muzzleflash) {transformation: [0f,0f,0f,-0.3003f,0f,0f,0f,-0.7845f,0f,0f,0f,0.3796f,0f,0f,0f,1f],start_interpolation: 0,interpolation_duration: 1}
$data merge entity $(bone_slide) {transformation: [-0.9923f,0.083f,0.092f,-0.1618f,0.0834f,0.9965f,0.0006f,-0.3167f,-0.0916f,0.0083f,-0.9958f,0.5704f,0f,0f,0f,1f],start_interpolation: 0,interpolation_duration: 1}
$data merge entity $(bone_barrel) {transformation: [-0.9923f,0.083f,0.092f,-0.06f,0.0834f,0.9965f,0.0006f,-0.4065f,-0.0916f,0.0083f,-0.9958f,0.5798f,0f,0f,0f,1f],start_interpolation: 0,interpolation_duration: 1}
$data merge entity $(bone_magazine) {transformation: [-0.9923f,0.083f,0.092f,-0.1547f,0.0834f,0.9965f,0.0006f,-0.4496f,-0.0916f,0.0083f,-0.9958f,0.3732f,0f,0f,0f,1f],start_interpolation: 0,interpolation_duration: 1}
$data merge entity $(bone_grip) {transformation: [-0.9923f,0.083f,0.092f,-0.1547f,0.0834f,0.9965f,0.0006f,-0.4496f,-0.0916f,0.0083f,-0.9958f,0.3732f,0f,0f,0f,1f],start_interpolation: 0,interpolation_duration: 1}
$data merge entity $(bone_trigger) {transformation: [-0.9923f,0.083f,0.092f,-0.1572f,0.0834f,0.9965f,0.0006f,-0.4453f,-0.0916f,0.0083f,-0.9958f,0.4037f,0f,0f,0f,1f],start_interpolation: 0,interpolation_duration: 1}
$data merge entity $(bone_trigger_gaurd) {transformation: [-0.9923f,0.083f,0.092f,-0.1578f,0.0834f,0.9965f,0.0006f,-0.4165f,-0.0916f,0.0083f,-0.9958f,0.4363f,0f,0f,0f,1f],start_interpolation: 0,interpolation_duration: 1}
$data merge entity $(bone_right_arm) {transformation: [-0.9923f,0.092f,-0.083f,-0.1604f,0.0834f,0.0006f,-0.9965f,-0.4677f,-0.0916f,-0.9958f,-0.0083f,0.0432f,0f,0f,0f,1f],start_interpolation: 0,interpolation_duration: 1}
$data merge entity $(bone_magazine1) {transformation: [0f,0f,0f,-0.2135f,0f,0f,0f,-0.3843f,0f,0f,0f,0.3902f,0f,0f,0f,1f],start_interpolation: 0,interpolation_duration: 1}
$data merge entity $(bone_left_arm) {transformation: [-0.7934f,0.4851f,0.3677f,0.0158f,-0.3979f,0.0439f,-0.9164f,-0.4732f,-0.4607f,-0.8733f,0.1582f,0.0722f,0f,0f,0f,1f],start_interpolation: 0,interpolation_duration: 1}
data modify entity @s data merge value {"cameras":{},"locators":{"barrel1":{"px":-0.20298053651181694,"py":-0.3694773177903468,"pz":0.7297653879823258,"ry":5.279379951714986,"rx":0.03555816512675324}}}