# This file was generated by Animated Java via MC-Build. It is not recommended to edit this file directly.
$data merge entity $(bone_muzzleflash) {transformation: [0f,0f,0f,-0.2136f,0f,0f,0f,-0.7449f,0f,0f,0f,0.3989f,0f,0f,0f,1f],start_interpolation: 0,interpolation_duration: 1}
$data merge entity $(bone_slide) {transformation: [-0.9941f,0.1087f,-0.0014f,-0.046f,0.1087f,0.9939f,-0.0199f,-0.2776f,-0.0008f,-0.0199f,-0.9998f,0.5664f,0f,0f,0f,1f],start_interpolation: 0,interpolation_duration: 1}
$data merge entity $(bone_barrel) {transformation: [-0.9941f,0.1087f,-0.0014f,0.054f,0.1087f,0.9939f,-0.0199f,-0.37f,-0.0008f,-0.0199f,-0.9998f,0.5681f,0f,0f,0f,1f],start_interpolation: 0,interpolation_duration: 1}
$data merge entity $(bone_magazine) {transformation: [-0.9941f,0.1087f,-0.0014f,-0.0607f,0.1087f,0.9939f,-0.0199f,-0.4142f,-0.0008f,-0.0199f,-0.9998f,0.3722f,0f,0f,0f,1f],start_interpolation: 0,interpolation_duration: 1}
$data merge entity $(bone_grip) {transformation: [-0.9941f,0.1087f,-0.0014f,-0.0607f,0.1087f,0.9939f,-0.0199f,-0.4142f,-0.0008f,-0.0199f,-0.9998f,0.3722f,0f,0f,0f,1f],start_interpolation: 0,interpolation_duration: 1}
$data merge entity $(bone_trigger) {transformation: [-0.9941f,0.1087f,-0.0014f,-0.0602f,0.1087f,0.9939f,-0.0199f,-0.4092f,-0.0008f,-0.0199f,-0.9998f,0.4027f,0f,0f,0f,1f],start_interpolation: 0,interpolation_duration: 1}
$data merge entity $(bone_trigger_gaurd) {transformation: [-0.9941f,0.1087f,-0.0014f,-0.057f,0.1087f,0.9939f,-0.0199f,-0.3799f,-0.0008f,-0.0199f,-0.9998f,0.4346f,0f,0f,0f,1f],start_interpolation: 0,interpolation_duration: 1}
$data merge entity $(bone_right_arm) {transformation: [-0.9941f,-0.0014f,-0.1087f,-0.0977f,0.1087f,-0.0199f,-0.9939f,-0.4381f,-0.0008f,-0.9998f,0.0199f,0.0446f,0f,0f,0f,1f],start_interpolation: 0,interpolation_duration: 1}
$data merge entity $(bone_magazine1) {transformation: [0f,0f,0f,-0.116f,0f,0f,0f,-0.347f,0f,0f,0f,0.3932f,0f,0f,0f,1f],start_interpolation: 0,interpolation_duration: 1}
$data merge entity $(bone_left_arm) {transformation: [-0.8427f,0.4024f,0.3575f,0.0803f,-0.3844f,0.015f,-0.923f,-0.4479f,-0.3768f,-0.9153f,0.1421f,0.0572f,0f,0f,0f,1f],start_interpolation: 0,interpolation_duration: 1}
data modify entity @s data merge value {"cameras":{},"locators":{"barrel1":{"px":-0.07344341145542761,"py":-0.3263805572816444,"pz":0.7299627454304155,"ry":359.9222824034541,"rx":-1.1375386449717844}}}