# This file was generated by Animated Java via MC-Build. It is not recommended to edit this file directly.
$data merge entity $(bone_muzzleflash) {transformation: [0f,0f,0f,-0.2981f,0f,0f,0f,-0.795f,0f,0f,0f,0.3772f,0f,0f,0f,1f],start_interpolation: 0,interpolation_duration: 1}
$data merge entity $(bone_slide) {transformation: [-0.9926f,0.0785f,0.093f,-0.1618f,0.0794f,0.9968f,0.0053f,-0.3274f,-0.0923f,0.0126f,-0.9957f,0.5702f,0f,0f,0f,1f],start_interpolation: 0,interpolation_duration: 1}
$data merge entity $(bone_barrel) {transformation: [-0.9926f,0.0785f,0.093f,-0.0596f,0.0794f,0.9968f,0.0053f,-0.4168f,-0.0923f,0.0126f,-0.9957f,0.5793f,0f,0f,0f,1f],start_interpolation: 0,interpolation_duration: 1}
$data merge entity $(bone_magazine) {transformation: [-0.9926f,0.0785f,0.093f,-0.154f,0.0794f,0.9968f,0.0053f,-0.4594f,-0.0923f,0.0126f,-0.9957f,0.3724f,0f,0f,0f,1f],start_interpolation: 0,interpolation_duration: 1}
$data merge entity $(bone_grip) {transformation: [-0.9926f,0.0785f,0.093f,-0.154f,0.0794f,0.9968f,0.0053f,-0.4594f,-0.0923f,0.0126f,-0.9957f,0.3724f,0f,0f,0f,1f],start_interpolation: 0,interpolation_duration: 1}
$data merge entity $(bone_trigger) {transformation: [-0.9926f,0.0785f,0.093f,-0.1565f,0.0794f,0.9968f,0.0053f,-0.4552f,-0.0923f,0.0126f,-0.9957f,0.4029f,0f,0f,0f,1f],start_interpolation: 0,interpolation_duration: 1}
$data merge entity $(bone_trigger_gaurd) {transformation: [-0.9926f,0.0785f,0.093f,-0.1572f,0.0794f,0.9968f,0.0053f,-0.4266f,-0.0923f,0.0126f,-0.9957f,0.4356f,0f,0f,0f,1f],start_interpolation: 0,interpolation_duration: 1}
$data merge entity $(bone_right_arm) {transformation: [-0.9926f,0.093f,-0.0785f,-0.1592f,0.0794f,0.0053f,-0.9968f,-0.4761f,-0.0923f,-0.9957f,-0.0126f,0.0423f,0f,0f,0f,1f],start_interpolation: 0,interpolation_duration: 1}
$data merge entity $(bone_magazine1) {transformation: [0f,0f,0f,-0.213f,0f,0f,0f,-0.3944f,0f,0f,0f,0.3896f,0f,0f,0f,1f],start_interpolation: 0,interpolation_duration: 1}
$data merge entity $(bone_left_arm) {transformation: [-0.7911f,0.4858f,0.3716f,0.017f,-0.3994f,0.0499f,-0.9154f,-0.481f,-0.4632f,-0.8726f,0.1546f,0.0715f,0f,0f,0f,1f],start_interpolation: 0,interpolation_duration: 1}
data modify entity @s data merge value {"cameras":{},"locators":{"barrel1":{"px":-0.2029249777125135,"py":-0.3810359258262931,"pz":0.7292744150364241,"ry":5.337330676372375,"rx":0.3037230891724023}}}