# This file was generated by Animated Java via MC-Build. It is not recommended to edit this file directly.
$data merge entity $(bone_muzzleflash) {transformation: [0f,0f,0f,-0.2946f,0f,0f,0f,-0.8065f,0f,0f,0f,0.3748f,0f,0f,0f,1f],start_interpolation: 0,interpolation_duration: 1}
$data merge entity $(bone_slide) {transformation: [-0.9929f,0.0738f,0.093f,-0.1605f,0.0751f,0.9971f,0.0105f,-0.3392f,-0.092f,0.0174f,-0.9956f,0.57f,0f,0f,0f,1f],start_interpolation: 0,interpolation_duration: 1}
$data merge entity $(bone_barrel) {transformation: [-0.9929f,0.0738f,0.093f,-0.0579f,0.0751f,0.9971f,0.0105f,-0.4281f,-0.092f,0.0174f,-0.9956f,0.5787f,0f,0f,0f,1f],start_interpolation: 0,interpolation_duration: 1}
$data merge entity $(bone_magazine) {transformation: [-0.9929f,0.0738f,0.093f,-0.152f,0.0751f,0.9971f,0.0105f,-0.4702f,-0.092f,0.0174f,-0.9956f,0.3716f,0f,0f,0f,1f],start_interpolation: 0,interpolation_duration: 1}
$data merge entity $(bone_grip) {transformation: [-0.9929f,0.0738f,0.093f,-0.152f,0.0751f,0.9971f,0.0105f,-0.4702f,-0.092f,0.0174f,-0.9956f,0.3716f,0f,0f,0f,1f],start_interpolation: 0,interpolation_duration: 1}
$data merge entity $(bone_trigger) {transformation: [-0.9929f,0.0738f,0.093f,-0.1546f,0.0751f,0.9971f,0.0105f,-0.4662f,-0.092f,0.0174f,-0.9956f,0.4021f,0f,0f,0f,1f],start_interpolation: 0,interpolation_duration: 1}
$data merge entity $(bone_trigger_gaurd) {transformation: [-0.9929f,0.0738f,0.093f,-0.1555f,0.0751f,0.9971f,0.0105f,-0.4378f,-0.092f,0.0174f,-0.9956f,0.435f,0f,0f,0f,1f],start_interpolation: 0,interpolation_duration: 1}
$data merge entity $(bone_right_arm) {transformation: [-0.9929f,0.093f,-0.0738f,-0.1572f,0.0751f,0.0105f,-0.9971f,-0.4854f,-0.092f,-0.9956f,-0.0174f,0.0415f,0f,0f,0f,1f],start_interpolation: 0,interpolation_duration: 1}
$data merge entity $(bone_magazine1) {transformation: [0f,0f,0f,-0.2114f,0f,0f,0f,-0.4056f,0f,0f,0f,0.3891f,0f,0f,0f,1f],start_interpolation: 0,interpolation_duration: 1}
$data merge entity $(bone_left_arm) {transformation: [-0.7892f,0.4856f,0.376f,0.019f,-0.401f,0.0563f,-0.9144f,-0.4896f,-0.4652f,-0.8724f,0.1503f,0.0706f,0f,0f,0f,1f],start_interpolation: 0,interpolation_duration: 1}
data modify entity @s data merge value {"cameras":{},"locators":{"barrel1":{"px":-0.20139125255072943,"py":-0.3938163472146785,"pz":0.7288215013274834,"ry":5.338505997658018,"rx":0.6018747746412438}}}