# This file was generated by Animated Java via MC-Build. It is not recommended to edit this file directly.
$data merge entity $(bone_muzzleflash) {transformation: [0f,0f,0f,-0.2906f,0f,0f,0f,-0.8182f,0f,0f,0f,0.3723f,0f,0f,0f,1f],start_interpolation: 0,interpolation_duration: 1}
$data merge entity $(bone_slide) {transformation: [-0.9933f,0.0695f,0.0923f,-0.1585f,0.0713f,0.9973f,0.016f,-0.3514f,-0.0909f,0.0224f,-0.9956f,0.5698f,0f,0f,0f,1f],start_interpolation: 0,interpolation_duration: 1}
$data merge entity $(bone_barrel) {transformation: [-0.9933f,0.0695f,0.0923f,-0.0554f,0.0713f,0.9973f,0.016f,-0.4399f,-0.0909f,0.0224f,-0.9956f,0.578f,0f,0f,0f,1f],start_interpolation: 0,interpolation_duration: 1}
$data merge entity $(bone_magazine) {transformation: [-0.9933f,0.0695f,0.0923f,-0.1496f,0.0713f,0.9973f,0.016f,-0.4813f,-0.0909f,0.0224f,-0.9956f,0.3707f,0f,0f,0f,1f],start_interpolation: 0,interpolation_duration: 1}
$data merge entity $(bone_grip) {transformation: [-0.9933f,0.0695f,0.0923f,-0.1496f,0.0713f,0.9973f,0.016f,-0.4813f,-0.0909f,0.0224f,-0.9956f,0.3707f,0f,0f,0f,1f],start_interpolation: 0,interpolation_duration: 1}
$data merge entity $(bone_trigger) {transformation: [-0.9933f,0.0695f,0.0923f,-0.1521f,0.0713f,0.9973f,0.016f,-0.4775f,-0.0909f,0.0224f,-0.9956f,0.4013f,0f,0f,0f,1f],start_interpolation: 0,interpolation_duration: 1}
$data merge entity $(bone_trigger_gaurd) {transformation: [-0.9933f,0.0695f,0.0923f,-0.1531f,0.0713f,0.9973f,0.016f,-0.4492f,-0.0909f,0.0224f,-0.9956f,0.4343f,0f,0f,0f,1f],start_interpolation: 0,interpolation_duration: 1}
$data merge entity $(bone_right_arm) {transformation: [-0.9933f,0.0923f,-0.0695f,-0.1549f,0.0713f,0.016f,-0.9973f,-0.4948f,-0.0909f,-0.9956f,-0.0224f,0.0405f,0f,0f,0f,1f],start_interpolation: 0,interpolation_duration: 1}
$data merge entity $(bone_magazine1) {transformation: [0f,0f,0f,-0.2092f,0f,0f,0f,-0.4171f,0f,0f,0f,0.3886f,0f,0f,0f,1f],start_interpolation: 0,interpolation_duration: 1}
$data merge entity $(bone_left_arm) {transformation: [-0.7878f,0.4847f,0.38f,0.0214f,-0.402f,0.0628f,-0.9135f,-0.4984f,-0.4667f,-0.8724f,0.1454f,0.0695f,0f,0f,0f,1f],start_interpolation: 0,interpolation_duration: 1}
data modify entity @s data merge value {"cameras":{},"locators":{"barrel1":{"px":-0.19898420384215226,"py":-0.4069337868131106,"pz":0.7283982717858315,"ry":5.295764694313618,"rx":0.9139793139297321}}}