# This file was generated by Animated Java via MC-Build. It is not recommended to edit this file directly.
$data merge entity $(bone_muzzleflash) {transformation: [0f,0f,0f,-0.2872f,0f,0f,0f,-0.8292f,0f,0f,0f,0.3699f,0f,0f,0f,1f],start_interpolation: 0,interpolation_duration: 1}
$data merge entity $(bone_slide) {transformation: [-0.9936f,0.0666f,0.091f,-0.1562f,0.0688f,0.9974f,0.0214f,-0.363f,-0.0894f,0.0275f,-0.9956f,0.5697f,0f,0f,0f,1f],start_interpolation: 0,interpolation_duration: 1}
$data merge entity $(bone_barrel) {transformation: [-0.9936f,0.0666f,0.091f,-0.0529f,0.0688f,0.9974f,0.0214f,-0.4512f,-0.0894f,0.0275f,-0.9956f,0.5772f,0f,0f,0f,1f],start_interpolation: 0,interpolation_duration: 1}
$data merge entity $(bone_magazine) {transformation: [-0.9936f,0.0666f,0.091f,-0.1471f,0.0688f,0.9974f,0.0214f,-0.4919f,-0.0894f,0.0275f,-0.9956f,0.3699f,0f,0f,0f,1f],start_interpolation: 0,interpolation_duration: 1}
$data merge entity $(bone_grip) {transformation: [-0.9936f,0.0666f,0.091f,-0.1471f,0.0688f,0.9974f,0.0214f,-0.4919f,-0.0894f,0.0275f,-0.9956f,0.3699f,0f,0f,0f,1f],start_interpolation: 0,interpolation_duration: 1}
$data merge entity $(bone_trigger) {transformation: [-0.9936f,0.0666f,0.091f,-0.1496f,0.0688f,0.9974f,0.0214f,-0.4882f,-0.0894f,0.0275f,-0.9956f,0.4005f,0f,0f,0f,1f],start_interpolation: 0,interpolation_duration: 1}
$data merge entity $(bone_trigger_gaurd) {transformation: [-0.9936f,0.0666f,0.091f,-0.1506f,0.0688f,0.9974f,0.0214f,-0.4601f,-0.0894f,0.0275f,-0.9956f,0.4336f,0f,0f,0f,1f],start_interpolation: 0,interpolation_duration: 1}
$data merge entity $(bone_right_arm) {transformation: [-0.9936f,0.091f,-0.0666f,-0.1528f,0.0688f,0.0214f,-0.9974f,-0.5037f,-0.0894f,-0.9956f,-0.0275f,0.0396f,0f,0f,0f,1f],start_interpolation: 0,interpolation_duration: 1}
$data merge entity $(bone_magazine1) {transformation: [0f,0f,0f,-0.2069f,0f,0f,0f,-0.4279f,0f,0f,0f,0.3882f,0f,0f,0f,1f],start_interpolation: 0,interpolation_duration: 1}
$data merge entity $(bone_left_arm) {transformation: [-0.7872f,0.4835f,0.3829f,0.0235f,-0.4019f,0.0688f,-0.9131f,-0.5069f,-0.4678f,-0.8726f,0.1402f,0.0684f,0f,0f,0f,1f],start_interpolation: 0,interpolation_duration: 1}
data modify entity @s data merge value {"cameras":{},"locators":{"barrel1":{"px":-0.19632351369489812,"py":-0.4195097137444823,"pz":0.7279979448082102,"ry":5.22313410079127,"rx":1.2243887950142587}}}