# This file was generated by Animated Java via MC-Build. It is not recommended to edit this file directly.
$data merge entity $(bone_muzzleflash) {transformation: [0f,0f,0f,-0.2851f,0f,0f,0f,-0.8387f,0f,0f,0f,0.3676f,0f,0f,0f,1f],start_interpolation: 0,interpolation_duration: 1}
$data merge entity $(bone_slide) {transformation: [-0.9938f,0.0658f,0.0895f,-0.1542f,0.0684f,0.9973f,0.0265f,-0.3733f,-0.0875f,0.0324f,-0.9956f,0.5695f,0f,0f,0f,1f],start_interpolation: 0,interpolation_duration: 1}
$data merge entity $(bone_barrel) {transformation: [-0.9938f,0.0658f,0.0895f,-0.0508f,0.0684f,0.9973f,0.0265f,-0.4615f,-0.0875f,0.0324f,-0.9956f,0.5765f,0f,0f,0f,1f],start_interpolation: 0,interpolation_duration: 1}
$data merge entity $(bone_magazine) {transformation: [-0.9938f,0.0658f,0.0895f,-0.1453f,0.0684f,0.9973f,0.0265f,-0.5012f,-0.0875f,0.0324f,-0.9956f,0.3691f,0f,0f,0f,1f],start_interpolation: 0,interpolation_duration: 1}
$data merge entity $(bone_grip) {transformation: [-0.9938f,0.0658f,0.0895f,-0.1453f,0.0684f,0.9973f,0.0265f,-0.5012f,-0.0875f,0.0324f,-0.9956f,0.3691f,0f,0f,0f,1f],start_interpolation: 0,interpolation_duration: 1}
$data merge entity $(bone_trigger) {transformation: [-0.9938f,0.0658f,0.0895f,-0.1478f,0.0684f,0.9973f,0.0265f,-0.4977f,-0.0875f,0.0324f,-0.9956f,0.3997f,0f,0f,0f,1f],start_interpolation: 0,interpolation_duration: 1}
$data merge entity $(bone_trigger_gaurd) {transformation: [-0.9938f,0.0658f,0.0895f,-0.1488f,0.0684f,0.9973f,0.0265f,-0.4697f,-0.0875f,0.0324f,-0.9956f,0.433f,0f,0f,0f,1f],start_interpolation: 0,interpolation_duration: 1}
$data merge entity $(bone_right_arm) {transformation: [-0.9938f,0.0895f,-0.0658f,-0.1515f,0.0684f,0.0265f,-0.9973f,-0.5113f,-0.0875f,-0.9956f,-0.0324f,0.0388f,0f,0f,0f,1f],start_interpolation: 0,interpolation_duration: 1}
$data merge entity $(bone_magazine1) {transformation: [0f,0f,0f,-0.2051f,0f,0f,0f,-0.4374f,0f,0f,0f,0.3878f,0f,0f,0f,1f],start_interpolation: 0,interpolation_duration: 1}
$data merge entity $(bone_left_arm) {transformation: [-0.7875f,0.4821f,0.3839f,0.0248f,-0.4002f,0.0736f,-0.9135f,-0.5146f,-0.4686f,-0.873f,0.135f,0.0672f,0f,0f,0f,1f],start_interpolation: 0,interpolation_duration: 1}
data modify entity @s data merge value {"cameras":{},"locators":{"barrel1":{"px":-0.1940426587334831,"py":-0.43067339505860824,"pz":0.7276165862312456,"ry":5.135754284991918,"rx":1.5180114575262014}}}