# This file was generated by Animated Java via MC-Build. It is not recommended to edit this file directly.
$data merge entity $(bone_muzzleflash) {transformation: [0f,0f,0f,-0.2852f,0f,0f,0f,-0.8456f,0f,0f,0f,0.3654f,0f,0f,0f,1f],start_interpolation: 0,interpolation_duration: 1}
$data merge entity $(bone_slide) {transformation: [-0.9938f,0.0679f,0.088f,-0.153f,0.0708f,0.997f,0.0311f,-0.3815f,-0.0856f,0.0371f,-0.9956f,0.5694f,0f,0f,0f,1f],start_interpolation: 0,interpolation_duration: 1}
$data merge entity $(bone_barrel) {transformation: [-0.9938f,0.0679f,0.088f,-0.0498f,0.0708f,0.997f,0.0311f,-0.47f,-0.0856f,0.0371f,-0.9956f,0.5757f,0f,0f,0f,1f],start_interpolation: 0,interpolation_duration: 1}
$data merge entity $(bone_magazine) {transformation: [-0.9938f,0.0679f,0.088f,-0.1448f,0.0708f,0.997f,0.0311f,-0.5085f,-0.0856f,0.0371f,-0.9956f,0.3683f,0f,0f,0f,1f],start_interpolation: 0,interpolation_duration: 1}
$data merge entity $(bone_grip) {transformation: [-0.9938f,0.0679f,0.088f,-0.1448f,0.0708f,0.997f,0.0311f,-0.5085f,-0.0856f,0.0371f,-0.9956f,0.3683f,0f,0f,0f,1f],start_interpolation: 0,interpolation_duration: 1}
$data merge entity $(bone_trigger) {transformation: [-0.9938f,0.0679f,0.088f,-0.1472f,0.0708f,0.997f,0.0311f,-0.5051f,-0.0856f,0.0371f,-0.9956f,0.399f,0f,0f,0f,1f],start_interpolation: 0,interpolation_duration: 1}
$data merge entity $(bone_trigger_gaurd) {transformation: [-0.9938f,0.0679f,0.088f,-0.1481f,0.0708f,0.997f,0.0311f,-0.4773f,-0.0856f,0.0371f,-0.9956f,0.4323f,0f,0f,0f,1f],start_interpolation: 0,interpolation_duration: 1}
$data merge entity $(bone_right_arm) {transformation: [-0.9938f,0.088f,-0.0679f,-0.1515f,0.0708f,0.0311f,-0.997f,-0.517f,-0.0856f,-0.9956f,-0.0371f,0.038f,0f,0f,0f,1f],start_interpolation: 0,interpolation_duration: 1}
$data merge entity $(bone_magazine1) {transformation: [0f,0f,0f,-0.2044f,0f,0f,0f,-0.4446f,0f,0f,0f,0.3874f,0f,0f,0f,1f],start_interpolation: 0,interpolation_duration: 1}
$data merge entity $(bone_left_arm) {transformation: [-0.7891f,0.4809f,0.3822f,0.0249f,-0.3964f,0.0768f,-0.9149f,-0.5207f,-0.4693f,-0.8734f,0.13f,0.0661f,0f,0f,0f,1f],start_interpolation: 0,interpolation_duration: 1}
data modify entity @s data merge value {"cameras":{},"locators":{"barrel1":{"px":-0.19278510326933398,"py":-0.43956003097503205,"pz":0.727253737788865,"ry":5.049618553919856,"rx":1.7802570122718029}}}