# This file was generated by Animated Java via MC-Build. It is not recommended to edit this file directly.
$data merge entity $(bone_muzzleflash) {transformation: [0f,0f,0f,-0.2885f,0f,0f,0f,-0.8493f,0f,0f,0f,0.3635f,0f,0f,0f,1f],start_interpolation: 0,interpolation_duration: 1}
$data merge entity $(bone_slide) {transformation: [-0.9935f,0.0737f,0.0868f,-0.1533f,0.077f,0.9964f,0.0348f,-0.3868f,-0.0839f,0.0413f,-0.9956f,0.5692f,0f,0f,0f,1f],start_interpolation: 0,interpolation_duration: 1}
$data merge entity $(bone_barrel) {transformation: [-0.9935f,0.0737f,0.0868f,-0.0506f,0.077f,0.9964f,0.0348f,-0.4759f,-0.0839f,0.0413f,-0.9956f,0.5751f,0f,0f,0f,1f],start_interpolation: 0,interpolation_duration: 1}
$data merge entity $(bone_magazine) {transformation: [-0.9935f,0.0737f,0.0868f,-0.1461f,0.077f,0.9964f,0.0348f,-0.513f,-0.0839f,0.0413f,-0.9956f,0.3676f,0f,0f,0f,1f],start_interpolation: 0,interpolation_duration: 1}
$data merge entity $(bone_grip) {transformation: [-0.9935f,0.0737f,0.0868f,-0.1461f,0.077f,0.9964f,0.0348f,-0.513f,-0.0839f,0.0413f,-0.9956f,0.3676f,0f,0f,0f,1f],start_interpolation: 0,interpolation_duration: 1}
$data merge entity $(bone_trigger) {transformation: [-0.9935f,0.0737f,0.0868f,-0.1484f,0.077f,0.9964f,0.0348f,-0.5097f,-0.0839f,0.0413f,-0.9956f,0.3983f,0f,0f,0f,1f],start_interpolation: 0,interpolation_duration: 1}
$data merge entity $(bone_trigger_gaurd) {transformation: [-0.9935f,0.0737f,0.0868f,-0.1491f,0.077f,0.9964f,0.0348f,-0.482f,-0.0839f,0.0413f,-0.9956f,0.4318f,0f,0f,0f,1f],start_interpolation: 0,interpolation_duration: 1}
$data merge entity $(bone_right_arm) {transformation: [-0.9935f,0.0868f,-0.0737f,-0.1533f,0.077f,0.0348f,-0.9964f,-0.52f,-0.0839f,-0.9956f,-0.0413f,0.0372f,0f,0f,0f,1f],start_interpolation: 0,interpolation_duration: 1}
$data merge entity $(bone_magazine1) {transformation: [0f,0f,0f,-0.2053f,0f,0f,0f,-0.4488f,0f,0f,0f,0.3871f,0f,0f,0f,1f],start_interpolation: 0,interpolation_duration: 1}
$data merge entity $(bone_left_arm) {transformation: [-0.792f,0.4801f,0.3771f,0.0231f,-0.3898f,0.0778f,-0.9176f,-0.5249f,-0.4699f,-0.8738f,0.1255f,0.0651f,0f,0f,0f,1f],start_interpolation: 0,interpolation_duration: 1}
data modify entity @s data merge value {"cameras":{},"locators":{"barrel1":{"px":-0.19319783966125148,"py":-0.4453053717770962,"pz":0.7269124207796918,"ry":4.981115700740332,"rx":1.996746844527506}}}