# This file was generated by Animated Java via MC-Build. It is not recommended to edit this file directly.
$data merge entity $(bone_muzzleflash) {transformation: [0f,0f,0f,-0.2957f,0f,0f,0f,-0.8487f,0f,0f,0f,0.3618f,0f,0f,0f,1f],start_interpolation: 0,interpolation_duration: 1}
$data merge entity $(bone_slide) {transformation: [-0.9927f,0.084f,0.0862f,-0.1556f,0.0875f,0.9955f,0.0376f,-0.3884f,-0.0826f,0.0448f,-0.9956f,0.5691f,0f,0f,0f,1f],start_interpolation: 0,interpolation_duration: 1}
$data merge entity $(bone_barrel) {transformation: [-0.9927f,0.084f,0.0862f,-0.0538f,0.0875f,0.9955f,0.0376f,-0.4785f,-0.0826f,0.0448f,-0.9956f,0.5745f,0f,0f,0f,1f],start_interpolation: 0,interpolation_duration: 1}
$data merge entity $(bone_magazine) {transformation: [-0.9927f,0.084f,0.0862f,-0.1499f,0.0875f,0.9955f,0.0376f,-0.5139f,-0.0826f,0.0448f,-0.9956f,0.367f,0f,0f,0f,1f],start_interpolation: 0,interpolation_duration: 1}
$data merge entity $(bone_grip) {transformation: [-0.9927f,0.084f,0.0862f,-0.1499f,0.0875f,0.9955f,0.0376f,-0.5139f,-0.0826f,0.0448f,-0.9956f,0.367f,0f,0f,0f,1f],start_interpolation: 0,interpolation_duration: 1}
$data merge entity $(bone_trigger) {transformation: [-0.9927f,0.084f,0.0862f,-0.1521f,0.0875f,0.9955f,0.0376f,-0.5107f,-0.0826f,0.0448f,-0.9956f,0.3977f,0f,0f,0f,1f],start_interpolation: 0,interpolation_duration: 1}
$data merge entity $(bone_trigger_gaurd) {transformation: [-0.9927f,0.084f,0.0862f,-0.1525f,0.0875f,0.9955f,0.0376f,-0.4832f,-0.0826f,0.0448f,-0.9956f,0.4313f,0f,0f,0f,1f],start_interpolation: 0,interpolation_duration: 1}
$data merge entity $(bone_right_arm) {transformation: [-0.9927f,0.0862f,-0.084f,-0.1575f,0.0875f,0.0376f,-0.9955f,-0.5197f,-0.0826f,-0.9956f,-0.0448f,0.0366f,0f,0f,0f,1f],start_interpolation: 0,interpolation_duration: 1}
$data merge entity $(bone_magazine1) {transformation: [0f,0f,0f,-0.2084f,0f,0f,0f,-0.4492f,0f,0f,0f,0.3868f,0f,0f,0f,1f],start_interpolation: 0,interpolation_duration: 1}
$data merge entity $(bone_left_arm) {transformation: [-0.7964f,0.48f,0.3678f,0.0189f,-0.3799f,0.076f,-0.9219f,-0.5265f,-0.4705f,-0.8739f,0.1218f,0.0643f,0f,0f,0f,1f],start_interpolation: 0,interpolation_duration: 1}
data modify entity @s data merge value {"cameras":{},"locators":{"barrel1":{"px":-0.19592222864539097,"py":-0.44703687275616694,"pz":0.7265985162608319,"ry":4.946369821146249,"rx":2.152791757114198}}}