# This file was generated by Animated Java via MC-Build. It is not recommended to edit this file directly.
$data merge entity $(bone_muzzleflash) {transformation: [0f,0f,0f,-0.3101f,0f,0f,0f,-0.842f,0f,0f,0f,0.3603f,0f,0f,0f,1f],start_interpolation: 0,interpolation_duration: 1}
$data merge entity $(bone_slide) {transformation: [-0.991f,0.103f,0.0859f,-0.161f,0.1067f,0.9935f,0.0392f,-0.3852f,-0.0813f,0.0481f,-0.9955f,0.5689f,0f,0f,0f,1f],start_interpolation: 0,interpolation_duration: 1}
$data merge entity $(bone_barrel) {transformation: [-0.991f,0.103f,0.0859f,-0.0609f,0.1067f,0.9935f,0.0392f,-0.4773f,-0.0813f,0.0481f,-0.9955f,0.574f,0f,0f,0f,1f],start_interpolation: 0,interpolation_duration: 1}
$data merge entity $(bone_magazine) {transformation: [-0.991f,0.103f,0.0859f,-0.1578f,0.1067f,0.9935f,0.0392f,-0.5101f,-0.0813f,0.0481f,-0.9955f,0.3665f,0f,0f,0f,1f],start_interpolation: 0,interpolation_duration: 1}
$data merge entity $(bone_grip) {transformation: [-0.991f,0.103f,0.0859f,-0.1578f,0.1067f,0.9935f,0.0392f,-0.5101f,-0.0813f,0.0481f,-0.9955f,0.3665f,0f,0f,0f,1f],start_interpolation: 0,interpolation_duration: 1}
$data merge entity $(bone_trigger) {transformation: [-0.991f,0.103f,0.0859f,-0.16f,0.1067f,0.9935f,0.0392f,-0.5069f,-0.0813f,0.0481f,-0.9955f,0.3971f,0f,0f,0f,1f],start_interpolation: 0,interpolation_duration: 1}
$data merge entity $(bone_trigger_gaurd) {transformation: [-0.991f,0.103f,0.0859f,-0.1598f,0.1067f,0.9935f,0.0392f,-0.4795f,-0.0813f,0.0481f,-0.9955f,0.4308f,0f,0f,0f,1f],start_interpolation: 0,interpolation_duration: 1}
$data merge entity $(bone_right_arm) {transformation: [-0.991f,0.0859f,-0.103f,-0.1659f,0.1067f,0.0392f,-0.9935f,-0.5146f,-0.0813f,-0.9955f,-0.0481f,0.0361f,0f,0f,0f,1f],start_interpolation: 0,interpolation_duration: 1}
$data merge entity $(bone_magazine1) {transformation: [0f,0f,0f,-0.2151f,0f,0f,0f,-0.4444f,0f,0f,0f,0.3865f,0f,0f,0f,1f],start_interpolation: 0,interpolation_duration: 1}
$data merge entity $(bone_left_arm) {transformation: [-0.804f,0.4806f,0.3503f,0.0104f,-0.3631f,0.0698f,-0.9291f,-0.5249f,-0.471f,-0.8742f,0.1184f,0.0636f,0f,0f,0f,1f],start_interpolation: 0,interpolation_duration: 1}
data modify entity @s data merge value {"cameras":{},"locators":{"barrel1":{"px":-0.2022554334457352,"py":-0.44358629712562553,"pz":0.7263148254768336,"ry":4.932340210017145,"rx":2.2493436666472246}}}