# This file was generated by Animated Java via MC-Build. It is not recommended to edit this file directly.
$data merge entity $(bone_muzzleflash) {transformation: [0f,0f,0f,-0.3322f,0f,0f,0f,-0.829f,0f,0f,0f,0.3588f,0f,0f,0f,1f],start_interpolation: 0,interpolation_duration: 1}
$data merge entity $(bone_slide) {transformation: [-0.9875f,0.1321f,0.0857f,-0.1695f,0.136f,0.9899f,0.0402f,-0.3775f,-0.0795f,0.0514f,-0.9955f,0.5688f,0f,0f,0f,1f],start_interpolation: 0,interpolation_duration: 1}
$data merge entity $(bone_barrel) {transformation: [-0.9875f,0.1321f,0.0857f,-0.0722f,0.136f,0.9899f,0.0402f,-0.4725f,-0.0795f,0.0514f,-0.9955f,0.5734f,0f,0f,0f,1f],start_interpolation: 0,interpolation_duration: 1}
$data merge entity $(bone_magazine) {transformation: [-0.9875f,0.1321f,0.0857f,-0.1703f,0.136f,0.9899f,0.0402f,-0.5017f,-0.0795f,0.0514f,-0.9955f,0.3659f,0f,0f,0f,1f],start_interpolation: 0,interpolation_duration: 1}
$data merge entity $(bone_grip) {transformation: [-0.9875f,0.1321f,0.0857f,-0.1703f,0.136f,0.9899f,0.0402f,-0.5017f,-0.0795f,0.0514f,-0.9955f,0.3659f,0f,0f,0f,1f],start_interpolation: 0,interpolation_duration: 1}
$data merge entity $(bone_trigger) {transformation: [-0.9875f,0.1321f,0.0857f,-0.1723f,0.136f,0.9899f,0.0402f,-0.4986f,-0.0795f,0.0514f,-0.9955f,0.3966f,0f,0f,0f,1f],start_interpolation: 0,interpolation_duration: 1}
$data merge entity $(bone_trigger_gaurd) {transformation: [-0.9875f,0.1321f,0.0857f,-0.1713f,0.136f,0.9899f,0.0402f,-0.4713f,-0.0795f,0.0514f,-0.9955f,0.4304f,0f,0f,0f,1f],start_interpolation: 0,interpolation_duration: 1}
$data merge entity $(bone_right_arm) {transformation: [-0.9875f,0.0857f,-0.1321f,-0.1789f,0.136f,0.0402f,-0.9899f,-0.5048f,-0.0795f,-0.9955f,-0.0514f,0.0355f,0f,0f,0f,1f],start_interpolation: 0,interpolation_duration: 1}
$data merge entity $(bone_magazine1) {transformation: [0f,0f,0f,-0.2256f,0f,0f,0f,-0.4344f,0f,0f,0f,0.3862f,0f,0f,0f,1f],start_interpolation: 0,interpolation_duration: 1}
$data merge entity $(bone_left_arm) {transformation: [-0.8149f,0.4812f,0.323f,-0.003f,-0.3377f,0.0587f,-0.9394f,-0.5203f,-0.471f,-0.8746f,0.1146f,0.0627f,0f,0f,0f,1f],start_interpolation: 0,interpolation_duration: 1}
data modify entity @s data merge value {"cameras":{},"locators":{"barrel1":{"px":-0.21228138332853458,"py":-0.4351906618409165,"pz":0.7260585409210327,"ry":4.919072494243949,"rx":2.3042752362338406}}}