# This file was generated by Animated Java via MC-Build. It is not recommended to edit this file directly.
$data merge entity $(bone_muzzleflash) {transformation: [0f,0f,0f,-0.2142f,0f,0f,0f,-0.7447f,0f,0f,0f,0.3991f,0f,0f,0f,1f],start_interpolation: 0,interpolation_duration: 1}
$data merge entity $(bone_slide) {transformation: [-0.9939f,0.1099f,-0.0014f,-0.046f,0.1099f,0.9937f,-0.0195f,-0.2777f,-0.0008f,-0.0195f,-0.9998f,0.5668f,0f,0f,0f,1f],start_interpolation: 0,interpolation_duration: 1}
$data merge entity $(bone_barrel) {transformation: [-0.9939f,0.1099f,-0.0014f,0.0538f,0.1099f,0.9937f,-0.0195f,-0.3701f,-0.0008f,-0.0195f,-0.9998f,0.5684f,0f,0f,0f,1f],start_interpolation: 0,interpolation_duration: 1}
$data merge entity $(bone_magazine) {transformation: [-0.9939f,0.1099f,-0.0014f,-0.061f,0.1099f,0.9937f,-0.0195f,-0.4142f,-0.0008f,-0.0195f,-0.9998f,0.3725f,0f,0f,0f,1f],start_interpolation: 0,interpolation_duration: 1}
$data merge entity $(bone_grip) {transformation: [-0.9939f,0.1099f,-0.0014f,-0.061f,0.1099f,0.9937f,-0.0195f,-0.4142f,-0.0008f,-0.0195f,-0.9998f,0.3725f,0f,0f,0f,1f],start_interpolation: 0,interpolation_duration: 1}
$data merge entity $(bone_trigger) {transformation: [-0.9939f,0.1099f,-0.0014f,-0.0604f,0.1099f,0.9937f,-0.0195f,-0.4092f,-0.0008f,-0.0195f,-0.9998f,0.403f,0f,0f,0f,1f],start_interpolation: 0,interpolation_duration: 1}
$data merge entity $(bone_trigger_gaurd) {transformation: [-0.9939f,0.1099f,-0.0014f,-0.0572f,0.1099f,0.9937f,-0.0195f,-0.3799f,-0.0008f,-0.0195f,-0.9998f,0.4349f,0f,0f,0f,1f],start_interpolation: 0,interpolation_duration: 1}
$data merge entity $(bone_right_arm) {transformation: [-0.9939f,-0.0014f,-0.1099f,-0.0979f,0.1099f,-0.0195f,-0.9937f,-0.4379f,-0.0008f,-0.9998f,0.0195f,0.0449f,0f,0f,0f,1f],start_interpolation: 0,interpolation_duration: 1}
$data merge entity $(bone_magazine1) {transformation: [0f,0f,0f,-0.1161f,0f,0f,0f,-0.3469f,0f,0f,0f,0.3935f,0f,0f,0f,1f],start_interpolation: 0,interpolation_duration: 1}
$data merge entity $(bone_left_arm) {transformation: [-0.8432f,0.4025f,0.3563f,0.08f,-0.3832f,0.0148f,-0.9235f,-0.4479f,-0.377f,-0.9153f,0.1417f,0.0575f,0f,0f,0f,1f],start_interpolation: 0,interpolation_duration: 1}
data modify entity @s data merge value {"cameras":{},"locators":{"barrel1":{"px":-0.07354153908027126,"py":-0.32646563626845115,"pz":0.7302979512027312,"ry":359.92132933402047,"rx":-1.1156541409645617}}}