# This file was generated by Animated Java via MC-Build. It is not recommended to edit this file directly.
$data merge entity $(bone_muzzleflash) {transformation: [0f,0f,0f,-0.3595f,0f,0f,0f,-0.811f,0f,0f,0f,0.3574f,0f,0f,0f,1f],start_interpolation: 0,interpolation_duration: 1}
$data merge entity $(bone_slide) {transformation: [-0.9821f,0.1681f,0.0855f,-0.1802f,0.172f,0.9843f,0.0406f,-0.3664f,-0.0773f,0.0546f,-0.9955f,0.5687f,0f,0f,0f,1f],start_interpolation: 0,interpolation_duration: 1}
$data merge entity $(bone_barrel) {transformation: [-0.9821f,0.1681f,0.0855f,-0.0864f,0.172f,0.9843f,0.0406f,-0.4649f,-0.0773f,0.0546f,-0.9955f,0.5728f,0f,0f,0f,1f],start_interpolation: 0,interpolation_duration: 1}
$data merge entity $(bone_magazine) {transformation: [-0.9821f,0.1681f,0.0855f,-0.1858f,0.172f,0.9843f,0.0406f,-0.4898f,-0.0773f,0.0546f,-0.9955f,0.3654f,0f,0f,0f,1f],start_interpolation: 0,interpolation_duration: 1}
$data merge entity $(bone_grip) {transformation: [-0.9821f,0.1681f,0.0855f,-0.1858f,0.172f,0.9843f,0.0406f,-0.4898f,-0.0773f,0.0546f,-0.9955f,0.3654f,0f,0f,0f,1f],start_interpolation: 0,interpolation_duration: 1}
$data merge entity $(bone_trigger) {transformation: [-0.9821f,0.1681f,0.0855f,-0.1877f,0.172f,0.9843f,0.0406f,-0.4867f,-0.0773f,0.0546f,-0.9955f,0.3961f,0f,0f,0f,1f],start_interpolation: 0,interpolation_duration: 1}
$data merge entity $(bone_trigger_gaurd) {transformation: [-0.9821f,0.1681f,0.0855f,-0.1856f,0.172f,0.9843f,0.0406f,-0.4596f,-0.0773f,0.0546f,-0.9955f,0.43f,0f,0f,0f,1f],start_interpolation: 0,interpolation_duration: 1}
$data merge entity $(bone_right_arm) {transformation: [-0.9821f,0.0855f,-0.1681f,-0.1951f,0.172f,0.0406f,-0.9843f,-0.4914f,-0.0773f,-0.9955f,-0.0546f,0.035f,0f,0f,0f,1f],start_interpolation: 0,interpolation_duration: 1}
$data merge entity $(bone_magazine1) {transformation: [0f,0f,0f,-0.2386f,0f,0f,0f,-0.4206f,0f,0f,0f,0.386f,0f,0f,0f,1f],start_interpolation: 0,interpolation_duration: 1}
$data merge entity $(bone_left_arm) {transformation: [-0.8274f,0.4817f,0.2889f,-0.0198f,-0.3062f,0.0443f,-0.9509f,-0.5134f,-0.4708f,-0.8752f,0.1108f,0.0618f,0f,0f,0f,1f],start_interpolation: 0,interpolation_duration: 1}
data modify entity @s data merge value {"cameras":{},"locators":{"barrel1":{"px":-0.22478555759050356,"py":-0.42307213260847976,"pz":0.7258297246254661,"ry":4.90965870773627,"rx":2.3272060342753598}}}