# This file was generated by Animated Java via MC-Build. It is not recommended to edit this file directly.
$data merge entity $(bone_muzzleflash) {transformation: [0f,0f,0f,-0.3893f,0f,0f,0f,-0.7894f,0f,0f,0f,0.3561f,0f,0f,0f,1f],start_interpolation: 0,interpolation_duration: 1}
$data merge entity $(bone_slide) {transformation: [-0.9745f,0.2075f,0.0854f,-0.192f,0.2115f,0.9765f,0.0406f,-0.3531f,-0.075f,0.0576f,-0.9955f,0.5687f,0f,0f,0f,1f],start_interpolation: 0,interpolation_duration: 1}
$data merge entity $(bone_barrel) {transformation: [-0.9745f,0.2075f,0.0854f,-0.1022f,0.2115f,0.9765f,0.0406f,-0.4553f,-0.075f,0.0576f,-0.9955f,0.5722f,0f,0f,0f,1f],start_interpolation: 0,interpolation_duration: 1}
$data merge entity $(bone_magazine) {transformation: [-0.9745f,0.2075f,0.0854f,-0.2029f,0.2115f,0.9765f,0.0406f,-0.4754f,-0.075f,0.0576f,-0.9955f,0.3649f,0f,0f,0f,1f],start_interpolation: 0,interpolation_duration: 1}
$data merge entity $(bone_grip) {transformation: [-0.9745f,0.2075f,0.0854f,-0.2029f,0.2115f,0.9765f,0.0406f,-0.4754f,-0.075f,0.0576f,-0.9955f,0.3649f,0f,0f,0f,1f],start_interpolation: 0,interpolation_duration: 1}
$data merge entity $(bone_trigger) {transformation: [-0.9745f,0.2075f,0.0854f,-0.2046f,0.2115f,0.9765f,0.0406f,-0.4724f,-0.075f,0.0576f,-0.9955f,0.3956f,0f,0f,0f,1f],start_interpolation: 0,interpolation_duration: 1}
$data merge entity $(bone_trigger_gaurd) {transformation: [-0.9745f,0.2075f,0.0854f,-0.2013f,0.2115f,0.9765f,0.0406f,-0.4455f,-0.075f,0.0576f,-0.9955f,0.4296f,0f,0f,0f,1f],start_interpolation: 0,interpolation_duration: 1}
$data merge entity $(bone_right_arm) {transformation: [-0.9745f,0.0854f,-0.2075f,-0.2127f,0.2115f,0.0406f,-0.9765f,-0.4756f,-0.075f,-0.9955f,-0.0576f,0.0345f,0f,0f,0f,1f],start_interpolation: 0,interpolation_duration: 1}
$data merge entity $(bone_magazine1) {transformation: [0f,0f,0f,-0.2528f,0f,0f,0f,-0.4043f,0f,0f,0f,0.3859f,0f,0f,0f,1f],start_interpolation: 0,interpolation_duration: 1}
$data merge entity $(bone_left_arm) {transformation: [-0.8398f,0.4816f,0.2507f,-0.0384f,-0.2712f,0.028f,-0.9621f,-0.5046f,-0.4704f,-0.8759f,0.1071f,0.061f,0f,0f,0f,1f],start_interpolation: 0,interpolation_duration: 1}
data modify entity @s data merge value {"cameras":{},"locators":{"barrel1":{"px":-0.23853444169627366,"py":-0.4084652355561641,"pz":0.7256303150649352,"ry":4.904998175596376,"rx":2.326709701681537}}}