# This file was generated by Animated Java via MC-Build. It is not recommended to edit this file directly.
$data merge entity $(bone_muzzleflash) {transformation: [0f,0f,0f,-0.419f,0f,0f,0f,-0.7659f,0f,0f,0f,0.355f,0f,0f,0f,1f],start_interpolation: 0,interpolation_duration: 1}
$data merge entity $(bone_slide) {transformation: [-0.9652f,0.247f,0.0854f,-0.2038f,0.251f,0.9671f,0.0403f,-0.3387f,-0.0727f,0.0604f,-0.9955f,0.5686f,0f,0f,0f,1f],start_interpolation: 0,interpolation_duration: 1}
$data merge entity $(bone_barrel) {transformation: [-0.9652f,0.247f,0.0854f,-0.1182f,0.251f,0.9671f,0.0403f,-0.4444f,-0.0727f,0.0604f,-0.9955f,0.5716f,0f,0f,0f,1f],start_interpolation: 0,interpolation_duration: 1}
$data merge entity $(bone_magazine) {transformation: [-0.9652f,0.247f,0.0854f,-0.2199f,0.251f,0.9671f,0.0403f,-0.4598f,-0.0727f,0.0604f,-0.9955f,0.3644f,0f,0f,0f,1f],start_interpolation: 0,interpolation_duration: 1}
$data merge entity $(bone_grip) {transformation: [-0.9652f,0.247f,0.0854f,-0.2199f,0.251f,0.9671f,0.0403f,-0.4598f,-0.0727f,0.0604f,-0.9955f,0.3644f,0f,0f,0f,1f],start_interpolation: 0,interpolation_duration: 1}
$data merge entity $(bone_trigger) {transformation: [-0.9652f,0.247f,0.0854f,-0.2215f,0.251f,0.9671f,0.0403f,-0.4568f,-0.0727f,0.0604f,-0.9955f,0.3952f,0f,0f,0f,1f],start_interpolation: 0,interpolation_duration: 1}
$data merge entity $(bone_trigger_gaurd) {transformation: [-0.9652f,0.247f,0.0854f,-0.2171f,0.251f,0.9671f,0.0403f,-0.4302f,-0.0727f,0.0604f,-0.9955f,0.4292f,0f,0f,0f,1f],start_interpolation: 0,interpolation_duration: 1}
$data merge entity $(bone_right_arm) {transformation: [-0.9652f,0.0854f,-0.247f,-0.2303f,0.251f,0.0403f,-0.9671f,-0.4585f,-0.0727f,-0.9955f,-0.0604f,0.0341f,0f,0f,0f,1f],start_interpolation: 0,interpolation_duration: 1}
$data merge entity $(bone_magazine1) {transformation: [0f,0f,0f,-0.267f,0f,0f,0f,-0.3868f,0f,0f,0f,0.3857f,0f,0f,0f,1f],start_interpolation: 0,interpolation_duration: 1}
$data merge entity $(bone_left_arm) {transformation: [-0.8508f,0.4809f,0.2117f,-0.0573f,-0.2354f,0.0113f,-0.9718f,-0.4947f,-0.4698f,-0.8767f,0.1036f,0.0602f,0f,0f,0f,1f],start_interpolation: 0,interpolation_duration: 1}
data modify entity @s data merge value {"cameras":{},"locators":{"barrel1":{"px":-0.25229047371241986,"py":-0.3926283461938643,"pz":0.7254643179369258,"ry":4.904202560377314,"rx":2.3101040871291194}}}