# This file was generated by Animated Java via MC-Build. It is not recommended to edit this file directly.
$data merge entity $(bone_muzzleflash) {transformation: [0f,0f,0f,-0.446f,0f,0f,0f,-0.7426f,0f,0f,0f,0.3541f,0f,0f,0f,1f],start_interpolation: 0,interpolation_duration: 1}
$data merge entity $(bone_slide) {transformation: [-0.9552f,0.2834f,0.0854f,-0.2145f,0.2875f,0.957f,0.0398f,-0.3243f,-0.0705f,0.0626f,-0.9955f,0.5685f,0f,0f,0f,1f],start_interpolation: 0,interpolation_duration: 1}
$data merge entity $(bone_barrel) {transformation: [-0.9552f,0.2834f,0.0854f,-0.133f,0.2875f,0.957f,0.0398f,-0.4332f,-0.0705f,0.0626f,-0.9955f,0.5712f,0f,0f,0f,1f],start_interpolation: 0,interpolation_duration: 1}
$data merge entity $(bone_magazine) {transformation: [-0.9552f,0.2834f,0.0854f,-0.2355f,0.2875f,0.957f,0.0398f,-0.4442f,-0.0705f,0.0626f,-0.9955f,0.3641f,0f,0f,0f,1f],start_interpolation: 0,interpolation_duration: 1}
$data merge entity $(bone_grip) {transformation: [-0.9552f,0.2834f,0.0854f,-0.2355f,0.2875f,0.957f,0.0398f,-0.4442f,-0.0705f,0.0626f,-0.9955f,0.3641f,0f,0f,0f,1f],start_interpolation: 0,interpolation_duration: 1}
$data merge entity $(bone_trigger) {transformation: [-0.9552f,0.2834f,0.0854f,-0.2369f,0.2875f,0.957f,0.0398f,-0.4412f,-0.0705f,0.0626f,-0.9955f,0.3948f,0f,0f,0f,1f],start_interpolation: 0,interpolation_duration: 1}
$data merge entity $(bone_trigger_gaurd) {transformation: [-0.9552f,0.2834f,0.0854f,-0.2315f,0.2875f,0.957f,0.0398f,-0.4149f,-0.0705f,0.0626f,-0.9955f,0.429f,0f,0f,0f,1f],start_interpolation: 0,interpolation_duration: 1}
$data merge entity $(bone_right_arm) {transformation: [-0.9552f,0.0854f,-0.2834f,-0.2464f,0.2875f,0.0398f,-0.957f,-0.4416f,-0.0705f,-0.9955f,-0.0626f,0.0338f,0f,0f,0f,1f],start_interpolation: 0,interpolation_duration: 1}
$data merge entity $(bone_magazine1) {transformation: [0f,0f,0f,-0.2797f,0f,0f,0f,-0.3695f,0f,0f,0f,0.3857f,0f,0f,0f,1f],start_interpolation: 0,interpolation_duration: 1}
$data merge entity $(bone_left_arm) {transformation: [-0.8598f,0.4798f,0.175f,-0.0748f,-0.2018f,-0.0044f,-0.9794f,-0.4843f,-0.4691f,-0.8774f,0.1006f,0.0595f,0f,0f,0f,1f],start_interpolation: 0,interpolation_duration: 1}
data modify entity @s data merge value {"cameras":{},"locators":{"barrel1":{"px":-0.26482357048945643,"py":-0.3768489316602439,"pz":0.7253376763177506,"ry":4.90495774344771,"rx":2.283574598457989}}}