# This file was generated by Animated Java via MC-Build. It is not recommended to edit this file directly.
$data merge entity $(bone_muzzleflash) {transformation: [0f,0f,0f,-0.468f,0f,0f,0f,-0.7214f,0f,0f,0f,0.3535f,0f,0f,0f,1f],start_interpolation: 0,interpolation_duration: 1}
$data merge entity $(bone_slide) {transformation: [-0.9457f,0.3136f,0.0854f,-0.2232f,0.3177f,0.9474f,0.0393f,-0.3112f,-0.0686f,0.0643f,-0.9956f,0.5685f,0f,0f,0f,1f],start_interpolation: 0,interpolation_duration: 1}
$data merge entity $(bone_barrel) {transformation: [-0.9457f,0.3136f,0.0854f,-0.1451f,0.3177f,0.9474f,0.0393f,-0.4226f,-0.0686f,0.0643f,-0.9956f,0.5708f,0f,0f,0f,1f],start_interpolation: 0,interpolation_duration: 1}
$data merge entity $(bone_magazine) {transformation: [-0.9457f,0.3136f,0.0854f,-0.2482f,0.3177f,0.9474f,0.0393f,-0.4299f,-0.0686f,0.0643f,-0.9956f,0.3638f,0f,0f,0f,1f],start_interpolation: 0,interpolation_duration: 1}
$data merge entity $(bone_grip) {transformation: [-0.9457f,0.3136f,0.0854f,-0.2482f,0.3177f,0.9474f,0.0393f,-0.4299f,-0.0686f,0.0643f,-0.9956f,0.3638f,0f,0f,0f,1f],start_interpolation: 0,interpolation_duration: 1}
$data merge entity $(bone_trigger) {transformation: [-0.9457f,0.3136f,0.0854f,-0.2495f,0.3177f,0.9474f,0.0393f,-0.427f,-0.0686f,0.0643f,-0.9956f,0.3946f,0f,0f,0f,1f],start_interpolation: 0,interpolation_duration: 1}
$data merge entity $(bone_trigger_gaurd) {transformation: [-0.9457f,0.3136f,0.0854f,-0.2432f,0.3177f,0.9474f,0.0393f,-0.4009f,-0.0686f,0.0643f,-0.9956f,0.4288f,0f,0f,0f,1f],start_interpolation: 0,interpolation_duration: 1}
$data merge entity $(bone_right_arm) {transformation: [-0.9457f,0.0854f,-0.3136f,-0.2594f,0.3177f,0.0393f,-0.9474f,-0.4262f,-0.0686f,-0.9956f,-0.0643f,0.0335f,0f,0f,0f,1f],start_interpolation: 0,interpolation_duration: 1}
$data merge entity $(bone_magazine1) {transformation: [0f,0f,0f,-0.29f,0f,0f,0f,-0.3539f,0f,0f,0f,0.3856f,0f,0f,0f,1f],start_interpolation: 0,interpolation_duration: 1}
$data merge entity $(bone_left_arm) {transformation: [-0.8663f,0.4783f,0.1441f,-0.0892f,-0.1735f,-0.0176f,-0.9847f,-0.4744f,-0.4684f,-0.878f,0.0983f,0.0589f,0f,0f,0f,1f],start_interpolation: 0,interpolation_duration: 1}
data modify entity @s data merge value {"cameras":{},"locators":{"barrel1":{"px":-0.27491858818546255,"py":-0.3624415163609124,"pz":0.7252578211545722,"ry":4.903973017115163,"rx":2.2524611238013432}}}