# This file was generated by Animated Java via MC-Build. It is not recommended to edit this file directly.
$data merge entity $(bone_muzzleflash) {transformation: [0f,0f,0f,-0.4828f,0f,0f,0f,-0.7048f,0f,0f,0f,0.3532f,0f,0f,0f,1f],start_interpolation: 0,interpolation_duration: 1}
$data merge entity $(bone_slide) {transformation: [-0.9384f,0.3347f,0.0853f,-0.2287f,0.3388f,0.9401f,0.0388f,-0.3004f,-0.0672f,0.0653f,-0.9956f,0.5685f,0f,0f,0f,1f],start_interpolation: 0,interpolation_duration: 1}
$data merge entity $(bone_barrel) {transformation: [-0.9384f,0.3347f,0.0853f,-0.1531f,0.3388f,0.9401f,0.0388f,-0.4136f,-0.0672f,0.0653f,-0.9956f,0.5706f,0f,0f,0f,1f],start_interpolation: 0,interpolation_duration: 1}
$data merge entity $(bone_magazine) {transformation: [-0.9384f,0.3347f,0.0853f,-0.2566f,0.3388f,0.9401f,0.0388f,-0.4183f,-0.0672f,0.0653f,-0.9956f,0.3637f,0f,0f,0f,1f],start_interpolation: 0,interpolation_duration: 1}
$data merge entity $(bone_grip) {transformation: [-0.9384f,0.3347f,0.0853f,-0.2566f,0.3388f,0.9401f,0.0388f,-0.4183f,-0.0672f,0.0653f,-0.9956f,0.3637f,0f,0f,0f,1f],start_interpolation: 0,interpolation_duration: 1}
$data merge entity $(bone_trigger) {transformation: [-0.9384f,0.3347f,0.0853f,-0.2577f,0.3388f,0.9401f,0.0388f,-0.4154f,-0.0672f,0.0653f,-0.9956f,0.3945f,0f,0f,0f,1f],start_interpolation: 0,interpolation_duration: 1}
$data merge entity $(bone_trigger_gaurd) {transformation: [-0.9384f,0.3347f,0.0853f,-0.2508f,0.3388f,0.9401f,0.0388f,-0.3895f,-0.0672f,0.0653f,-0.9956f,0.4286f,0f,0f,0f,1f],start_interpolation: 0,interpolation_duration: 1}
$data merge entity $(bone_right_arm) {transformation: [-0.9384f,0.0853f,-0.3347f,-0.2679f,0.3388f,0.0388f,-0.9401f,-0.4139f,-0.0672f,-0.9956f,-0.0653f,0.0334f,0f,0f,0f,1f],start_interpolation: 0,interpolation_duration: 1}
$data merge entity $(bone_magazine1) {transformation: [0f,0f,0f,-0.2966f,0f,0f,0f,-0.3414f,0f,0f,0f,0.3856f,0f,0f,0f,1f],start_interpolation: 0,interpolation_duration: 1}
$data merge entity $(bone_left_arm) {transformation: [-0.8704f,0.4769f,0.1221f,-0.0989f,-0.1535f,-0.0271f,-0.9878f,-0.4659f,-0.4678f,-0.8785f,0.0968f,0.0585f,0f,0f,0f,1f],start_interpolation: 0,interpolation_duration: 1}
data modify entity @s data merge value {"cameras":{},"locators":{"barrel1":{"px":-0.2813778279891567,"py":-0.35073805612051934,"pz":0.7252329029753382,"ry":4.897623096892914,"rx":2.221565148351286}}}