# This file was generated by Animated Java via MC-Build. It is not recommended to edit this file directly.
$data merge entity $(bone_muzzleflash) {transformation: [0f,0f,0f,-0.4881f,0f,0f,0f,-0.695f,0f,0f,0f,0.3532f,0f,0f,0f,1f],start_interpolation: 0,interpolation_duration: 1}
$data merge entity $(bone_slide) {transformation: [-0.9352f,0.3439f,0.0851f,-0.2299f,0.3479f,0.9367f,0.0383f,-0.2932f,-0.0665f,0.0654f,-0.9956f,0.5685f,0f,0f,0f,1f],start_interpolation: 0,interpolation_duration: 1}
$data merge entity $(bone_barrel) {transformation: [-0.9352f,0.3439f,0.0851f,-0.1555f,0.3479f,0.9367f,0.0383f,-0.4071f,-0.0665f,0.0654f,-0.9956f,0.5705f,0f,0f,0f,1f],start_interpolation: 0,interpolation_duration: 1}
$data merge entity $(bone_magazine) {transformation: [-0.9352f,0.3439f,0.0851f,-0.2591f,0.3479f,0.9367f,0.0383f,-0.4107f,-0.0665f,0.0654f,-0.9956f,0.3637f,0f,0f,0f,1f],start_interpolation: 0,interpolation_duration: 1}
$data merge entity $(bone_grip) {transformation: [-0.9352f,0.3439f,0.0851f,-0.2591f,0.3479f,0.9367f,0.0383f,-0.4107f,-0.0665f,0.0654f,-0.9956f,0.3637f,0f,0f,0f,1f],start_interpolation: 0,interpolation_duration: 1}
$data merge entity $(bone_trigger) {transformation: [-0.9352f,0.3439f,0.0851f,-0.2602f,0.3479f,0.9367f,0.0383f,-0.4078f,-0.0665f,0.0654f,-0.9956f,0.3945f,0f,0f,0f,1f],start_interpolation: 0,interpolation_duration: 1}
$data merge entity $(bone_trigger_gaurd) {transformation: [-0.9352f,0.3439f,0.0851f,-0.253f,0.3479f,0.9367f,0.0383f,-0.382f,-0.0665f,0.0654f,-0.9956f,0.4286f,0f,0f,0f,1f],start_interpolation: 0,interpolation_duration: 1}
$data merge entity $(bone_right_arm) {transformation: [-0.9352f,0.0851f,-0.3439f,-0.2706f,0.3479f,0.0383f,-0.9367f,-0.4061f,-0.0665f,-0.9956f,-0.0654f,0.0334f,0f,0f,0f,1f],start_interpolation: 0,interpolation_duration: 1}
$data merge entity $(bone_magazine1) {transformation: [0f,0f,0f,-0.2984f,0f,0f,0f,-0.3334f,0f,0f,0f,0.3857f,0f,0f,0f,1f],start_interpolation: 0,interpolation_duration: 1}
$data merge entity $(bone_left_arm) {transformation: [-0.8722f,0.4761f,0.1126f,-0.1021f,-0.1448f,-0.0314f,-0.989f,-0.4598f,-0.4673f,-0.8788f,0.0963f,0.0584f,0f,0f,0f,1f],start_interpolation: 0,interpolation_duration: 1}
data modify entity @s data merge value {"cameras":{},"locators":{"barrel1":{"px":-0.2830179566045276,"py":-0.34307108983829177,"pz":0.7252707052621612,"ry":4.8828409014763565,"rx":2.1954060017794785}}}