# This file was generated by Animated Java via MC-Build. It is not recommended to edit this file directly.
$data merge entity $(bone_muzzleflash) {transformation: [0f,0f,0f,-0.4817f,0f,0f,0f,-0.6943f,0f,0f,0f,0.3536f,0f,0f,0f,1f],start_interpolation: 0,interpolation_duration: 1}
$data merge entity $(bone_slide) {transformation: [-0.9373f,0.3381f,0.0846f,-0.2259f,0.3421f,0.9389f,0.038f,-0.2907f,-0.0666f,0.0646f,-0.9957f,0.5686f,0f,0f,0f,1f],start_interpolation: 0,interpolation_duration: 1}
$data merge entity $(bone_barrel) {transformation: [-0.9373f,0.3381f,0.0846f,-0.1508f,0.3421f,0.9389f,0.038f,-0.4041f,-0.0666f,0.0646f,-0.9957f,0.5706f,0f,0f,0f,1f],start_interpolation: 0,interpolation_duration: 1}
$data merge entity $(bone_magazine) {transformation: [-0.9373f,0.3381f,0.0846f,-0.2544f,0.3421f,0.9389f,0.038f,-0.4085f,-0.0666f,0.0646f,-0.9957f,0.3638f,0f,0f,0f,1f],start_interpolation: 0,interpolation_duration: 1}
$data merge entity $(bone_grip) {transformation: [-0.9373f,0.3381f,0.0846f,-0.2544f,0.3421f,0.9389f,0.038f,-0.4085f,-0.0666f,0.0646f,-0.9957f,0.3638f,0f,0f,0f,1f],start_interpolation: 0,interpolation_duration: 1}
$data merge entity $(bone_trigger) {transformation: [-0.9373f,0.3381f,0.0846f,-0.2555f,0.3421f,0.9389f,0.038f,-0.4056f,-0.0666f,0.0646f,-0.9957f,0.3946f,0f,0f,0f,1f],start_interpolation: 0,interpolation_duration: 1}
$data merge entity $(bone_trigger_gaurd) {transformation: [-0.9373f,0.3381f,0.0846f,-0.2485f,0.3421f,0.9389f,0.038f,-0.3797f,-0.0666f,0.0646f,-0.9957f,0.4288f,0f,0f,0f,1f],start_interpolation: 0,interpolation_duration: 1}
$data merge entity $(bone_right_arm) {transformation: [-0.9373f,0.0846f,-0.3381f,-0.266f,0.3421f,0.038f,-0.9389f,-0.4042f,-0.0666f,-0.9957f,-0.0646f,0.0336f,0f,0f,0f,1f],start_interpolation: 0,interpolation_duration: 1}
$data merge entity $(bone_magazine1) {transformation: [0f,0f,0f,-0.2941f,0f,0f,0f,-0.3315f,0f,0f,0f,0.3858f,0f,0f,0f,1f],start_interpolation: 0,interpolation_duration: 1}
$data merge entity $(bone_left_arm) {transformation: [-0.8713f,0.4761f,0.1188f,-0.0971f,-0.1506f,-0.0292f,-0.9882f,-0.4569f,-0.467f,-0.8789f,0.0971f,0.0586f,0f,0f,0f,1f],start_interpolation: 0,interpolation_duration: 1}
data modify entity @s data merge value {"cameras":{},"locators":{"barrel1":{"px":-0.2786615459131785,"py":-0.34075065945093347,"pz":0.7253772390968011,"ry":4.858267942003209,"rx":2.1784870851795906}}}