# This file was generated by Animated Java via MC-Build. It is not recommended to edit this file directly.
$data merge entity $(bone_muzzleflash) {transformation: [0f,0f,0f,-0.4594f,0f,0f,0f,-0.7049f,0f,0f,0f,0.3543f,0f,0f,0f,1f],start_interpolation: 0,interpolation_duration: 1}
$data merge entity $(bone_slide) {transformation: [-0.9462f,0.3125f,0.0841f,-0.2148f,0.3165f,0.9478f,0.0385f,-0.2941f,-0.0677f,0.063f,-0.9957f,0.5686f,0f,0f,0f,1f],start_interpolation: 0,interpolation_duration: 1}
$data merge entity $(bone_barrel) {transformation: [-0.9462f,0.3125f,0.0841f,-0.1366f,0.3165f,0.9478f,0.0385f,-0.4055f,-0.0677f,0.063f,-0.9957f,0.5709f,0f,0f,0f,1f],start_interpolation: 0,interpolation_duration: 1}
$data merge entity $(bone_magazine) {transformation: [-0.9462f,0.3125f,0.0841f,-0.2399f,0.3165f,0.9478f,0.0385f,-0.4131f,-0.0677f,0.063f,-0.9957f,0.3641f,0f,0f,0f,1f],start_interpolation: 0,interpolation_duration: 1}
$data merge entity $(bone_grip) {transformation: [-0.9462f,0.3125f,0.0841f,-0.2399f,0.3165f,0.9478f,0.0385f,-0.4131f,-0.0677f,0.063f,-0.9957f,0.3641f,0f,0f,0f,1f],start_interpolation: 0,interpolation_duration: 1}
$data merge entity $(bone_trigger) {transformation: [-0.9462f,0.3125f,0.0841f,-0.2411f,0.3165f,0.9478f,0.0385f,-0.4101f,-0.0677f,0.063f,-0.9957f,0.3949f,0f,0f,0f,1f],start_interpolation: 0,interpolation_duration: 1}
$data merge entity $(bone_trigger_gaurd) {transformation: [-0.9462f,0.3125f,0.0841f,-0.2348f,0.3165f,0.9478f,0.0385f,-0.384f,-0.0677f,0.063f,-0.9957f,0.429f,0f,0f,0f,1f],start_interpolation: 0,interpolation_duration: 1}
$data merge entity $(bone_right_arm) {transformation: [-0.9462f,0.0841f,-0.3125f,-0.2515f,0.3165f,0.0385f,-0.9478f,-0.4097f,-0.0677f,-0.9957f,-0.063f,0.0338f,0f,0f,0f,1f],start_interpolation: 0,interpolation_duration: 1}
$data merge entity $(bone_magazine1) {transformation: [0f,0f,0f,-0.2818f,0f,0f,0f,-0.337f,0f,0f,0f,0.3859f,0f,0f,0f,1f],start_interpolation: 0,interpolation_duration: 1}
$data merge entity $(bone_left_arm) {transformation: [-0.8667f,0.4772f,0.1454f,-0.0812f,-0.175f,-0.0179f,-0.9844f,-0.4577f,-0.4672f,-0.8786f,0.099f,0.059f,0f,0f,0f,1f],start_interpolation: 0,interpolation_duration: 1}
data modify entity @s data merge value {"cameras":{},"locators":{"barrel1":{"px":-0.2662197616517833,"py":-0.34528623113554663,"pz":0.725503632867632,"ry":4.828737504061934,"rx":2.204751665899997}}}