# This file was generated by Animated Java via MC-Build. It is not recommended to edit this file directly.
$data merge entity $(bone_muzzleflash) {transformation: [0f,0f,0f,-0.4211f,0f,0f,0f,-0.7253f,0f,0f,0f,0.3551f,0f,0f,0f,1f],start_interpolation: 0,interpolation_duration: 1}
$data merge entity $(bone_slide) {transformation: [-0.96f,0.2673f,0.0836f,-0.1965f,0.2713f,0.9617f,0.0399f,-0.3029f,-0.0697f,0.061f,-0.9957f,0.5687f,0f,0f,0f,1f],start_interpolation: 0,interpolation_duration: 1}
$data merge entity $(bone_barrel) {transformation: [-0.96f,0.2673f,0.0836f,-0.1131f,0.2713f,0.9617f,0.0399f,-0.4104f,-0.0697f,0.061f,-0.9957f,0.5714f,0f,0f,0f,1f],start_interpolation: 0,interpolation_duration: 1}
$data merge entity $(bone_magazine) {transformation: [-0.96f,0.2673f,0.0836f,-0.2157f,0.2713f,0.9617f,0.0399f,-0.4234f,-0.0697f,0.061f,-0.9957f,0.3644f,0f,0f,0f,1f],start_interpolation: 0,interpolation_duration: 1}
$data merge entity $(bone_grip) {transformation: [-0.96f,0.2673f,0.0836f,-0.2157f,0.2713f,0.9617f,0.0399f,-0.4234f,-0.0697f,0.061f,-0.9957f,0.3644f,0f,0f,0f,1f],start_interpolation: 0,interpolation_duration: 1}
$data merge entity $(bone_trigger) {transformation: [-0.96f,0.2673f,0.0836f,-0.2171f,0.2713f,0.9617f,0.0399f,-0.4205f,-0.0697f,0.061f,-0.9957f,0.3952f,0f,0f,0f,1f],start_interpolation: 0,interpolation_duration: 1}
$data merge entity $(bone_trigger_gaurd) {transformation: [-0.96f,0.2673f,0.0836f,-0.2121f,0.2713f,0.9617f,0.0399f,-0.394f,-0.0697f,0.061f,-0.9957f,0.4292f,0f,0f,0f,1f],start_interpolation: 0,interpolation_duration: 1}
$data merge entity $(bone_right_arm) {transformation: [-0.96f,0.0836f,-0.2673f,-0.227f,0.2713f,0.0399f,-0.9617f,-0.4214f,-0.0697f,-0.9957f,-0.061f,0.0341f,0f,0f,0f,1f],start_interpolation: 0,interpolation_duration: 1}
$data merge entity $(bone_magazine1) {transformation: [0f,0f,0f,-0.2611f,0f,0f,0f,-0.3494f,0f,0f,0f,0.3859f,0f,0f,0f,1f],start_interpolation: 0,interpolation_duration: 1}
$data merge entity $(bone_left_arm) {transformation: [-0.8568f,0.4787f,0.1916f,-0.0547f,-0.2169f,0.0025f,-0.9762f,-0.4612f,-0.4678f,-0.878f,0.1017f,0.0596f,0f,0f,0f,1f],start_interpolation: 0,interpolation_duration: 1}
data modify entity @s data merge value {"cameras":{},"locators":{"barrel1":{"px":-0.24569720170058634,"py":-0.3560871112558855,"pz":0.7256149780275926,"ry":4.798439287772197,"rx":2.2891606780889884}}}