# This file was generated by Animated Java via MC-Build. It is not recommended to edit this file directly.
$data merge entity $(bone_muzzleflash) {transformation: [0f,0f,0f,-0.2148f,0f,0f,0f,-0.7445f,0f,0f,0f,0.3992f,0f,0f,0f,1f],start_interpolation: 0,interpolation_duration: 1}
$data merge entity $(bone_slide) {transformation: [-0.9938f,0.1112f,-0.0014f,-0.046f,0.1112f,0.9936f,-0.019f,-0.2778f,-0.0007f,-0.0191f,-0.9998f,0.5672f,0f,0f,0f,1f],start_interpolation: 0,interpolation_duration: 1}
$data merge entity $(bone_barrel) {transformation: [-0.9938f,0.1112f,-0.0014f,0.0537f,0.1112f,0.9936f,-0.019f,-0.3704f,-0.0007f,-0.0191f,-0.9998f,0.5688f,0f,0f,0f,1f],start_interpolation: 0,interpolation_duration: 1}
$data merge entity $(bone_magazine) {transformation: [-0.9938f,0.1112f,-0.0014f,-0.0612f,0.1112f,0.9936f,-0.019f,-0.4142f,-0.0007f,-0.0191f,-0.9998f,0.3728f,0f,0f,0f,1f],start_interpolation: 0,interpolation_duration: 1}
$data merge entity $(bone_grip) {transformation: [-0.9938f,0.1112f,-0.0014f,-0.0612f,0.1112f,0.9936f,-0.019f,-0.4142f,-0.0007f,-0.0191f,-0.9998f,0.3728f,0f,0f,0f,1f],start_interpolation: 0,interpolation_duration: 1}
$data merge entity $(bone_trigger) {transformation: [-0.9938f,0.1112f,-0.0014f,-0.0606f,0.1112f,0.9936f,-0.019f,-0.4093f,-0.0007f,-0.0191f,-0.9998f,0.4033f,0f,0f,0f,1f],start_interpolation: 0,interpolation_duration: 1}
$data merge entity $(bone_trigger_gaurd) {transformation: [-0.9938f,0.1112f,-0.0014f,-0.0574f,0.1112f,0.9936f,-0.019f,-0.38f,-0.0007f,-0.0191f,-0.9998f,0.4352f,0f,0f,0f,1f],start_interpolation: 0,interpolation_duration: 1}
$data merge entity $(bone_right_arm) {transformation: [-0.9938f,-0.0014f,-0.1112f,-0.0981f,0.1112f,-0.019f,-0.9936f,-0.4377f,-0.0007f,-0.9998f,0.0191f,0.0452f,0f,0f,0f,1f],start_interpolation: 0,interpolation_duration: 1}
$data merge entity $(bone_magazine1) {transformation: [0f,0f,0f,-0.1162f,0f,0f,0f,-0.3469f,0f,0f,0f,0.3939f,0f,0f,0f,1f],start_interpolation: 0,interpolation_duration: 1}
$data merge entity $(bone_left_arm) {transformation: [-0.8437f,0.4025f,0.3552f,0.0798f,-0.382f,0.0147f,-0.9241f,-0.448f,-0.3772f,-0.9153f,0.1413f,0.0578f,0f,0f,0f,1f],start_interpolation: 0,interpolation_duration: 1}
data modify entity @s data merge value {"cameras":{},"locators":{"barrel1":{"px":-0.07364112644464156,"py":-0.32662747589492247,"pz":0.730660316374035,"ry":359.9205103488216,"rx":-1.0905314206631809}}}