# This file was generated by Animated Java via MC-Build. It is not recommended to edit this file directly.
$data merge entity $(bone_muzzleflash) {transformation: [0f,0f,0f,-0.3704f,0f,0f,0f,-0.7518f,0f,0f,0f,0.3561f,0f,0f,0f,1f],start_interpolation: 0,interpolation_duration: 1}
$data merge entity $(bone_slide) {transformation: [-0.9749f,0.2068f,0.083f,-0.1729f,0.2107f,0.9766f,0.042f,-0.3156f,-0.0724f,0.0585f,-0.9957f,0.5687f,0f,0f,0f,1f],start_interpolation: 0,interpolation_duration: 1}
$data merge entity $(bone_barrel) {transformation: [-0.9749f,0.2068f,0.083f,-0.083f,0.2107f,0.9766f,0.042f,-0.4177f,-0.0724f,0.0585f,-0.9957f,0.5719f,0f,0f,0f,1f],start_interpolation: 0,interpolation_duration: 1}
$data merge entity $(bone_magazine) {transformation: [-0.9749f,0.2068f,0.083f,-0.1842f,0.2107f,0.9766f,0.042f,-0.4377f,-0.0724f,0.0585f,-0.9957f,0.3648f,0f,0f,0f,1f],start_interpolation: 0,interpolation_duration: 1}
$data merge entity $(bone_grip) {transformation: [-0.9749f,0.2068f,0.083f,-0.1842f,0.2107f,0.9766f,0.042f,-0.4377f,-0.0724f,0.0585f,-0.9957f,0.3648f,0f,0f,0f,1f],start_interpolation: 0,interpolation_duration: 1}
$data merge entity $(bone_trigger) {transformation: [-0.9749f,0.2068f,0.083f,-0.1858f,0.2107f,0.9766f,0.042f,-0.4347f,-0.0724f,0.0585f,-0.9957f,0.3956f,0f,0f,0f,1f],start_interpolation: 0,interpolation_duration: 1}
$data merge entity $(bone_trigger_gaurd) {transformation: [-0.9749f,0.2068f,0.083f,-0.1825f,0.2107f,0.9766f,0.042f,-0.4079f,-0.0724f,0.0585f,-0.9957f,0.4296f,0f,0f,0f,1f],start_interpolation: 0,interpolation_duration: 1}
$data merge entity $(bone_right_arm) {transformation: [-0.9749f,0.083f,-0.2068f,-0.1948f,0.2107f,0.042f,-0.9766f,-0.4374f,-0.0724f,-0.9957f,-0.0585f,0.0345f,0f,0f,0f,1f],start_interpolation: 0,interpolation_duration: 1}
$data merge entity $(bone_magazine1) {transformation: [0f,0f,0f,-0.2342f,0f,0f,0f,-0.3666f,0f,0f,0f,0.386f,0f,0f,0f,1f],start_interpolation: 0,interpolation_duration: 1}
$data merge entity $(bone_left_arm) {transformation: [-0.8406f,0.4795f,0.2518f,-0.0204f,-0.2713f,0.0297f,-0.962f,-0.4664f,-0.4688f,-0.877f,0.1051f,0.0605f,0f,0f,0f,1f],start_interpolation: 0,interpolation_duration: 1}
data modify entity @s data merge value {"cameras":{},"locators":{"barrel1":{"px":-0.21905633147792625,"py":-0.37126849387550165,"pz":0.7257346978615776,"ry":4.767396511257289,"rx":2.4089867547806096}}}