# This file was generated by Animated Java via MC-Build. It is not recommended to edit this file directly.
$data merge entity $(bone_muzzleflash) {transformation: [0f,0f,0f,-0.3107f,0f,0f,0f,-0.7808f,0f,0f,0f,0.3573f,0f,0f,0f,1f],start_interpolation: 0,interpolation_duration: 1}
$data merge entity $(bone_slide) {transformation: [-0.9873f,0.1355f,0.0825f,-0.1459f,0.1395f,0.9892f,0.0443f,-0.3307f,-0.0756f,0.0553f,-0.9956f,0.5688f,0f,0f,0f,1f],start_interpolation: 0,interpolation_duration: 1}
$data merge entity $(bone_barrel) {transformation: [-0.9873f,0.1355f,0.0825f,-0.0489f,0.1395f,0.9892f,0.0443f,-0.426f,-0.0756f,0.0553f,-0.9956f,0.5726f,0f,0f,0f,1f],start_interpolation: 0,interpolation_duration: 1}
$data merge entity $(bone_magazine) {transformation: [-0.9873f,0.1355f,0.0825f,-0.1477f,0.1395f,0.9892f,0.0443f,-0.454f,-0.0756f,0.0553f,-0.9956f,0.3653f,0f,0f,0f,1f],start_interpolation: 0,interpolation_duration: 1}
$data merge entity $(bone_grip) {transformation: [-0.9873f,0.1355f,0.0825f,-0.1477f,0.1395f,0.9892f,0.0443f,-0.454f,-0.0756f,0.0553f,-0.9956f,0.3653f,0f,0f,0f,1f],start_interpolation: 0,interpolation_duration: 1}
$data merge entity $(bone_trigger) {transformation: [-0.9873f,0.1355f,0.0825f,-0.1497f,0.1395f,0.9892f,0.0443f,-0.4511f,-0.0756f,0.0553f,-0.9956f,0.396f,0f,0f,0f,1f],start_interpolation: 0,interpolation_duration: 1}
$data merge entity $(bone_trigger_gaurd) {transformation: [-0.9873f,0.1355f,0.0825f,-0.1484f,0.1395f,0.9892f,0.0443f,-0.4239f,-0.0756f,0.0553f,-0.9956f,0.4299f,0f,0f,0f,1f],start_interpolation: 0,interpolation_duration: 1}
$data merge entity $(bone_right_arm) {transformation: [-0.9873f,0.0825f,-0.1355f,-0.1575f,0.1395f,0.0443f,-0.9892f,-0.4557f,-0.0756f,-0.9956f,-0.0553f,0.0349f,0f,0f,0f,1f],start_interpolation: 0,interpolation_duration: 1}
$data merge entity $(bone_magazine1) {transformation: [0f,0f,0f,-0.2028f,0f,0f,0f,-0.3866f,0f,0f,0f,0.3861f,0f,0f,0f,1f],start_interpolation: 0,interpolation_duration: 1}
$data merge entity $(bone_left_arm) {transformation: [-0.8176f,0.4785f,0.3204f,0.0185f,-0.333f,0.0611f,-0.941f,-0.4718f,-0.4698f,-0.876f,0.1094f,0.0615f,0f,0f,0f,1f],start_interpolation: 0,interpolation_duration: 1}
data modify entity @s data merge value {"cameras":{},"locators":{"barrel1":{"px":-0.18832640112248858,"py":-0.38896743307622955,"pz":0.7258852189104301,"ry":4.737590732734532,"rx":2.5416219302486707}}}