# This file was generated by Animated Java via MC-Build. It is not recommended to edit this file directly.
$data merge entity $(bone_muzzleflash) {transformation: [0f,0f,0f,-0.2463f,0f,0f,0f,-0.809f,0f,0f,0f,0.3588f,0f,0f,0f,1f],start_interpolation: 0,interpolation_duration: 1}
$data merge entity $(bone_slide) {transformation: [-0.9949f,0.0587f,0.0821f,-0.1173f,0.0627f,0.997f,0.0465f,-0.3467f,-0.0791f,0.0514f,-0.9955f,0.5689f,0f,0f,0f,1f],start_interpolation: 0,interpolation_duration: 1}
$data merge entity $(bone_barrel) {transformation: [-0.9949f,0.0587f,0.0821f,-0.0133f,0.0627f,0.997f,0.0465f,-0.4342f,-0.0791f,0.0514f,-0.9955f,0.5733f,0f,0f,0f,1f],start_interpolation: 0,interpolation_duration: 1}
$data merge entity $(bone_magazine) {transformation: [-0.9949f,0.0587f,0.0821f,-0.109f,0.0627f,0.997f,0.0465f,-0.4706f,-0.0791f,0.0514f,-0.9955f,0.3659f,0f,0f,0f,1f],start_interpolation: 0,interpolation_duration: 1}
$data merge entity $(bone_grip) {transformation: [-0.9949f,0.0587f,0.0821f,-0.109f,0.0627f,0.997f,0.0465f,-0.4706f,-0.0791f,0.0514f,-0.9955f,0.3659f,0f,0f,0f,1f],start_interpolation: 0,interpolation_duration: 1}
$data merge entity $(bone_trigger) {transformation: [-0.9949f,0.0587f,0.0821f,-0.1113f,0.0627f,0.997f,0.0465f,-0.4677f,-0.0791f,0.0514f,-0.9955f,0.3966f,0f,0f,0f,1f],start_interpolation: 0,interpolation_duration: 1}
$data merge entity $(bone_trigger_gaurd) {transformation: [-0.9949f,0.0587f,0.0821f,-0.1122f,0.0627f,0.997f,0.0465f,-0.4404f,-0.0791f,0.0514f,-0.9955f,0.4304f,0f,0f,0f,1f],start_interpolation: 0,interpolation_duration: 1}
$data merge entity $(bone_right_arm) {transformation: [-0.9949f,0.0821f,-0.0587f,-0.1175f,0.0627f,0.0465f,-0.997f,-0.4743f,-0.0791f,-0.9955f,-0.0514f,0.0355f,0f,0f,0f,1f],start_interpolation: 0,interpolation_duration: 1}
$data merge entity $(bone_magazine1) {transformation: [0f,0f,0f,-0.1692f,0f,0f,0f,-0.4076f,0f,0f,0f,0.3863f,0f,0f,0f,1f],start_interpolation: 0,interpolation_duration: 1}
$data merge entity $(bone_left_arm) {transformation: [-0.7879f,0.4752f,0.3915f,0.0591f,-0.3969f,0.0942f,-0.913f,-0.4768f,-0.4708f,-0.8748f,0.1144f,0.0627f,0f,0f,0f,1f],start_interpolation: 0,interpolation_duration: 1}
data modify entity @s data merge value {"cameras":{},"locators":{"barrel1":{"px":-0.15564992812757297,"py":-0.40738699520041627,"pz":0.726088434325088,"ry":4.71426557992956,"rx":2.6635857231624565}}}