# This file was generated by Animated Java via MC-Build. It is not recommended to edit this file directly.
$data merge entity $(bone_muzzleflash) {transformation: [0f,0f,0f,-0.1815f,0f,0f,0f,-0.8339f,0f,0f,0f,0.3608f,0f,0f,0f,1f],start_interpolation: 0,interpolation_duration: 1}
$data merge entity $(bone_slide) {transformation: [-0.9965f,-0.0182f,0.082f,-0.0892f,-0.0143f,0.9987f,0.048f,-0.3621f,-0.0827f,0.0466f,-0.9955f,0.569f,0f,0f,0f,1f],start_interpolation: 0,interpolation_duration: 1}
$data merge entity $(bone_barrel) {transformation: [-0.9965f,-0.0182f,0.082f,0.0213f,-0.0143f,0.9987f,0.048f,-0.4414f,-0.0827f,0.0466f,-0.9955f,0.5742f,0f,0f,0f,1f],start_interpolation: 0,interpolation_duration: 1}
$data merge entity $(bone_magazine) {transformation: [-0.9965f,-0.0182f,0.082f,-0.0706f,-0.0143f,0.9987f,0.048f,-0.486f,-0.0827f,0.0466f,-0.9955f,0.3667f,0f,0f,0f,1f],start_interpolation: 0,interpolation_duration: 1}
$data merge entity $(bone_grip) {transformation: [-0.9965f,-0.0182f,0.082f,-0.0706f,-0.0143f,0.9987f,0.048f,-0.486f,-0.0827f,0.0466f,-0.9955f,0.3667f,0f,0f,0f,1f],start_interpolation: 0,interpolation_duration: 1}
$data merge entity $(bone_trigger) {transformation: [-0.9965f,-0.0182f,0.082f,-0.0732f,-0.0143f,0.9987f,0.048f,-0.4831f,-0.0827f,0.0466f,-0.9955f,0.3974f,0f,0f,0f,1f],start_interpolation: 0,interpolation_duration: 1}
$data merge entity $(bone_trigger_gaurd) {transformation: [-0.9965f,-0.0182f,0.082f,-0.0764f,-0.0143f,0.9987f,0.048f,-0.4558f,-0.0827f,0.0466f,-0.9955f,0.431f,0f,0f,0f,1f],start_interpolation: 0,interpolation_duration: 1}
$data merge entity $(bone_right_arm) {transformation: [-0.9965f,0.082f,0.0182f,-0.0776f,-0.0143f,0.048f,-0.9987f,-0.4919f,-0.0827f,-0.9955f,-0.0466f,0.0363f,0f,0f,0f,1f],start_interpolation: 0,interpolation_duration: 1}
$data merge entity $(bone_magazine1) {transformation: [0f,0f,0f,-0.1355f,0f,0f,0f,-0.4277f,0f,0f,0f,0.3865f,0f,0f,0f,1f],start_interpolation: 0,interpolation_duration: 1}
$data merge entity $(bone_left_arm) {transformation: [-0.7534f,0.4698f,0.46f,0.0986f,-0.4584f,0.1263f,-0.8797f,-0.4807f,-0.4714f,-0.8737f,0.1203f,0.064f,0f,0f,0f,1f],start_interpolation: 0,interpolation_duration: 1}
data modify entity @s data merge value {"cameras":{},"locators":{"barrel1":{"px":-0.12329023795066325,"py":-0.42483157337204497,"pz":0.7263658186413476,"ry":4.706350780958672,"rx":2.7499478565594244}}}