# This file was generated by Animated Java via MC-Build. It is not recommended to edit this file directly.
$data merge entity $(bone_muzzleflash) {transformation: [0f,0f,0f,-0.121f,0f,0f,0f,-0.8539f,0f,0f,0f,0.3633f,0f,0f,0f,1f],start_interpolation: 0,interpolation_duration: 1}
$data merge entity $(bone_slide) {transformation: [-0.9926f,-0.0895f,0.0823f,-0.0634f,-0.0857f,0.9951f,0.0484f,-0.3756f,-0.0862f,0.041f,-0.9954f,0.5691f,0f,0f,0f,1f],start_interpolation: 0,interpolation_duration: 1}
$data merge entity $(bone_barrel) {transformation: [-0.9926f,-0.0895f,0.0823f,0.0524f,-0.0857f,0.9951f,0.0484f,-0.4467f,-0.0862f,0.041f,-0.9954f,0.5752f,0f,0f,0f,1f],start_interpolation: 0,interpolation_duration: 1}
$data merge entity $(bone_magazine) {transformation: [-0.9926f,-0.0895f,0.0823f,-0.0353f,-0.0857f,0.9951f,0.0484f,-0.4989f,-0.0862f,0.041f,-0.9954f,0.3676f,0f,0f,0f,1f],start_interpolation: 0,interpolation_duration: 1}
$data merge entity $(bone_grip) {transformation: [-0.9926f,-0.0895f,0.0823f,-0.0353f,-0.0857f,0.9951f,0.0484f,-0.4989f,-0.0862f,0.041f,-0.9954f,0.3676f,0f,0f,0f,1f],start_interpolation: 0,interpolation_duration: 1}
$data merge entity $(bone_trigger) {transformation: [-0.9926f,-0.0895f,0.0823f,-0.0382f,-0.0857f,0.9951f,0.0484f,-0.496f,-0.0862f,0.041f,-0.9954f,0.3982f,0f,0f,0f,1f],start_interpolation: 0,interpolation_duration: 1}
$data merge entity $(bone_trigger_gaurd) {transformation: [-0.9926f,-0.0895f,0.0823f,-0.0434f,-0.0857f,0.9951f,0.0484f,-0.4688f,-0.0862f,0.041f,-0.9954f,0.4317f,0f,0f,0f,1f],start_interpolation: 0,interpolation_duration: 1}
$data merge entity $(bone_right_arm) {transformation: [-0.9926f,0.0823f,0.0895f,-0.0405f,-0.0857f,0.0484f,-0.9951f,-0.507f,-0.0862f,-0.9954f,-0.041f,0.0372f,0f,0f,0f,1f],start_interpolation: 0,interpolation_duration: 1}
$data merge entity $(bone_magazine1) {transformation: [0f,0f,0f,-0.1042f,0f,0f,0f,-0.4452f,0f,0f,0f,0.3869f,0f,0f,0f,1f],start_interpolation: 0,interpolation_duration: 1}
$data merge entity $(bone_left_arm) {transformation: [-0.7169f,0.4631f,0.5211f,0.1343f,-0.5135f,0.1548f,-0.844f,-0.4831f,-0.4715f,-0.8727f,0.1268f,0.0655f,0f,0f,0f,1f],start_interpolation: 0,interpolation_duration: 1}
data modify entity @s data merge value {"cameras":{},"locators":{"barrel1":{"px":-0.09360382526200793,"py":-0.4397222685885076,"pz":0.7267381935034164,"ry":4.725771418193858,"rx":2.773828971508014}}}