# This file was generated by Animated Java via MC-Build. It is not recommended to edit this file directly.
$data merge entity $(bone_muzzleflash) {transformation: [0f,0f,0f,-0.0697f,0f,0f,0f,-0.8678f,0f,0f,0f,0.3663f,0f,0f,0f,1f],start_interpolation: 0,interpolation_duration: 1}
$data merge entity $(bone_slide) {transformation: [-0.9852f,-0.15f,0.0833f,-0.0421f,-0.1464f,0.9881f,0.0472f,-0.3857f,-0.0894f,0.0343f,-0.9954f,0.5693f,0f,0f,0f,1f],start_interpolation: 0,interpolation_duration: 1}
$data merge entity $(bone_barrel) {transformation: [-0.9852f,-0.15f,0.0833f,0.0778f,-0.1464f,0.9881f,0.0472f,-0.4496f,-0.0894f,0.0343f,-0.9954f,0.5763f,0f,0f,0f,1f],start_interpolation: 0,interpolation_duration: 1}
$data merge entity $(bone_magazine) {transformation: [-0.9852f,-0.15f,0.0833f,-0.0057f,-0.1464f,0.9881f,0.0472f,-0.5083f,-0.0894f,0.0343f,-0.9954f,0.3687f,0f,0f,0f,1f],start_interpolation: 0,interpolation_duration: 1}
$data merge entity $(bone_grip) {transformation: [-0.9852f,-0.15f,0.0833f,-0.0057f,-0.1464f,0.9881f,0.0472f,-0.5083f,-0.0894f,0.0343f,-0.9954f,0.3687f,0f,0f,0f,1f],start_interpolation: 0,interpolation_duration: 1}
$data merge entity $(bone_trigger) {transformation: [-0.9852f,-0.15f,0.0833f,-0.0089f,-0.1464f,0.9881f,0.0472f,-0.5054f,-0.0894f,0.0343f,-0.9954f,0.3993f,0f,0f,0f,1f],start_interpolation: 0,interpolation_duration: 1}
$data merge entity $(bone_trigger_gaurd) {transformation: [-0.9852f,-0.15f,0.0833f,-0.0159f,-0.1464f,0.9881f,0.0472f,-0.4784f,-0.0894f,0.0343f,-0.9954f,0.4326f,0f,0f,0f,1f],start_interpolation: 0,interpolation_duration: 1}
$data merge entity $(bone_right_arm) {transformation: [-0.9852f,0.0833f,0.15f,-0.009f,-0.1464f,0.0472f,-0.9881f,-0.5188f,-0.0894f,-0.9954f,-0.0343f,0.0383f,0f,0f,0f,1f],start_interpolation: 0,interpolation_duration: 1}
$data merge entity $(bone_magazine1) {transformation: [0f,0f,0f,-0.0778f,0f,0f,0f,-0.4588f,0f,0f,0f,0.3874f,0f,0f,0f,1f],start_interpolation: 0,interpolation_duration: 1}
$data merge entity $(bone_left_arm) {transformation: [-0.6824f,0.4565f,0.5709f,0.1639f,-0.559f,0.1773f,-0.81f,-0.4841f,-0.4709f,-0.8719f,0.1342f,0.0671f,0f,0f,0f,1f],start_interpolation: 0,interpolation_duration: 1}
data modify entity @s data merge value {"cameras":{},"locators":{"barrel1":{"px":-0.06898438044658993,"py":-0.45058155540849737,"pz":0.7272251426355228,"ry":4.785292898269404,"rx":2.7056137771790043}}}