# This file was generated by Animated Java via MC-Build. It is not recommended to edit this file directly.
$data merge entity $(bone_muzzleflash) {transformation: [0f,0f,0f,-0.0322f,0f,0f,0f,-0.8754f,0f,0f,0f,0.37f,0f,0f,0f,1f],start_interpolation: 0,interpolation_duration: 1}
$data merge entity $(bone_slide) {transformation: [-0.9772f,-0.1945f,0.0852f,-0.0272f,-0.1914f,0.9805f,0.0438f,-0.3911f,-0.0921f,0.0265f,-0.9954f,0.5696f,0f,0f,0f,1f],start_interpolation: 0,interpolation_duration: 1}
$data merge entity $(bone_barrel) {transformation: [-0.9772f,-0.1945f,0.0852f,0.0954f,-0.1914f,0.9805f,0.0438f,-0.4495f,-0.0921f,0.0265f,-0.9954f,0.5775f,0f,0f,0f,1f],start_interpolation: 0,interpolation_duration: 1}
$data merge entity $(bone_magazine) {transformation: [-0.9772f,-0.1945f,0.0852f,0.0156f,-0.1914f,0.9805f,0.0438f,-0.5133f,-0.0921f,0.0265f,-0.9954f,0.37f,0f,0f,0f,1f],start_interpolation: 0,interpolation_duration: 1}
$data merge entity $(bone_grip) {transformation: [-0.9772f,-0.1945f,0.0852f,0.0156f,-0.1914f,0.9805f,0.0438f,-0.5133f,-0.0921f,0.0265f,-0.9954f,0.37f,0f,0f,0f,1f],start_interpolation: 0,interpolation_duration: 1}
$data merge entity $(bone_trigger) {transformation: [-0.9772f,-0.1945f,0.0852f,0.0121f,-0.1914f,0.9805f,0.0438f,-0.5104f,-0.0921f,0.0265f,-0.9954f,0.4006f,0f,0f,0f,1f],start_interpolation: 0,interpolation_duration: 1}
$data merge entity $(bone_trigger_gaurd) {transformation: [-0.9772f,-0.1945f,0.0852f,0.0037f,-0.1914f,0.9805f,0.0438f,-0.4835f,-0.0921f,0.0265f,-0.9954f,0.4336f,0f,0f,0f,1f],start_interpolation: 0,interpolation_duration: 1}
$data merge entity $(bone_right_arm) {transformation: [-0.9772f,0.0852f,0.1945f,0.0141f,-0.1914f,0.0438f,-0.9805f,-0.5263f,-0.0921f,-0.9954f,-0.0265f,0.0397f,0f,0f,0f,1f],start_interpolation: 0,interpolation_duration: 1}
$data merge entity $(bone_magazine1) {transformation: [0f,0f,0f,-0.0588f,0f,0f,0f,-0.467f,0f,0f,0f,0.388f,0f,0f,0f,1f],start_interpolation: 0,interpolation_duration: 1}
$data merge entity $(bone_left_arm) {transformation: [-0.6546f,0.4516f,0.6063f,0.1851f,-0.5926f,0.1915f,-0.7824f,-0.4837f,-0.4695f,-0.8714f,0.1423f,0.0689f,0f,0f,0f,1f],start_interpolation: 0,interpolation_duration: 1}
data modify entity @s data merge value {"cameras":{},"locators":{"barrel1":{"px":-0.05178551932983701,"py":-0.4559815980206965,"pz":0.7278440726278698,"ry":4.8944881732224985,"rx":2.5116616040579065}}}