# This file was generated by Animated Java via MC-Build. It is not recommended to edit this file directly.
$data merge entity $(bone_muzzleflash) {transformation: [0f,0f,0f,-0.0131f,0f,0f,0f,-0.8763f,0f,0f,0f,0.3744f,0f,0f,0f,1f],start_interpolation: 0,interpolation_duration: 1}
$data merge entity $(bone_slide) {transformation: [-0.9719f,-0.2184f,0.088f,-0.0206f,-0.2158f,0.9757f,0.0376f,-0.3903f,-0.0941f,0.0175f,-0.9954f,0.5699f,0f,0f,0f,1f],start_interpolation: 0,interpolation_duration: 1}
$data merge entity $(bone_barrel) {transformation: [-0.9719f,-0.2184f,0.088f,0.1034f,-0.2158f,0.9757f,0.0376f,-0.4456f,-0.0941f,0.0175f,-0.9954f,0.5787f,0f,0f,0f,1f],start_interpolation: 0,interpolation_duration: 1}
$data merge entity $(bone_magazine) {transformation: [-0.9719f,-0.2184f,0.088f,0.0259f,-0.2158f,0.9757f,0.0376f,-0.5131f,-0.0941f,0.0175f,-0.9954f,0.3715f,0f,0f,0f,1f],start_interpolation: 0,interpolation_duration: 1}
$data merge entity $(bone_grip) {transformation: [-0.9719f,-0.2184f,0.088f,0.0259f,-0.2158f,0.9757f,0.0376f,-0.5131f,-0.0941f,0.0175f,-0.9954f,0.3715f,0f,0f,0f,1f],start_interpolation: 0,interpolation_duration: 1}
$data merge entity $(bone_trigger) {transformation: [-0.9719f,-0.2184f,0.088f,0.0222f,-0.2158f,0.9757f,0.0376f,-0.51f,-0.0941f,0.0175f,-0.9954f,0.402f,0f,0f,0f,1f],start_interpolation: 0,interpolation_duration: 1}
$data merge entity $(bone_trigger_gaurd) {transformation: [-0.9719f,-0.2184f,0.088f,0.0131f,-0.2158f,0.9757f,0.0376f,-0.483f,-0.0941f,0.0175f,-0.9954f,0.4348f,0f,0f,0f,1f],start_interpolation: 0,interpolation_duration: 1}
$data merge entity $(bone_right_arm) {transformation: [-0.9719f,0.088f,0.2184f,0.026f,-0.2158f,0.0376f,-0.9757f,-0.5289f,-0.0941f,-0.9954f,-0.0175f,0.0413f,0f,0f,0f,1f],start_interpolation: 0,interpolation_duration: 1}
$data merge entity $(bone_magazine1) {transformation: [0f,0f,0f,-0.0497f,0f,0f,0f,-0.4685f,0f,0f,0f,0.3889f,0f,0f,0f,1f],start_interpolation: 0,interpolation_duration: 1}
$data merge entity $(bone_left_arm) {transformation: [-0.6382f,0.4502f,0.6245f,0.1958f,-0.6122f,0.1951f,-0.7662f,-0.4819f,-0.4668f,-0.8713f,0.1511f,0.0708f,0f,0f,0f,1f],start_interpolation: 0,interpolation_duration: 1}
data modify entity @s data merge value {"cameras":{},"locators":{"barrel1":{"px":-0.04422478288562799,"py":-0.4544597105839775,"pz":0.7286089140472944,"ry":5.053332308560272,"rx":2.152745954504445}}}