# This file was generated by Animated Java via MC-Build. It is not recommended to edit this file directly.
$data merge entity $(bone_muzzleflash) {transformation: [0f,0f,0f,-0.0114f,0f,0f,0f,-0.8735f,0f,0f,0f,0.3776f,0f,0f,0f,1f],start_interpolation: 0,interpolation_duration: 1}
$data merge entity $(bone_slide) {transformation: [-0.9709f,-0.222f,0.0903f,-0.0212f,-0.2199f,0.975f,0.0319f,-0.3863f,-0.0951f,0.0111f,-0.9954f,0.5701f,0f,0f,0f,1f],start_interpolation: 0,interpolation_duration: 1}
$data merge entity $(bone_barrel) {transformation: [-0.9709f,-0.222f,0.0903f,0.1029f,-0.2199f,0.975f,0.0319f,-0.4412f,-0.0951f,0.0111f,-0.9954f,0.5796f,0f,0f,0f,1f],start_interpolation: 0,interpolation_duration: 1}
$data merge entity $(bone_magazine) {transformation: [-0.9709f,-0.222f,0.0903f,0.0262f,-0.2199f,0.975f,0.0319f,-0.5102f,-0.0951f,0.0111f,-0.9954f,0.3726f,0f,0f,0f,1f],start_interpolation: 0,interpolation_duration: 1}
$data merge entity $(bone_grip) {transformation: [-0.9709f,-0.222f,0.0903f,0.0262f,-0.2199f,0.975f,0.0319f,-0.5102f,-0.0951f,0.0111f,-0.9954f,0.3726f,0f,0f,0f,1f],start_interpolation: 0,interpolation_duration: 1}
$data merge entity $(bone_trigger) {transformation: [-0.9709f,-0.222f,0.0903f,0.0225f,-0.2199f,0.975f,0.0319f,-0.5069f,-0.0951f,0.0111f,-0.9954f,0.4031f,0f,0f,0f,1f],start_interpolation: 0,interpolation_duration: 1}
$data merge entity $(bone_trigger_gaurd) {transformation: [-0.9709f,-0.222f,0.0903f,0.0131f,-0.2199f,0.975f,0.0319f,-0.4798f,-0.0951f,0.0111f,-0.9954f,0.4357f,0f,0f,0f,1f],start_interpolation: 0,interpolation_duration: 1}
$data merge entity $(bone_right_arm) {transformation: [-0.9709f,0.0903f,0.222f,0.0271f,-0.2199f,0.0319f,-0.975f,-0.528f,-0.0951f,-0.9954f,-0.0111f,0.0425f,0f,0f,0f,1f],start_interpolation: 0,interpolation_duration: 1}
$data merge entity $(bone_magazine1) {transformation: [0f,0f,0f,-0.0496f,0f,0f,0f,-0.4657f,0f,0f,0f,0.3895f,0f,0f,0f,1f],start_interpolation: 0,interpolation_duration: 1}
$data merge entity $(bone_left_arm) {transformation: [-0.6348f,0.4516f,0.627f,0.1967f,-0.6173f,0.1915f,-0.763f,-0.4802f,-0.4646f,-0.8714f,0.1572f,0.0721f,0f,0f,0f,1f],start_interpolation: 0,interpolation_duration: 1}
data modify entity @s data merge value {"cameras":{},"locators":{"barrel1":{"px":-0.044989271848690414,"py":-0.4496270703449619,"pz":0.7291593644873553,"ry":5.182106202680899,"rx":1.8255612207893865}}}