# This file was generated by Animated Java via MC-Build. It is not recommended to edit this file directly.
$data merge entity $(bone_muzzleflash) {transformation: [0f,0f,0f,-0.016f,0f,0f,0f,-0.8684f,0f,0f,0f,0.3814f,0f,0f,0f,1f],start_interpolation: 0,interpolation_duration: 1}
$data merge entity $(bone_slide) {transformation: [-0.9712f,-0.2192f,0.0932f,-0.0249f,-0.2178f,0.9757f,0.0242f,-0.3798f,-0.0962f,0.0032f,-0.9954f,0.5703f,0f,0f,0f,1f],start_interpolation: 0,interpolation_duration: 1}
$data merge entity $(bone_barrel) {transformation: [-0.9712f,-0.2192f,0.0932f,0.099f,-0.2178f,0.9757f,0.0242f,-0.4349f,-0.0962f,0.0032f,-0.9954f,0.5806f,0f,0f,0f,1f],start_interpolation: 0,interpolation_duration: 1}
$data merge entity $(bone_magazine) {transformation: [-0.9712f,-0.2192f,0.0932f,0.0227f,-0.2178f,0.9757f,0.0242f,-0.5052f,-0.0962f,0.0032f,-0.9954f,0.3739f,0f,0f,0f,1f],start_interpolation: 0,interpolation_duration: 1}
$data merge entity $(bone_grip) {transformation: [-0.9712f,-0.2192f,0.0932f,0.0227f,-0.2178f,0.9757f,0.0242f,-0.5052f,-0.0962f,0.0032f,-0.9954f,0.3739f,0f,0f,0f,1f],start_interpolation: 0,interpolation_duration: 1}
$data merge entity $(bone_trigger) {transformation: [-0.9712f,-0.2192f,0.0932f,0.0189f,-0.2178f,0.9757f,0.0242f,-0.5017f,-0.0962f,0.0032f,-0.9954f,0.4043f,0f,0f,0f,1f],start_interpolation: 0,interpolation_duration: 1}
$data merge entity $(bone_trigger_gaurd) {transformation: [-0.9712f,-0.2192f,0.0932f,0.0095f,-0.2178f,0.9757f,0.0242f,-0.4743f,-0.0962f,0.0032f,-0.9954f,0.4367f,0f,0f,0f,1f],start_interpolation: 0,interpolation_duration: 1}
$data merge entity $(bone_right_arm) {transformation: [-0.9712f,0.0932f,0.2192f,0.0245f,-0.2178f,0.0242f,-0.9757f,-0.5255f,-0.0962f,-0.9954f,-0.0032f,0.044f,0f,0f,0f,1f],start_interpolation: 0,interpolation_duration: 1}
$data merge entity $(bone_magazine1) {transformation: [0f,0f,0f,-0.053f,0f,0f,0f,-0.4604f,0f,0f,0f,0.3902f,0f,0f,0f,1f],start_interpolation: 0,interpolation_duration: 1}
$data merge entity $(bone_left_arm) {transformation: [-0.6353f,0.4546f,0.6243f,0.1941f,-0.6189f,0.1838f,-0.7637f,-0.4779f,-0.4619f,-0.8715f,0.1646f,0.0737f,0f,0f,0f,1f],start_interpolation: 0,interpolation_duration: 1}
data modify entity @s data merge value {"cameras":{},"locators":{"barrel1":{"px":-0.049345881977879126,"py":-0.44184031993968226,"pz":0.7297950412175602,"ry":5.3484347069764056,"rx":1.3893835468765867}}}