# This file was generated by Animated Java via MC-Build. It is not recommended to edit this file directly.
$data merge entity $(bone_muzzleflash) {transformation: [0f,0f,0f,-0.2154f,0f,0f,0f,-0.7444f,0f,0f,0f,0.3994f,0f,0f,0f,1f],start_interpolation: 0,interpolation_duration: 1}
$data merge entity $(bone_slide) {transformation: [-0.9937f,0.1124f,-0.0014f,-0.0461f,0.1124f,0.9935f,-0.0185f,-0.278f,-0.0007f,-0.0186f,-0.9998f,0.5676f,0f,0f,0f,1f],start_interpolation: 0,interpolation_duration: 1}
$data merge entity $(bone_barrel) {transformation: [-0.9937f,0.1124f,-0.0014f,0.0535f,0.1124f,0.9935f,-0.0185f,-0.3707f,-0.0007f,-0.0186f,-0.9998f,0.5692f,0f,0f,0f,1f],start_interpolation: 0,interpolation_duration: 1}
$data merge entity $(bone_magazine) {transformation: [-0.9937f,0.1124f,-0.0014f,-0.0614f,0.1124f,0.9935f,-0.0185f,-0.4143f,-0.0007f,-0.0186f,-0.9998f,0.3731f,0f,0f,0f,1f],start_interpolation: 0,interpolation_duration: 1}
$data merge entity $(bone_grip) {transformation: [-0.9937f,0.1124f,-0.0014f,-0.0614f,0.1124f,0.9935f,-0.0185f,-0.4143f,-0.0007f,-0.0186f,-0.9998f,0.3731f,0f,0f,0f,1f],start_interpolation: 0,interpolation_duration: 1}
$data merge entity $(bone_trigger) {transformation: [-0.9937f,0.1124f,-0.0014f,-0.0608f,0.1124f,0.9935f,-0.0185f,-0.4093f,-0.0007f,-0.0186f,-0.9998f,0.4037f,0f,0f,0f,1f],start_interpolation: 0,interpolation_duration: 1}
$data merge entity $(bone_trigger_gaurd) {transformation: [-0.9937f,0.1124f,-0.0014f,-0.0575f,0.1124f,0.9935f,-0.0185f,-0.3801f,-0.0007f,-0.0186f,-0.9998f,0.4356f,0f,0f,0f,1f],start_interpolation: 0,interpolation_duration: 1}
$data merge entity $(bone_right_arm) {transformation: [-0.9937f,-0.0014f,-0.1124f,-0.0984f,0.1124f,-0.0185f,-0.9935f,-0.4376f,-0.0007f,-0.9998f,0.0186f,0.0455f,0f,0f,0f,1f],start_interpolation: 0,interpolation_duration: 1}
$data merge entity $(bone_magazine1) {transformation: [0f,0f,0f,-0.1163f,0f,0f,0f,-0.3469f,0f,0f,0f,0.3942f,0f,0f,0f,1f],start_interpolation: 0,interpolation_duration: 1}
$data merge entity $(bone_left_arm) {transformation: [-0.8442f,0.4025f,0.354f,0.0795f,-0.3807f,0.0146f,-0.9246f,-0.4481f,-0.3774f,-0.9153f,0.1409f,0.0581f,0f,0f,0f,1f],start_interpolation: 0,interpolation_duration: 1}
data modify entity @s data merge value {"cameras":{},"locators":{"barrel1":{"px":-0.07374199540741869,"py":-0.3268597281232633,"pz":0.731045438753585,"ry":359.91983404434416,"rx":-1.062454062253729}}}