# This file was generated by Animated Java via MC-Build. It is not recommended to edit this file directly.
$data merge entity $(bone_muzzleflash) {transformation: [0f,0f,0f,-0.0261f,0f,0f,0f,-0.8612f,0f,0f,0f,0.3859f,0f,0f,0f,1f],start_interpolation: 0,interpolation_duration: 1}
$data merge entity $(bone_slide) {transformation: [-0.9728f,-0.2107f,0.0965f,-0.0313f,-0.2102f,0.9775f,0.015f,-0.371f,-0.0975f,-0.0057f,-0.9952f,0.5706f,0f,0f,0f,1f],start_interpolation: 0,interpolation_duration: 1}
$data merge entity $(bone_barrel) {transformation: [-0.9728f,-0.2107f,0.0965f,0.0922f,-0.2102f,0.9775f,0.015f,-0.4271f,-0.0975f,-0.0057f,-0.9952f,0.5817f,0f,0f,0f,1f],start_interpolation: 0,interpolation_duration: 1}
$data merge entity $(bone_magazine) {transformation: [-0.9728f,-0.2107f,0.0965f,0.0158f,-0.2102f,0.9775f,0.015f,-0.4985f,-0.0975f,-0.0057f,-0.9952f,0.3753f,0f,0f,0f,1f],start_interpolation: 0,interpolation_duration: 1}
$data merge entity $(bone_grip) {transformation: [-0.9728f,-0.2107f,0.0965f,0.0158f,-0.2102f,0.9775f,0.015f,-0.4985f,-0.0975f,-0.0057f,-0.9952f,0.3753f,0f,0f,0f,1f],start_interpolation: 0,interpolation_duration: 1}
$data merge entity $(bone_trigger) {transformation: [-0.9728f,-0.2107f,0.0965f,0.012f,-0.2102f,0.9775f,0.015f,-0.4947f,-0.0975f,-0.0057f,-0.9952f,0.4058f,0f,0f,0f,1f],start_interpolation: 0,interpolation_duration: 1}
$data merge entity $(bone_trigger_gaurd) {transformation: [-0.9728f,-0.2107f,0.0965f,0.0027f,-0.2102f,0.9775f,0.015f,-0.4669f,-0.0975f,-0.0057f,-0.9952f,0.4379f,0f,0f,0f,1f],start_interpolation: 0,interpolation_duration: 1}
$data merge entity $(bone_right_arm) {transformation: [-0.9728f,0.0965f,0.2107f,0.0185f,-0.2102f,0.015f,-0.9775f,-0.5215f,-0.0975f,-0.9952f,0.0057f,0.0456f,0f,0f,0f,1f],start_interpolation: 0,interpolation_duration: 1}
$data merge entity $(bone_magazine1) {transformation: [0f,0f,0f,-0.0595f,0f,0f,0f,-0.4529f,0f,0f,0f,0.3911f,0f,0f,0f,1f],start_interpolation: 0,interpolation_duration: 1}
$data merge entity $(bone_left_arm) {transformation: [-0.6392f,0.4589f,0.6171f,0.1885f,-0.6173f,0.1724f,-0.7676f,-0.4752f,-0.4586f,-0.8716f,0.1731f,0.0755f,0f,0f,0f,1f],start_interpolation: 0,interpolation_duration: 1}
data modify entity @s data merge value {"cameras":{},"locators":{"barrel1":{"px":-0.0567330848789012,"py":-0.43144697660406256,"pz":0.7304777050630109,"ry":5.537457059580618,"rx":0.856925380465531}}}