# This file was generated by Animated Java via MC-Build. It is not recommended to edit this file directly.
$data merge entity $(bone_muzzleflash) {transformation: [0f,0f,0f,-0.0407f,0f,0f,0f,-0.8521f,0f,0f,0f,0.3907f,0f,0f,0f,1f],start_interpolation: 0,interpolation_duration: 1}
$data merge entity $(bone_slide) {transformation: [-0.9753f,-0.1972f,0.0999f,-0.0398f,-0.1978f,0.9802f,0.0042f,-0.3602f,-0.0988f,-0.0157f,-0.995f,0.5708f,0f,0f,0f,1f],start_interpolation: 0,interpolation_duration: 1}
$data merge entity $(bone_barrel) {transformation: [-0.9753f,-0.1972f,0.0999f,0.0828f,-0.1978f,0.9802f,0.0042f,-0.4179f,-0.0988f,-0.0157f,-0.995f,0.5829f,0f,0f,0f,1f],start_interpolation: 0,interpolation_duration: 1}
$data merge entity $(bone_magazine) {transformation: [-0.9753f,-0.1972f,0.0999f,0.0062f,-0.1978f,0.9802f,0.0042f,-0.4902f,-0.0988f,-0.0157f,-0.995f,0.3769f,0f,0f,0f,1f],start_interpolation: 0,interpolation_duration: 1}
$data merge entity $(bone_grip) {transformation: [-0.9753f,-0.1972f,0.0999f,0.0062f,-0.1978f,0.9802f,0.0042f,-0.4902f,-0.0988f,-0.0157f,-0.995f,0.3769f,0f,0f,0f,1f],start_interpolation: 0,interpolation_duration: 1}
$data merge entity $(bone_trigger) {transformation: [-0.9753f,-0.1972f,0.0999f,0.0023f,-0.1978f,0.9802f,0.0042f,-0.486f,-0.0988f,-0.0157f,-0.995f,0.4073f,0f,0f,0f,1f],start_interpolation: 0,interpolation_duration: 1}
$data merge entity $(bone_trigger_gaurd) {transformation: [-0.9753f,-0.1972f,0.0999f,-0.0067f,-0.1978f,0.9802f,0.0042f,-0.4579f,-0.0988f,-0.0157f,-0.995f,0.4391f,0f,0f,0f,1f],start_interpolation: 0,interpolation_duration: 1}
$data merge entity $(bone_right_arm) {transformation: [-0.9753f,0.0999f,0.1972f,0.0096f,-0.1978f,0.0042f,-0.9802f,-0.5164f,-0.0988f,-0.995f,0.0157f,0.0474f,0f,0f,0f,1f],start_interpolation: 0,interpolation_duration: 1}
$data merge entity $(bone_magazine1) {transformation: [0f,0f,0f,-0.0686f,0f,0f,0f,-0.4434f,0f,0f,0f,0.392f,0f,0f,0f,1f],start_interpolation: 0,interpolation_duration: 1}
$data merge entity $(bone_left_arm) {transformation: [-0.6462f,0.464f,0.6059f,0.1801f,-0.6128f,0.1578f,-0.7743f,-0.4721f,-0.4549f,-0.8716f,0.1824f,0.0774f,0f,0f,0f,1f],start_interpolation: 0,interpolation_duration: 1}
data modify entity @s data merge value {"cameras":{},"locators":{"barrel1":{"px":-0.0665738416561949,"py":-0.4187870479671649,"pz":0.7311716830257203,"ry":5.733207870600694,"rx":0.24088316366037918}}}