# This file was generated by Animated Java via MC-Build. It is not recommended to edit this file directly.
$data merge entity $(bone_muzzleflash) {transformation: [0f,0f,0f,-0.0592f,0f,0f,0f,-0.8414f,0f,0f,0f,0.3959f,0f,0f,0f,1f],start_interpolation: 0,interpolation_duration: 1}
$data merge entity $(bone_slide) {transformation: [-0.9784f,-0.1794f,0.1031f,-0.0499f,-0.1812f,0.9834f,-0.0078f,-0.3477f,-0.1f,-0.0263f,-0.9946f,0.571f,0f,0f,0f,1f],start_interpolation: 0,interpolation_duration: 1}
$data merge entity $(bone_barrel) {transformation: [-0.9784f,-0.1794f,0.1031f,0.0716f,-0.1812f,0.9834f,-0.0078f,-0.4075f,-0.1f,-0.0263f,-0.9946f,0.584f,0f,0f,0f,1f],start_interpolation: 0,interpolation_duration: 1}
$data merge entity $(bone_magazine) {transformation: [-0.9784f,-0.1794f,0.1031f,-0.0057f,-0.1812f,0.9834f,-0.0078f,-0.4805f,-0.1f,-0.0263f,-0.9946f,0.3786f,0f,0f,0f,1f],start_interpolation: 0,interpolation_duration: 1}
$data merge entity $(bone_grip) {transformation: [-0.9784f,-0.1794f,0.1031f,-0.0057f,-0.1812f,0.9834f,-0.0078f,-0.4805f,-0.1f,-0.0263f,-0.9946f,0.3786f,0f,0f,0f,1f],start_interpolation: 0,interpolation_duration: 1}
$data merge entity $(bone_trigger) {transformation: [-0.9784f,-0.1794f,0.1031f,-0.0096f,-0.1812f,0.9834f,-0.0078f,-0.476f,-0.1f,-0.0263f,-0.9946f,0.4089f,0f,0f,0f,1f],start_interpolation: 0,interpolation_duration: 1}
$data merge entity $(bone_trigger_gaurd) {transformation: [-0.9784f,-0.1794f,0.1031f,-0.0182f,-0.1812f,0.9834f,-0.0078f,-0.4473f,-0.1f,-0.0263f,-0.9946f,0.4404f,0f,0f,0f,1f],start_interpolation: 0,interpolation_duration: 1}
$data merge entity $(bone_right_arm) {transformation: [-0.9784f,0.1031f,0.1794f,-0.0017f,-0.1812f,-0.0078f,-0.9834f,-0.5102f,-0.1f,-0.9946f,0.0263f,0.0494f,0f,0f,0f,1f],start_interpolation: 0,interpolation_duration: 1}
$data merge entity $(bone_magazine1) {transformation: [0f,0f,0f,-0.0796f,0f,0f,0f,-0.4323f,0f,0f,0f,0.3929f,0f,0f,0f,1f],start_interpolation: 0,interpolation_duration: 1}
$data merge entity $(bone_left_arm) {transformation: [-0.6557f,0.4696f,0.5913f,0.1695f,-0.6057f,0.1405f,-0.7832f,-0.4687f,-0.4509f,-0.8716f,0.1923f,0.0795f,0f,0f,0f,1f],start_interpolation: 0,interpolation_duration: 1}
data modify entity @s data merge value {"cameras":{},"locators":{"barrel1":{"px":-0.07829066519903882,"py":-0.4042055355134913,"pz":0.7318455826557612,"ry":5.919814011956078,"rx":-0.44539178570673404}}}