# This file was generated by Animated Java via MC-Build. It is not recommended to edit this file directly.
$data merge entity $(bone_muzzleflash) {transformation: [0f,0f,0f,-0.0806f,0f,0f,0f,-0.8292f,0f,0f,0f,0.4013f,0f,0f,0f,1f],start_interpolation: 0,interpolation_duration: 1}
$data merge entity $(bone_slide) {transformation: [-0.9817f,-0.158f,0.1059f,-0.0613f,-0.1611f,0.9867f,-0.0207f,-0.3339f,-0.1013f,-0.0374f,-0.9942f,0.5711f,0f,0f,0f,1f],start_interpolation: 0,interpolation_duration: 1}
$data merge entity $(bone_barrel) {transformation: [-0.9817f,-0.158f,0.1059f,0.0589f,-0.1611f,0.9867f,-0.0207f,-0.3962f,-0.1013f,-0.0374f,-0.9942f,0.5852f,0f,0f,0f,1f],start_interpolation: 0,interpolation_duration: 1}
$data merge entity $(bone_magazine) {transformation: [-0.9817f,-0.158f,0.1059f,-0.0193f,-0.1611f,0.9867f,-0.0207f,-0.4697f,-0.1013f,-0.0374f,-0.9942f,0.3803f,0f,0f,0f,1f],start_interpolation: 0,interpolation_duration: 1}
$data merge entity $(bone_grip) {transformation: [-0.9817f,-0.158f,0.1059f,-0.0193f,-0.1611f,0.9867f,-0.0207f,-0.4697f,-0.1013f,-0.0374f,-0.9942f,0.3803f,0f,0f,0f,1f],start_interpolation: 0,interpolation_duration: 1}
$data merge entity $(bone_trigger) {transformation: [-0.9817f,-0.158f,0.1059f,-0.0232f,-0.1611f,0.9867f,-0.0207f,-0.4648f,-0.1013f,-0.0374f,-0.9942f,0.4106f,0f,0f,0f,1f],start_interpolation: 0,interpolation_duration: 1}
$data merge entity $(bone_trigger_gaurd) {transformation: [-0.9817f,-0.158f,0.1059f,-0.0312f,-0.1611f,0.9867f,-0.0207f,-0.4356f,-0.1013f,-0.0374f,-0.9942f,0.4417f,0f,0f,0f,1f],start_interpolation: 0,interpolation_duration: 1}
$data merge entity $(bone_right_arm) {transformation: [-0.9817f,0.1059f,0.158f,-0.015f,-0.1611f,-0.0207f,-0.9867f,-0.503f,-0.1013f,-0.9942f,0.0374f,0.0515f,0f,0f,0f,1f],start_interpolation: 0,interpolation_duration: 1}
$data merge entity $(bone_magazine1) {transformation: [0f,0f,0f,-0.0923f,0f,0f,0f,-0.4197f,0f,0f,0f,0.3939f,0f,0f,0f,1f],start_interpolation: 0,interpolation_duration: 1}
$data merge entity $(bone_left_arm) {transformation: [-0.6672f,0.4752f,0.5736f,0.157f,-0.5962f,0.1209f,-0.7937f,-0.4649f,-0.4465f,-0.8716f,0.2026f,0.0817f,0f,0f,0f,1f],start_interpolation: 0,interpolation_duration: 1}
data modify entity @s data merge value {"cameras":{},"locators":{"barrel1":{"px":-0.09131896300203036,"py":-0.38806196985916785,"pz":0.7324736371645032,"ry":6.082529924893009,"rx":-1.1874113095568781}}}