# This file was generated by Animated Java via MC-Build. It is not recommended to edit this file directly.
$data merge entity $(bone_muzzleflash) {transformation: [0f,0f,0f,-0.1043f,0f,0f,0f,-0.8156f,0f,0f,0f,0.4068f,0f,0f,0f,1f],start_interpolation: 0,interpolation_duration: 1}
$data merge entity $(bone_slide) {transformation: [-0.9851f,-0.1338f,0.1081f,-0.0733f,-0.1382f,0.9898f,-0.0344f,-0.3192f,-0.1024f,-0.0488f,-0.9935f,0.5712f,0f,0f,0f,1f],start_interpolation: 0,interpolation_duration: 1}
$data merge entity $(bone_barrel) {transformation: [-0.9851f,-0.1338f,0.1081f,0.0453f,-0.1382f,0.9898f,-0.0344f,-0.3842f,-0.1024f,-0.0488f,-0.9935f,0.5863f,0f,0f,0f,1f],start_interpolation: 0,interpolation_duration: 1}
$data merge entity $(bone_magazine) {transformation: [-0.9851f,-0.1338f,0.1081f,-0.0342f,-0.1382f,0.9898f,-0.0344f,-0.4581f,-0.1024f,-0.0488f,-0.9935f,0.382f,0f,0f,0f,1f],start_interpolation: 0,interpolation_duration: 1}
$data merge entity $(bone_grip) {transformation: [-0.9851f,-0.1338f,0.1081f,-0.0342f,-0.1382f,0.9898f,-0.0344f,-0.4581f,-0.1024f,-0.0488f,-0.9935f,0.382f,0f,0f,0f,1f],start_interpolation: 0,interpolation_duration: 1}
$data merge entity $(bone_trigger) {transformation: [-0.9851f,-0.1338f,0.1081f,-0.0381f,-0.1382f,0.9898f,-0.0344f,-0.4527f,-0.1024f,-0.0488f,-0.9935f,0.4122f,0f,0f,0f,1f],start_interpolation: 0,interpolation_duration: 1}
$data merge entity $(bone_trigger_gaurd) {transformation: [-0.9851f,-0.1338f,0.1081f,-0.0454f,-0.1382f,0.9898f,-0.0344f,-0.423f,-0.1024f,-0.0488f,-0.9935f,0.443f,0f,0f,0f,1f],start_interpolation: 0,interpolation_duration: 1}
$data merge entity $(bone_right_arm) {transformation: [-0.9851f,0.1081f,0.1338f,-0.0297f,-0.1382f,-0.0344f,-0.9898f,-0.4951f,-0.1024f,-0.9935f,0.0488f,0.0536f,0f,0f,0f,1f],start_interpolation: 0,interpolation_duration: 1}
$data merge entity $(bone_magazine1) {transformation: [0f,0f,0f,-0.1059f,0f,0f,0f,-0.4062f,0f,0f,0f,0.3948f,0f,0f,0f,1f],start_interpolation: 0,interpolation_duration: 1}
$data merge entity $(bone_left_arm) {transformation: [-0.6804f,0.4803f,0.5535f,0.143f,-0.5847f,0.0996f,-0.8051f,-0.4608f,-0.4418f,-0.8714f,0.2131f,0.0839f,0f,0f,0f,1f],start_interpolation: 0,interpolation_duration: 1}
data modify entity @s data merge value {"cameras":{},"locators":{"barrel1":{"px":-0.10511879626082238,"py":-0.3707365410907524,"pz":0.7330366782628204,"ry":6.208619236192163,"rx":-1.9692881100546482}}}