# This file was generated by Animated Java via MC-Build. It is not recommended to edit this file directly.
$data merge entity $(bone_muzzleflash) {transformation: [0f,0f,0f,-0.1294f,0f,0f,0f,-0.8011f,0f,0f,0f,0.4123f,0f,0f,0f,1f],start_interpolation: 0,interpolation_duration: 1}
$data merge entity $(bone_slide) {transformation: [-0.9882f,-0.1074f,0.1094f,-0.0857f,-0.1132f,0.9924f,-0.0484f,-0.3037f,-0.1034f,-0.0602f,-0.9928f,0.5712f,0f,0f,0f,1f],start_interpolation: 0,interpolation_duration: 1}
$data merge entity $(bone_barrel) {transformation: [-0.9882f,-0.1074f,0.1094f,0.0311f,-0.1132f,0.9924f,-0.0484f,-0.3717f,-0.1034f,-0.0602f,-0.9928f,0.5873f,0f,0f,0f,1f],start_interpolation: 0,interpolation_duration: 1}
$data merge entity $(bone_magazine) {transformation: [-0.9882f,-0.1074f,0.1094f,-0.0498f,-0.1132f,0.9924f,-0.0484f,-0.4457f,-0.1034f,-0.0602f,-0.9928f,0.3836f,0f,0f,0f,1f],start_interpolation: 0,interpolation_duration: 1}
$data merge entity $(bone_grip) {transformation: [-0.9882f,-0.1074f,0.1094f,-0.0498f,-0.1132f,0.9924f,-0.0484f,-0.4457f,-0.1034f,-0.0602f,-0.9928f,0.3836f,0f,0f,0f,1f],start_interpolation: 0,interpolation_duration: 1}
$data merge entity $(bone_trigger) {transformation: [-0.9882f,-0.1074f,0.1094f,-0.0536f,-0.1132f,0.9924f,-0.0484f,-0.4399f,-0.1034f,-0.0602f,-0.9928f,0.4138f,0f,0f,0f,1f],start_interpolation: 0,interpolation_duration: 1}
$data merge entity $(bone_trigger_gaurd) {transformation: [-0.9882f,-0.1074f,0.1094f,-0.0603f,-0.1132f,0.9924f,-0.0484f,-0.4097f,-0.1034f,-0.0602f,-0.9928f,0.4443f,0f,0f,0f,1f],start_interpolation: 0,interpolation_duration: 1}
$data merge entity $(bone_right_arm) {transformation: [-0.9882f,0.1094f,0.1074f,-0.0456f,-0.1132f,-0.0484f,-0.9924f,-0.4866f,-0.1034f,-0.9928f,0.0602f,0.0557f,0f,0f,0f,1f],start_interpolation: 0,interpolation_duration: 1}
$data merge entity $(bone_magazine1) {transformation: [0f,0f,0f,-0.1201f,0f,0f,0f,-0.3918f,0f,0f,0f,0.3957f,0f,0f,0f,1f],start_interpolation: 0,interpolation_duration: 1}
$data merge entity $(bone_left_arm) {transformation: [-0.6946f,0.4848f,0.5315f,0.1279f,-0.5714f,0.077f,-0.8171f,-0.4566f,-0.437f,-0.8712f,0.2235f,0.0861f,0f,0f,0f,1f],start_interpolation: 0,interpolation_duration: 1}
data modify entity @s data merge value {"cameras":{},"locators":{"barrel1":{"px":-0.11918489269287498,"py":-0.3526327458252568,"pz":0.7335227335195162,"ry":6.288076953596573,"rx":-2.7736957206051844}}}