# This file was generated by Animated Java via MC-Build. It is not recommended to edit this file directly.
$data merge entity $(bone_muzzleflash) {transformation: [0f,0f,0f,-0.1552f,0f,0f,0f,-0.7857f,0f,0f,0f,0.4177f,0f,0f,0f,1f],start_interpolation: 0,interpolation_duration: 1}
$data merge entity $(bone_slide) {transformation: [-0.9908f,-0.0796f,0.1098f,-0.0979f,-0.0868f,0.9943f,-0.0625f,-0.2881f,-0.1042f,-0.0714f,-0.992f,0.5711f,0f,0f,0f,1f],start_interpolation: 0,interpolation_duration: 1}
$data merge entity $(bone_barrel) {transformation: [-0.9908f,-0.0796f,0.1098f,0.0169f,-0.0868f,0.9943f,-0.0625f,-0.359f,-0.1042f,-0.0714f,-0.992f,0.5883f,0f,0f,0f,1f],start_interpolation: 0,interpolation_duration: 1}
$data merge entity $(bone_magazine) {transformation: [-0.9908f,-0.0796f,0.1098f,-0.0657f,-0.0868f,0.9943f,-0.0625f,-0.4331f,-0.1042f,-0.0714f,-0.992f,0.3853f,0f,0f,0f,1f],start_interpolation: 0,interpolation_duration: 1}
$data merge entity $(bone_grip) {transformation: [-0.9908f,-0.0796f,0.1098f,-0.0657f,-0.0868f,0.9943f,-0.0625f,-0.4331f,-0.1042f,-0.0714f,-0.992f,0.3853f,0f,0f,0f,1f],start_interpolation: 0,interpolation_duration: 1}
$data merge entity $(bone_trigger) {transformation: [-0.9908f,-0.0796f,0.1098f,-0.0694f,-0.0868f,0.9943f,-0.0625f,-0.4268f,-0.1042f,-0.0714f,-0.992f,0.4153f,0f,0f,0f,1f],start_interpolation: 0,interpolation_duration: 1}
$data merge entity $(bone_trigger_gaurd) {transformation: [-0.9908f,-0.0796f,0.1098f,-0.0752f,-0.0868f,0.9943f,-0.0625f,-0.3961f,-0.1042f,-0.0714f,-0.992f,0.4454f,0f,0f,0f,1f],start_interpolation: 0,interpolation_duration: 1}
$data merge entity $(bone_right_arm) {transformation: [-0.9908f,0.1098f,0.0796f,-0.062f,-0.0868f,-0.0625f,-0.9943f,-0.4776f,-0.1042f,-0.992f,0.0714f,0.0578f,0f,0f,0f,1f],start_interpolation: 0,interpolation_duration: 1}
$data merge entity $(bone_magazine1) {transformation: [0f,0f,0f,-0.1345f,0f,0f,0f,-0.3771f,0f,0f,0f,0.3966f,0f,0f,0f,1f],start_interpolation: 0,interpolation_duration: 1}
$data merge entity $(bone_left_arm) {transformation: [-0.7095f,0.4883f,0.5082f,0.1122f,-0.5567f,0.0538f,-0.829f,-0.4522f,-0.4321f,-0.871f,0.2337f,0.0882f,0f,0f,0f,1f],start_interpolation: 0,interpolation_duration: 1}
data modify entity @s data merge value {"cameras":{},"locators":{"barrel1":{"px":-0.13305455036809966,"py":-0.3341767904728868,"pz":0.7339272455151389,"ry":6.314177380060727,"rx":-3.582030177857034}}}