# This file was generated by Animated Java via MC-Build. It is not recommended to edit this file directly.
$data merge entity $(bone_muzzleflash) {transformation: [0f,0f,0f,-0.1809f,0f,0f,0f,-0.7699f,0f,0f,0f,0.4228f,0f,0f,0f,1f],start_interpolation: 0,interpolation_duration: 1}
$data merge entity $(bone_slide) {transformation: [-0.9927f,-0.0513f,0.1091f,-0.1097f,-0.0598f,0.9953f,-0.0763f,-0.2725f,-0.1047f,-0.0822f,-0.9911f,0.571f,0f,0f,0f,1f],start_interpolation: 0,interpolation_duration: 1}
$data merge entity $(bone_barrel) {transformation: [-0.9927f,-0.0513f,0.1091f,0.0031f,-0.0598f,0.9953f,-0.0763f,-0.3465f,-0.1047f,-0.0822f,-0.9911f,0.5891f,0f,0f,0f,1f],start_interpolation: 0,interpolation_duration: 1}
$data merge entity $(bone_magazine) {transformation: [-0.9927f,-0.0513f,0.1091f,-0.0813f,-0.0598f,0.9953f,-0.0763f,-0.4203f,-0.1047f,-0.0822f,-0.9911f,0.3868f,0f,0f,0f,1f],start_interpolation: 0,interpolation_duration: 1}
$data merge entity $(bone_grip) {transformation: [-0.9927f,-0.0513f,0.1091f,-0.0813f,-0.0598f,0.9953f,-0.0763f,-0.4203f,-0.1047f,-0.0822f,-0.9911f,0.3868f,0f,0f,0f,1f],start_interpolation: 0,interpolation_duration: 1}
$data merge entity $(bone_trigger) {transformation: [-0.9927f,-0.0513f,0.1091f,-0.0849f,-0.0598f,0.9953f,-0.0763f,-0.4137f,-0.1047f,-0.0822f,-0.9911f,0.4168f,0f,0f,0f,1f],start_interpolation: 0,interpolation_duration: 1}
$data merge entity $(bone_trigger_gaurd) {transformation: [-0.9927f,-0.0513f,0.1091f,-0.0899f,-0.0598f,0.9953f,-0.0763f,-0.3824f,-0.1047f,-0.0822f,-0.9911f,0.4465f,0f,0f,0f,1f],start_interpolation: 0,interpolation_duration: 1}
$data merge entity $(bone_right_arm) {transformation: [-0.9927f,0.1091f,0.0513f,-0.0786f,-0.0598f,-0.0763f,-0.9953f,-0.4685f,-0.1047f,-0.9911f,0.0822f,0.0598f,0f,0f,0f,1f],start_interpolation: 0,interpolation_duration: 1}
$data merge entity $(bone_magazine1) {transformation: [0f,0f,0f,-0.1486f,0f,0f,0f,-0.3623f,0f,0f,0f,0.3974f,0f,0f,0f,1f],start_interpolation: 0,interpolation_duration: 1}
$data merge entity $(bone_left_arm) {transformation: [-0.7245f,0.4906f,0.4841f,0.0963f,-0.541f,0.0305f,-0.8405f,-0.4477f,-0.4271f,-0.8708f,0.2433f,0.0902f,0f,0f,0f,1f],start_interpolation: 0,interpolation_duration: 1}
data modify entity @s data merge value {"cameras":{},"locators":{"barrel1":{"px":-0.14631297786265338,"py":-0.31581426356915143,"pz":0.7342529110047051,"ry":6.283828016611523,"rx":-4.374734459172975}}}