# This file was generated by Animated Java via MC-Build. It is not recommended to edit this file directly.
$data merge entity $(bone_muzzleflash) {transformation: [0f,0f,0f,-0.2058f,0f,0f,0f,-0.7541f,0f,0f,0f,0.4277f,0f,0f,0f,1f],start_interpolation: 0,interpolation_duration: 1}
$data merge entity $(bone_slide) {transformation: [-0.9939f,-0.0231f,0.1075f,-0.1206f,-0.0328f,0.9955f,-0.0894f,-0.2574f,-0.105f,-0.0924f,-0.9902f,0.5708f,0f,0f,0f,1f],start_interpolation: 0,interpolation_duration: 1}
$data merge entity $(bone_barrel) {transformation: [-0.9939f,-0.0231f,0.1075f,-0.0101f,-0.0328f,0.9955f,-0.0894f,-0.3344f,-0.105f,-0.0924f,-0.9902f,0.5898f,0f,0f,0f,1f],start_interpolation: 0,interpolation_duration: 1}
$data merge entity $(bone_magazine) {transformation: [-0.9939f,-0.0231f,0.1075f,-0.0964f,-0.0328f,0.9955f,-0.0894f,-0.4079f,-0.105f,-0.0924f,-0.9902f,0.3882f,0f,0f,0f,1f],start_interpolation: 0,interpolation_duration: 1}
$data merge entity $(bone_grip) {transformation: [-0.9939f,-0.0231f,0.1075f,-0.0964f,-0.0328f,0.9955f,-0.0894f,-0.4079f,-0.105f,-0.0924f,-0.9902f,0.3882f,0f,0f,0f,1f],start_interpolation: 0,interpolation_duration: 1}
$data merge entity $(bone_trigger) {transformation: [-0.9939f,-0.0231f,0.1075f,-0.0998f,-0.0328f,0.9955f,-0.0894f,-0.4008f,-0.105f,-0.0924f,-0.9902f,0.4181f,0f,0f,0f,1f],start_interpolation: 0,interpolation_duration: 1}
$data merge entity $(bone_trigger_gaurd) {transformation: [-0.9939f,-0.0231f,0.1075f,-0.1039f,-0.0328f,0.9955f,-0.0894f,-0.3691f,-0.105f,-0.0924f,-0.9902f,0.4475f,0f,0f,0f,1f],start_interpolation: 0,interpolation_duration: 1}
$data merge entity $(bone_right_arm) {transformation: [-0.9939f,0.1075f,0.0231f,-0.0948f,-0.0328f,-0.0894f,-0.9955f,-0.4595f,-0.105f,-0.9902f,0.0924f,0.0617f,0f,0f,0f,1f],start_interpolation: 0,interpolation_duration: 1}
$data merge entity $(bone_magazine1) {transformation: [0f,0f,0f,-0.162f,0f,0f,0f,-0.3479f,0f,0f,0f,0.3981f,0f,0f,0f,1f],start_interpolation: 0,interpolation_duration: 1}
$data merge entity $(bone_left_arm) {transformation: [-0.7392f,0.4918f,0.4601f,0.0805f,-0.5247f,0.0077f,-0.8513f,-0.4432f,-0.4222f,-0.8707f,0.2523f,0.092f,0f,0f,0f,1f],start_interpolation: 0,interpolation_duration: 1}
data modify entity @s data merge value {"cameras":{},"locators":{"barrel1":{"px":-0.15859562679039657,"py":-0.29800480455703743,"pz":0.7345091394440005,"ry":6.197708398139383,"rx":-5.131733316263828}}}