# This file was generated by Animated Java via MC-Build. It is not recommended to edit this file directly.
$data merge entity $(bone_muzzleflash) {transformation: [0f,0f,0f,-0.2292f,0f,0f,0f,-0.7387f,0f,0f,0f,0.4322f,0f,0f,0f,1f],start_interpolation: 0,interpolation_duration: 1}
$data merge entity $(bone_slide) {transformation: [-0.9945f,0.0041f,0.105f,-0.1305f,-0.0067f,0.9948f,-0.1016f,-0.2432f,-0.1049f,-0.1018f,-0.9893f,0.5707f,0f,0f,0f,1f],start_interpolation: 0,interpolation_duration: 1}
$data merge entity $(bone_barrel) {transformation: [-0.9945f,0.0041f,0.105f,-0.0221f,-0.0067f,0.9948f,-0.1016f,-0.323f,-0.1049f,-0.1018f,-0.9893f,0.5904f,0f,0f,0f,1f],start_interpolation: 0,interpolation_duration: 1}
$data merge entity $(bone_magazine) {transformation: [-0.9945f,0.0041f,0.105f,-0.1104f,-0.0067f,0.9948f,-0.1016f,-0.396f,-0.1049f,-0.1018f,-0.9893f,0.3894f,0f,0f,0f,1f],start_interpolation: 0,interpolation_duration: 1}
$data merge entity $(bone_grip) {transformation: [-0.9945f,0.0041f,0.105f,-0.1104f,-0.0067f,0.9948f,-0.1016f,-0.396f,-0.1049f,-0.1018f,-0.9893f,0.3894f,0f,0f,0f,1f],start_interpolation: 0,interpolation_duration: 1}
$data merge entity $(bone_trigger) {transformation: [-0.9945f,0.0041f,0.105f,-0.1136f,-0.0067f,0.9948f,-0.1016f,-0.3885f,-0.1049f,-0.1018f,-0.9893f,0.4193f,0f,0f,0f,1f],start_interpolation: 0,interpolation_duration: 1}
$data merge entity $(bone_trigger_gaurd) {transformation: [-0.9945f,0.0041f,0.105f,-0.1169f,-0.0067f,0.9948f,-0.1016f,-0.3565f,-0.1049f,-0.1018f,-0.9893f,0.4484f,0f,0f,0f,1f],start_interpolation: 0,interpolation_duration: 1}
$data merge entity $(bone_right_arm) {transformation: [-0.9945f,0.105f,-0.0041f,-0.1102f,-0.0067f,-0.1016f,-0.9948f,-0.4506f,-0.1049f,-0.9893f,0.1018f,0.0635f,0f,0f,0f,1f],start_interpolation: 0,interpolation_duration: 1}
$data merge entity $(bone_magazine1) {transformation: [0f,0f,0f,-0.1743f,0f,0f,0f,-0.3341f,0f,0f,0f,0.3988f,0f,0f,0f,1f],start_interpolation: 0,interpolation_duration: 1}
$data merge entity $(bone_left_arm) {transformation: [-0.7533f,0.4918f,0.4367f,0.0655f,-0.5082f,-0.0139f,-0.8611f,-0.4389f,-0.4175f,-0.8706f,0.2604f,0.0937f,0f,0f,0f,1f],start_interpolation: 0,interpolation_duration: 1}
data modify entity @s data merge value {"cameras":{},"locators":{"barrel1":{"px":-0.1695871673887178,"py":-0.28121563316343506,"pz":0.7347111313087382,"ry":6.060174391083592,"rx":-5.832917935556886}}}