# This file was generated by Animated Java via MC-Build. It is not recommended to edit this file directly.
$data merge entity $(bone_muzzleflash) {transformation: [0f,0f,0f,-0.2161f,0f,0f,0f,-0.7443f,0f,0f,0f,0.3996f,0f,0f,0f,1f],start_interpolation: 0,interpolation_duration: 1}
$data merge entity $(bone_slide) {transformation: [-0.9935f,0.1137f,-0.0014f,-0.0461f,0.1137f,0.9934f,-0.018f,-0.2782f,-0.0006f,-0.018f,-0.9998f,0.568f,0f,0f,0f,1f],start_interpolation: 0,interpolation_duration: 1}
$data merge entity $(bone_barrel) {transformation: [-0.9935f,0.1137f,-0.0014f,0.0533f,0.1137f,0.9934f,-0.018f,-0.3711f,-0.0006f,-0.018f,-0.9998f,0.5695f,0f,0f,0f,1f],start_interpolation: 0,interpolation_duration: 1}
$data merge entity $(bone_magazine) {transformation: [-0.9935f,0.1137f,-0.0014f,-0.0616f,0.1137f,0.9934f,-0.018f,-0.4144f,-0.0006f,-0.018f,-0.9998f,0.3735f,0f,0f,0f,1f],start_interpolation: 0,interpolation_duration: 1}
$data merge entity $(bone_grip) {transformation: [-0.9935f,0.1137f,-0.0014f,-0.0616f,0.1137f,0.9934f,-0.018f,-0.4144f,-0.0006f,-0.018f,-0.9998f,0.3735f,0f,0f,0f,1f],start_interpolation: 0,interpolation_duration: 1}
$data merge entity $(bone_trigger) {transformation: [-0.9935f,0.1137f,-0.0014f,-0.061f,0.1137f,0.9934f,-0.018f,-0.4095f,-0.0006f,-0.018f,-0.9998f,0.404f,0f,0f,0f,1f],start_interpolation: 0,interpolation_duration: 1}
$data merge entity $(bone_trigger_gaurd) {transformation: [-0.9935f,0.1137f,-0.0014f,-0.0577f,0.1137f,0.9934f,-0.018f,-0.3802f,-0.0006f,-0.018f,-0.9998f,0.4359f,0f,0f,0f,1f],start_interpolation: 0,interpolation_duration: 1}
$data merge entity $(bone_right_arm) {transformation: [-0.9935f,-0.0014f,-0.1137f,-0.0986f,0.1137f,-0.018f,-0.9934f,-0.4374f,-0.0006f,-0.9998f,0.018f,0.0459f,0f,0f,0f,1f],start_interpolation: 0,interpolation_duration: 1}
$data merge entity $(bone_magazine1) {transformation: [0f,0f,0f,-0.1165f,0f,0f,0f,-0.347f,0f,0f,0f,0.3946f,0f,0f,0f,1f],start_interpolation: 0,interpolation_duration: 1}
$data merge entity $(bone_left_arm) {transformation: [-0.8447f,0.4026f,0.3528f,0.0793f,-0.3795f,0.0146f,-0.9251f,-0.4482f,-0.3776f,-0.9153f,0.1404f,0.0584f,0f,0f,0f,1f],start_interpolation: 0,interpolation_duration: 1}
data modify entity @s data merge value {"cameras":{},"locators":{"barrel1":{"px":-0.0738439452366132,"py":-0.3271560463862085,"pz":0.7314489169626187,"ry":359.9193071484611,"rx":-1.0317056439270849}}}