# This file was generated by Animated Java via MC-Build. It is not recommended to edit this file directly.
$data merge entity $(bone_muzzleflash) {transformation: [0f,0f,0f,-0.2506f,0f,0f,0f,-0.7242f,0f,0f,0f,0.4362f,0f,0f,0f,1f],start_interpolation: 0,interpolation_duration: 1}
$data merge entity $(bone_slide) {transformation: [-0.9944f,0.0295f,0.1018f,-0.1391f,0.018f,0.9935f,-0.1125f,-0.2303f,-0.1044f,-0.11f,-0.9884f,0.5705f,0f,0f,0f,1f],start_interpolation: 0,interpolation_duration: 1}
$data merge entity $(bone_barrel) {transformation: [-0.9944f,0.0295f,0.1018f,-0.0327f,0.018f,0.9935f,-0.1125f,-0.3126f,-0.1044f,-0.11f,-0.9884f,0.5909f,0f,0f,0f,1f],start_interpolation: 0,interpolation_duration: 1}
$data merge entity $(bone_magazine) {transformation: [-0.9944f,0.0295f,0.1018f,-0.123f,0.018f,0.9935f,-0.1125f,-0.385f,-0.1044f,-0.11f,-0.9884f,0.3905f,0f,0f,0f,1f],start_interpolation: 0,interpolation_duration: 1}
$data merge entity $(bone_grip) {transformation: [-0.9944f,0.0295f,0.1018f,-0.123f,0.018f,0.9935f,-0.1125f,-0.385f,-0.1044f,-0.11f,-0.9884f,0.3905f,0f,0f,0f,1f],start_interpolation: 0,interpolation_duration: 1}
$data merge entity $(bone_trigger) {transformation: [-0.9944f,0.0295f,0.1018f,-0.126f,0.018f,0.9935f,-0.1125f,-0.3772f,-0.1044f,-0.11f,-0.9884f,0.4203f,0f,0f,0f,1f],start_interpolation: 0,interpolation_duration: 1}
$data merge entity $(bone_trigger_gaurd) {transformation: [-0.9944f,0.0295f,0.1018f,-0.1284f,0.018f,0.9935f,-0.1125f,-0.3449f,-0.1044f,-0.11f,-0.9884f,0.4492f,0f,0f,0f,1f],start_interpolation: 0,interpolation_duration: 1}
$data merge entity $(bone_right_arm) {transformation: [-0.9944f,0.1018f,-0.0295f,-0.1244f,0.018f,-0.1125f,-0.9935f,-0.4424f,-0.1044f,-0.9884f,0.11f,0.065f,0f,0f,0f,1f],start_interpolation: 0,interpolation_duration: 1}
$data merge entity $(bone_magazine1) {transformation: [0f,0f,0f,-0.1853f,0f,0f,0f,-0.3214f,0f,0f,0f,0.3994f,0f,0f,0f,1f],start_interpolation: 0,interpolation_duration: 1}
$data merge entity $(bone_left_arm) {transformation: [-0.7663f,0.4908f,0.4146f,0.0515f,-0.4922f,-0.0337f,-0.8699f,-0.4349f,-0.4129f,-0.8706f,0.2674f,0.0951f,0f,0f,0f,1f],start_interpolation: 0,interpolation_duration: 1}
data modify entity @s data merge value {"cameras":{},"locators":{"barrel1":{"px":-0.17901690741142096,"py":-0.26591484499150764,"pz":0.7348785773937703,"ry":5.878912643256541,"rx":-6.458617350806227}}}