# This file was generated by Animated Java via MC-Build. It is not recommended to edit this file directly.
$data merge entity $(bone_muzzleflash) {transformation: [0f,0f,0f,-0.2692f,0f,0f,0f,-0.7112f,0f,0f,0f,0.4396f,0f,0f,0f,1f],start_interpolation: 0,interpolation_duration: 1}
$data merge entity $(bone_slide) {transformation: [-0.9938f,0.0525f,0.098f,-0.1461f,0.0404f,0.9917f,-0.1217f,-0.219f,-0.1035f,-0.117f,-0.9877f,0.5704f,0f,0f,0f,1f],start_interpolation: 0,interpolation_duration: 1}
$data merge entity $(bone_barrel) {transformation: [-0.9938f,0.0525f,0.098f,-0.0417f,0.0404f,0.9917f,-0.1217f,-0.3037f,-0.1035f,-0.117f,-0.9877f,0.5912f,0f,0f,0f,1f],start_interpolation: 0,interpolation_duration: 1}
$data merge entity $(bone_magazine) {transformation: [-0.9938f,0.0525f,0.098f,-0.1338f,0.0404f,0.9917f,-0.1217f,-0.3753f,-0.1035f,-0.117f,-0.9877f,0.3915f,0f,0f,0f,1f],start_interpolation: 0,interpolation_duration: 1}
$data merge entity $(bone_grip) {transformation: [-0.9938f,0.0525f,0.098f,-0.1338f,0.0404f,0.9917f,-0.1217f,-0.3753f,-0.1035f,-0.117f,-0.9877f,0.3915f,0f,0f,0f,1f],start_interpolation: 0,interpolation_duration: 1}
$data merge entity $(bone_trigger) {transformation: [-0.9938f,0.0525f,0.098f,-0.1366f,0.0404f,0.9917f,-0.1217f,-0.3673f,-0.1035f,-0.117f,-0.9877f,0.4212f,0f,0f,0f,1f],start_interpolation: 0,interpolation_duration: 1}
$data merge entity $(bone_trigger_gaurd) {transformation: [-0.9938f,0.0525f,0.098f,-0.1383f,0.0404f,0.9917f,-0.1217f,-0.3347f,-0.1035f,-0.117f,-0.9877f,0.4499f,0f,0f,0f,1f],start_interpolation: 0,interpolation_duration: 1}
$data merge entity $(bone_right_arm) {transformation: [-0.9938f,0.098f,-0.0525f,-0.137f,0.0404f,-0.1217f,-0.9917f,-0.4349f,-0.1035f,-0.9877f,0.117f,0.0664f,0f,0f,0f,1f],start_interpolation: 0,interpolation_duration: 1}
$data merge entity $(bone_magazine1) {transformation: [0f,0f,0f,-0.1946f,0f,0f,0f,-0.3103f,0f,0f,0f,0.4f,0f,0f,0f,1f],start_interpolation: 0,interpolation_duration: 1}
$data merge entity $(bone_left_arm) {transformation: [-0.778f,0.4888f,0.3946f,0.0392f,-0.4771f,-0.0511f,-0.8774f,-0.4313f,-0.4087f,-0.8709f,0.273f,0.0962f,0f,0f,0f,1f],start_interpolation: 0,interpolation_duration: 1}
data modify entity @s data merge value {"cameras":{},"locators":{"barrel1":{"px":-0.18665062467929572,"py":-0.25256531336872545,"pz":0.7350339805228158,"ry":5.664336426329214,"rx":-6.989997337880136}}}