# This file was generated by Animated Java via MC-Build. It is not recommended to edit this file directly.
$data merge entity $(bone_muzzleflash) {transformation: [0f,0f,0f,-0.2845f,0f,0f,0f,-0.7f,0f,0f,0f,0.4424f,0f,0f,0f,1f],start_interpolation: 0,interpolation_duration: 1}
$data merge entity $(bone_slide) {transformation: [-0.993f,0.0722f,0.0938f,-0.1514f,0.0598f,0.9898f,-0.129f,-0.2098f,-0.1022f,-0.1224f,-0.9872f,0.5703f,0f,0f,0f,1f],start_interpolation: 0,interpolation_duration: 1}
$data merge entity $(bone_barrel) {transformation: [-0.993f,0.0722f,0.0938f,-0.0486f,0.0598f,0.9898f,-0.129f,-0.2964f,-0.1022f,-0.1224f,-0.9872f,0.5914f,0f,0f,0f,1f],start_interpolation: 0,interpolation_duration: 1}
$data merge entity $(bone_magazine) {transformation: [-0.993f,0.0722f,0.0938f,-0.1425f,0.0598f,0.9898f,-0.129f,-0.3673f,-0.1022f,-0.1224f,-0.9872f,0.3922f,0f,0f,0f,1f],start_interpolation: 0,interpolation_duration: 1}
$data merge entity $(bone_grip) {transformation: [-0.993f,0.0722f,0.0938f,-0.1425f,0.0598f,0.9898f,-0.129f,-0.3673f,-0.1022f,-0.1224f,-0.9872f,0.3922f,0f,0f,0f,1f],start_interpolation: 0,interpolation_duration: 1}
$data merge entity $(bone_trigger) {transformation: [-0.993f,0.0722f,0.0938f,-0.1451f,0.0598f,0.9898f,-0.129f,-0.359f,-0.1022f,-0.1224f,-0.9872f,0.4219f,0f,0f,0f,1f],start_interpolation: 0,interpolation_duration: 1}
$data merge entity $(bone_trigger_gaurd) {transformation: [-0.993f,0.0722f,0.0938f,-0.146f,0.0598f,0.9898f,-0.129f,-0.3262f,-0.1022f,-0.1224f,-0.9872f,0.4504f,0f,0f,0f,1f],start_interpolation: 0,interpolation_duration: 1}
$data merge entity $(bone_right_arm) {transformation: [-0.993f,0.0938f,-0.0722f,-0.1474f,0.0598f,-0.129f,-0.9898f,-0.4285f,-0.1022f,-0.9872f,0.1224f,0.0675f,0f,0f,0f,1f],start_interpolation: 0,interpolation_duration: 1}
$data merge entity $(bone_magazine1) {transformation: [0f,0f,0f,-0.202f,0f,0f,0f,-0.301f,0f,0f,0f,0.4005f,0f,0f,0f,1f],start_interpolation: 0,interpolation_duration: 1}
$data merge entity $(bone_left_arm) {transformation: [-0.7882f,0.4862f,0.3773f,0.0288f,-0.4635f,-0.0656f,-0.8836f,-0.4283f,-0.4049f,-0.8714f,0.2771f,0.097f,0f,0f,0f,1f],start_interpolation: 0,interpolation_duration: 1}
data modify entity @s data merge value {"cameras":{},"locators":{"barrel1":{"px":-0.19227894001810136,"py":-0.24161986117036727,"pz":0.7352006007144616,"ry":5.428722630455667,"rx":-7.409338319956861}}}