# This file was generated by Animated Java via MC-Build. It is not recommended to edit this file directly.
$data merge entity $(bone_muzzleflash) {transformation: [0f,0f,0f,-0.296f,0f,0f,0f,-0.6914f,0f,0f,0f,0.4445f,0f,0f,0f,1f],start_interpolation: 0,interpolation_duration: 1}
$data merge entity $(bone_slide) {transformation: [-0.9921f,0.088f,0.0896f,-0.1546f,0.0755f,0.9881f,-0.134f,-0.2029f,-0.1003f,-0.1262f,-0.9869f,0.5703f,0f,0f,0f,1f],start_interpolation: 0,interpolation_duration: 1}
$data merge entity $(bone_barrel) {transformation: [-0.9921f,0.088f,0.0896f,-0.0532f,0.0755f,0.9881f,-0.134f,-0.2911f,-0.1003f,-0.1262f,-0.9869f,0.5915f,0f,0f,0f,1f],start_interpolation: 0,interpolation_duration: 1}
$data merge entity $(bone_magazine) {transformation: [-0.9921f,0.088f,0.0896f,-0.1487f,0.0755f,0.9881f,-0.134f,-0.3612f,-0.1003f,-0.1262f,-0.9869f,0.3928f,0f,0f,0f,1f],start_interpolation: 0,interpolation_duration: 1}
$data merge entity $(bone_grip) {transformation: [-0.9921f,0.088f,0.0896f,-0.1487f,0.0755f,0.9881f,-0.134f,-0.3612f,-0.1003f,-0.1262f,-0.9869f,0.3928f,0f,0f,0f,1f],start_interpolation: 0,interpolation_duration: 1}
$data merge entity $(bone_trigger) {transformation: [-0.9921f,0.088f,0.0896f,-0.1511f,0.0755f,0.9881f,-0.134f,-0.3528f,-0.1003f,-0.1262f,-0.9869f,0.4224f,0f,0f,0f,1f],start_interpolation: 0,interpolation_duration: 1}
$data merge entity $(bone_trigger_gaurd) {transformation: [-0.9921f,0.088f,0.0896f,-0.1515f,0.0755f,0.9881f,-0.134f,-0.3199f,-0.1003f,-0.1262f,-0.9869f,0.4508f,0f,0f,0f,1f],start_interpolation: 0,interpolation_duration: 1}
$data merge entity $(bone_right_arm) {transformation: [-0.9921f,0.0896f,-0.088f,-0.1553f,0.0755f,-0.134f,-0.9881f,-0.4235f,-0.1003f,-0.9869f,0.1262f,0.0683f,0f,0f,0f,1f],start_interpolation: 0,interpolation_duration: 1}
$data merge entity $(bone_magazine1) {transformation: [0f,0f,0f,-0.2071f,0f,0f,0f,-0.2939f,0f,0f,0f,0.4009f,0f,0f,0f,1f],start_interpolation: 0,interpolation_duration: 1}
$data merge entity $(bone_left_arm) {transformation: [-0.7965f,0.4832f,0.3635f,0.0209f,-0.4521f,-0.0766f,-0.8887f,-0.4261f,-0.4015f,-0.8722f,0.2795f,0.0974f,0f,0f,0f,1f],start_interpolation: 0,interpolation_duration: 1}
data modify entity @s data merge value {"cameras":{},"locators":{"barrel1":{"px":-0.1957024721587325,"py":-0.23351808368617802,"pz":0.7354000238412586,"ry":5.185099177167189,"rx":-7.700162164530517}}}