# This file was generated by Animated Java via MC-Build. It is not recommended to edit this file directly.
$data merge entity $(bone_muzzleflash) {transformation: [0f,0f,0f,-0.3031f,0f,0f,0f,-0.6858f,0f,0f,0f,0.4457f,0f,0f,0f,1f],start_interpolation: 0,interpolation_duration: 1}
$data merge entity $(bone_slide) {transformation: [-0.9914f,0.0991f,0.0854f,-0.1557f,0.0869f,0.9868f,-0.1365f,-0.1988f,-0.0978f,-0.1279f,-0.9869f,0.5704f,0f,0f,0f,1f],start_interpolation: 0,interpolation_duration: 1}
$data merge entity $(bone_barrel) {transformation: [-0.9914f,0.0991f,0.0854f,-0.0553f,0.0869f,0.9868f,-0.1365f,-0.2882f,-0.0978f,-0.1279f,-0.9869f,0.5915f,0f,0f,0f,1f],start_interpolation: 0,interpolation_duration: 1}
$data merge entity $(bone_magazine) {transformation: [-0.9914f,0.0991f,0.0854f,-0.1521f,0.0869f,0.9868f,-0.1365f,-0.3574f,-0.0978f,-0.1279f,-0.9869f,0.3931f,0f,0f,0f,1f],start_interpolation: 0,interpolation_duration: 1}
$data merge entity $(bone_grip) {transformation: [-0.9914f,0.0991f,0.0854f,-0.1521f,0.0869f,0.9868f,-0.1365f,-0.3574f,-0.0978f,-0.1279f,-0.9869f,0.3931f,0f,0f,0f,1f],start_interpolation: 0,interpolation_duration: 1}
$data merge entity $(bone_trigger) {transformation: [-0.9914f,0.0991f,0.0854f,-0.1543f,0.0869f,0.9868f,-0.1365f,-0.3489f,-0.0978f,-0.1279f,-0.9869f,0.4228f,0f,0f,0f,1f],start_interpolation: 0,interpolation_duration: 1}
$data merge entity $(bone_trigger_gaurd) {transformation: [-0.9914f,0.0991f,0.0854f,-0.1542f,0.0869f,0.9868f,-0.1365f,-0.316f,-0.0978f,-0.1279f,-0.9869f,0.4511f,0f,0f,0f,1f],start_interpolation: 0,interpolation_duration: 1}
$data merge entity $(bone_right_arm) {transformation: [-0.9914f,0.0854f,-0.0991f,-0.1603f,0.0869f,-0.1365f,-0.9868f,-0.4201f,-0.0978f,-0.9869f,0.1279f,0.0687f,0f,0f,0f,1f],start_interpolation: 0,interpolation_duration: 1}
$data merge entity $(bone_magazine1) {transformation: [0f,0f,0f,-0.2097f,0f,0f,0f,-0.2894f,0f,0f,0f,0.4013f,0f,0f,0f,1f],start_interpolation: 0,interpolation_duration: 1}
$data merge entity $(bone_left_arm) {transformation: [-0.8027f,0.48f,0.3539f,0.016f,-0.4435f,-0.0836f,-0.8924f,-0.4247f,-0.3987f,-0.8733f,0.2799f,0.0974f,0f,0f,0f,1f],start_interpolation: 0,interpolation_duration: 1}
data modify entity @s data merge value {"cameras":{},"locators":{"barrel1":{"px":-0.19671407419760203,"py":-0.2286848250304199,"pz":0.7356493523383136,"ry":4.945901073906043,"rx":-7.847203846300934}}}