# This file was generated by Animated Java via MC-Build. It is not recommended to edit this file directly.
$data merge entity $(bone_muzzleflash) {transformation: [0f,0f,0f,-0.304f,0f,0f,0f,-0.6851f,0f,0f,0f,0.4458f,0f,0f,0f,1f],start_interpolation: 0,interpolation_duration: 1}
$data merge entity $(bone_slide) {transformation: [-0.9913f,0.1008f,0.0846f,-0.1557f,0.0887f,0.9866f,-0.1367f,-0.1983f,-0.0972f,-0.1281f,-0.987f,0.5704f,0f,0f,0f,1f],start_interpolation: 0,interpolation_duration: 1}
$data merge entity $(bone_barrel) {transformation: [-0.9913f,0.1008f,0.0846f,-0.0554f,0.0887f,0.9866f,-0.1367f,-0.2879f,-0.0972f,-0.1281f,-0.987f,0.5914f,0f,0f,0f,1f],start_interpolation: 0,interpolation_duration: 1}
$data merge entity $(bone_magazine) {transformation: [-0.9913f,0.1008f,0.0846f,-0.1525f,0.0887f,0.9866f,-0.1367f,-0.3569f,-0.0972f,-0.1281f,-0.987f,0.3931f,0f,0f,0f,1f],start_interpolation: 0,interpolation_duration: 1}
$data merge entity $(bone_grip) {transformation: [-0.9913f,0.1008f,0.0846f,-0.1525f,0.0887f,0.9866f,-0.1367f,-0.3569f,-0.0972f,-0.1281f,-0.987f,0.3931f,0f,0f,0f,1f],start_interpolation: 0,interpolation_duration: 1}
$data merge entity $(bone_trigger) {transformation: [-0.9913f,0.1008f,0.0846f,-0.1546f,0.0887f,0.9866f,-0.1367f,-0.3484f,-0.0972f,-0.1281f,-0.987f,0.4228f,0f,0f,0f,1f],start_interpolation: 0,interpolation_duration: 1}
$data merge entity $(bone_trigger_gaurd) {transformation: [-0.9913f,0.1008f,0.0846f,-0.1545f,0.0887f,0.9866f,-0.1367f,-0.3155f,-0.0972f,-0.1281f,-0.987f,0.4511f,0f,0f,0f,1f],start_interpolation: 0,interpolation_duration: 1}
$data merge entity $(bone_right_arm) {transformation: [-0.9913f,0.0846f,-0.1008f,-0.1609f,0.0887f,-0.1367f,-0.9866f,-0.4197f,-0.0972f,-0.987f,0.1281f,0.0687f,0f,0f,0f,1f],start_interpolation: 0,interpolation_duration: 1}
$data merge entity $(bone_magazine1) {transformation: [0f,0f,0f,-0.2099f,0f,0f,0f,-0.2888f,0f,0f,0f,0.4014f,0f,0f,0f,1f],start_interpolation: 0,interpolation_duration: 1}
$data merge entity $(bone_left_arm) {transformation: [-0.8038f,0.4793f,0.3525f,0.0154f,-0.442f,-0.0845f,-0.893f,-0.4245f,-0.3982f,-0.8736f,0.2798f,0.0973f,0f,0f,0f,1f],start_interpolation: 0,interpolation_duration: 1}
data modify entity @s data merge value {"cameras":{},"locators":{"barrel1":{"px":-0.19661513489606164,"py":-0.22809852107187095,"pz":0.7357082794643646,"ry":4.897446140959005,"rx":-7.859564518791024}}}