# This file was generated by Animated Java via MC-Build. It is not recommended to edit this file directly.
$data merge entity $(bone_muzzleflash) {transformation: [0f,0f,0f,-0.3048f,0f,0f,0f,-0.6844f,0f,0f,0f,0.446f,0f,0f,0f,1f],start_interpolation: 0,interpolation_duration: 1}
$data merge entity $(bone_slide) {transformation: [-0.9912f,0.1024f,0.0837f,-0.1555f,0.0904f,0.9865f,-0.1369f,-0.1979f,-0.0966f,-0.1281f,-0.987f,0.5705f,0f,0f,0f,1f],start_interpolation: 0,interpolation_duration: 1}
$data merge entity $(bone_barrel) {transformation: [-0.9912f,0.1024f,0.0837f,-0.0554f,0.0904f,0.9865f,-0.1369f,-0.2876f,-0.0966f,-0.1281f,-0.987f,0.5914f,0f,0f,0f,1f],start_interpolation: 0,interpolation_duration: 1}
$data merge entity $(bone_magazine) {transformation: [-0.9912f,0.1024f,0.0837f,-0.1527f,0.0904f,0.9865f,-0.1369f,-0.3565f,-0.0966f,-0.1281f,-0.987f,0.3932f,0f,0f,0f,1f],start_interpolation: 0,interpolation_duration: 1}
$data merge entity $(bone_grip) {transformation: [-0.9912f,0.1024f,0.0837f,-0.1527f,0.0904f,0.9865f,-0.1369f,-0.3565f,-0.0966f,-0.1281f,-0.987f,0.3932f,0f,0f,0f,1f],start_interpolation: 0,interpolation_duration: 1}
$data merge entity $(bone_trigger) {transformation: [-0.9912f,0.1024f,0.0837f,-0.1548f,0.0904f,0.9865f,-0.1369f,-0.348f,-0.0966f,-0.1281f,-0.987f,0.4228f,0f,0f,0f,1f],start_interpolation: 0,interpolation_duration: 1}
$data merge entity $(bone_trigger_gaurd) {transformation: [-0.9912f,0.1024f,0.0837f,-0.1546f,0.0904f,0.9865f,-0.1369f,-0.3151f,-0.0966f,-0.1281f,-0.987f,0.4512f,0f,0f,0f,1f],start_interpolation: 0,interpolation_duration: 1}
$data merge entity $(bone_right_arm) {transformation: [-0.9912f,0.0837f,-0.1024f,-0.1615f,0.0904f,-0.1369f,-0.9865f,-0.4192f,-0.0966f,-0.987f,0.1281f,0.0688f,0f,0f,0f,1f],start_interpolation: 0,interpolation_duration: 1}
$data merge entity $(bone_magazine1) {transformation: [0f,0f,0f,-0.21f,0f,0f,0f,-0.2883f,0f,0f,0f,0.4014f,0f,0f,0f,1f],start_interpolation: 0,interpolation_duration: 1}
$data merge entity $(bone_left_arm) {transformation: [-0.8048f,0.4786f,0.3511f,0.0148f,-0.4406f,-0.0853f,-0.8936f,-0.4244f,-0.3977f,-0.8739f,0.2796f,0.0973f,0f,0f,0f,1f],start_interpolation: 0,interpolation_duration: 1}
data modify entity @s data merge value {"cameras":{},"locators":{"barrel1":{"px":-0.19643011678816907,"py":-0.22759289421080062,"pz":0.7357709959624136,"ry":4.847686545743727,"rx":-7.867869623724506}}}