# This file was generated by Animated Java via MC-Build. It is not recommended to edit this file directly.
$data merge entity $(bone_muzzleflash) {transformation: [0f,0f,0f,-0.3054f,0f,0f,0f,-0.6838f,0f,0f,0f,0.4461f,0f,0f,0f,1f],start_interpolation: 0,interpolation_duration: 1}
$data merge entity $(bone_slide) {transformation: [-0.9911f,0.1039f,0.0828f,-0.1553f,0.092f,0.9863f,-0.137f,-0.1975f,-0.0959f,-0.1281f,-0.9871f,0.5705f,0f,0f,0f,1f],start_interpolation: 0,interpolation_duration: 1}
$data merge entity $(bone_barrel) {transformation: [-0.9911f,0.1039f,0.0828f,-0.0553f,0.092f,0.9863f,-0.137f,-0.2874f,-0.0959f,-0.1281f,-0.9871f,0.5914f,0f,0f,0f,1f],start_interpolation: 0,interpolation_duration: 1}
$data merge entity $(bone_magazine) {transformation: [-0.9911f,0.1039f,0.0828f,-0.1529f,0.092f,0.9863f,-0.137f,-0.3561f,-0.0959f,-0.1281f,-0.9871f,0.3932f,0f,0f,0f,1f],start_interpolation: 0,interpolation_duration: 1}
$data merge entity $(bone_grip) {transformation: [-0.9911f,0.1039f,0.0828f,-0.1529f,0.092f,0.9863f,-0.137f,-0.3561f,-0.0959f,-0.1281f,-0.9871f,0.3932f,0f,0f,0f,1f],start_interpolation: 0,interpolation_duration: 1}
$data merge entity $(bone_trigger) {transformation: [-0.9911f,0.1039f,0.0828f,-0.155f,0.092f,0.9863f,-0.137f,-0.3476f,-0.0959f,-0.1281f,-0.9871f,0.4229f,0f,0f,0f,1f],start_interpolation: 0,interpolation_duration: 1}
$data merge entity $(bone_trigger_gaurd) {transformation: [-0.9911f,0.1039f,0.0828f,-0.1547f,0.092f,0.9863f,-0.137f,-0.3147f,-0.0959f,-0.1281f,-0.9871f,0.4512f,0f,0f,0f,1f],start_interpolation: 0,interpolation_duration: 1}
$data merge entity $(bone_right_arm) {transformation: [-0.9911f,0.0828f,-0.1039f,-0.162f,0.092f,-0.137f,-0.9863f,-0.4188f,-0.0959f,-0.9871f,0.1281f,0.0688f,0f,0f,0f,1f],start_interpolation: 0,interpolation_duration: 1}
$data merge entity $(bone_magazine1) {transformation: [0f,0f,0f,-0.2101f,0f,0f,0f,-0.2878f,0f,0f,0f,0.4015f,0f,0f,0f,1f],start_interpolation: 0,interpolation_duration: 1}
$data merge entity $(bone_left_arm) {transformation: [-0.8057f,0.4779f,0.3499f,0.0143f,-0.4393f,-0.086f,-0.8942f,-0.4243f,-0.3972f,-0.8742f,0.2793f,0.0972f,0f,0f,0f,1f],start_interpolation: 0,interpolation_duration: 1}
data modify entity @s data merge value {"cameras":{},"locators":{"barrel1":{"px":-0.19616119272161528,"py":-0.2271669086677643,"pz":0.7358373620737911,"ry":4.796679921150087,"rx":-7.872173943461966}}}