# This file was generated by Animated Java via MC-Build. It is not recommended to edit this file directly.
$data merge entity $(bone_muzzleflash) {transformation: [0f,0f,0f,-0.306f,0f,0f,0f,-0.6832f,0f,0f,0f,0.4462f,0f,0f,0f,1f],start_interpolation: 0,interpolation_duration: 1}
$data merge entity $(bone_slide) {transformation: [-0.9911f,0.1054f,0.0819f,-0.1551f,0.0935f,0.9862f,-0.137f,-0.1972f,-0.0952f,-0.1281f,-0.9872f,0.5706f,0f,0f,0f,1f],start_interpolation: 0,interpolation_duration: 1}
$data merge entity $(bone_barrel) {transformation: [-0.9911f,0.1054f,0.0819f,-0.0552f,0.0935f,0.9862f,-0.137f,-0.2872f,-0.0952f,-0.1281f,-0.9872f,0.5914f,0f,0f,0f,1f],start_interpolation: 0,interpolation_duration: 1}
$data merge entity $(bone_magazine) {transformation: [-0.9911f,0.1054f,0.0819f,-0.153f,0.0935f,0.9862f,-0.137f,-0.3558f,-0.0952f,-0.1281f,-0.9872f,0.3932f,0f,0f,0f,1f],start_interpolation: 0,interpolation_duration: 1}
$data merge entity $(bone_grip) {transformation: [-0.9911f,0.1054f,0.0819f,-0.153f,0.0935f,0.9862f,-0.137f,-0.3558f,-0.0952f,-0.1281f,-0.9872f,0.3932f,0f,0f,0f,1f],start_interpolation: 0,interpolation_duration: 1}
$data merge entity $(bone_trigger) {transformation: [-0.9911f,0.1054f,0.0819f,-0.155f,0.0935f,0.9862f,-0.137f,-0.3473f,-0.0952f,-0.1281f,-0.9872f,0.4229f,0f,0f,0f,1f],start_interpolation: 0,interpolation_duration: 1}
$data merge entity $(bone_trigger_gaurd) {transformation: [-0.9911f,0.1054f,0.0819f,-0.1546f,0.0935f,0.9862f,-0.137f,-0.3144f,-0.0952f,-0.1281f,-0.9872f,0.4512f,0f,0f,0f,1f],start_interpolation: 0,interpolation_duration: 1}
$data merge entity $(bone_right_arm) {transformation: [-0.9911f,0.0819f,-0.1054f,-0.1624f,0.0935f,-0.137f,-0.9862f,-0.4184f,-0.0952f,-0.9872f,0.1281f,0.0688f,0f,0f,0f,1f],start_interpolation: 0,interpolation_duration: 1}
$data merge entity $(bone_magazine1) {transformation: [0f,0f,0f,-0.2101f,0f,0f,0f,-0.2874f,0f,0f,0f,0.4016f,0f,0f,0f,1f],start_interpolation: 0,interpolation_duration: 1}
$data merge entity $(bone_left_arm) {transformation: [-0.8067f,0.4771f,0.3487f,0.0139f,-0.438f,-0.0867f,-0.8948f,-0.4242f,-0.3967f,-0.8745f,0.2789f,0.0971f,0f,0f,0f,1f],start_interpolation: 0,interpolation_duration: 1}
data modify entity @s data merge value {"cameras":{},"locators":{"barrel1":{"px":-0.19581050538803,"py":-0.22681951497843592,"pz":0.7359072296021356,"ry":4.744481625091623,"rx":-7.872533139902098}}}