# This file was generated by Animated Java via MC-Build. It is not recommended to edit this file directly.
$data merge entity $(bone_muzzleflash) {transformation: [0f,0f,0f,-0.3064f,0f,0f,0f,-0.6827f,0f,0f,0f,0.4462f,0f,0f,0f,1f],start_interpolation: 0,interpolation_duration: 1}
$data merge entity $(bone_slide) {transformation: [-0.991f,0.1067f,0.081f,-0.1547f,0.095f,0.986f,-0.1369f,-0.197f,-0.0945f,-0.128f,-0.9873f,0.5706f,0f,0f,0f,1f],start_interpolation: 0,interpolation_duration: 1}
$data merge entity $(bone_barrel) {transformation: [-0.991f,0.1067f,0.081f,-0.0549f,0.095f,0.986f,-0.1369f,-0.2871f,-0.0945f,-0.128f,-0.9873f,0.5913f,0f,0f,0f,1f],start_interpolation: 0,interpolation_duration: 1}
$data merge entity $(bone_magazine) {transformation: [-0.991f,0.1067f,0.081f,-0.153f,0.095f,0.986f,-0.1369f,-0.3555f,-0.0945f,-0.128f,-0.9873f,0.3932f,0f,0f,0f,1f],start_interpolation: 0,interpolation_duration: 1}
$data merge entity $(bone_grip) {transformation: [-0.991f,0.1067f,0.081f,-0.153f,0.095f,0.986f,-0.1369f,-0.3555f,-0.0945f,-0.128f,-0.9873f,0.3932f,0f,0f,0f,1f],start_interpolation: 0,interpolation_duration: 1}
$data merge entity $(bone_trigger) {transformation: [-0.991f,0.1067f,0.081f,-0.155f,0.095f,0.986f,-0.1369f,-0.347f,-0.0945f,-0.128f,-0.9873f,0.4229f,0f,0f,0f,1f],start_interpolation: 0,interpolation_duration: 1}
$data merge entity $(bone_trigger_gaurd) {transformation: [-0.991f,0.1067f,0.081f,-0.1546f,0.095f,0.986f,-0.1369f,-0.3141f,-0.0945f,-0.128f,-0.9873f,0.4513f,0f,0f,0f,1f],start_interpolation: 0,interpolation_duration: 1}
$data merge entity $(bone_right_arm) {transformation: [-0.991f,0.081f,-0.1067f,-0.1627f,0.095f,-0.1369f,-0.986f,-0.4181f,-0.0945f,-0.9873f,0.128f,0.0689f,0f,0f,0f,1f],start_interpolation: 0,interpolation_duration: 1}
$data merge entity $(bone_magazine1) {transformation: [0f,0f,0f,-0.21f,0f,0f,0f,-0.2871f,0f,0f,0f,0.4016f,0f,0f,0f,1f],start_interpolation: 0,interpolation_duration: 1}
$data merge entity $(bone_left_arm) {transformation: [-0.8076f,0.4764f,0.3476f,0.0136f,-0.4368f,-0.0872f,-0.8953f,-0.4241f,-0.3962f,-0.8749f,0.2785f,0.0969f,0f,0f,0f,1f],start_interpolation: 0,interpolation_duration: 1}
data modify entity @s data merge value {"cameras":{},"locators":{"barrel1":{"px":-0.19538016867571212,"py":-0.22654965107839037,"pz":0.7359804424402725,"ry":4.691144836320547,"rx":-7.869003677021265}}}