# This file was generated by Animated Java via MC-Build. It is not recommended to edit this file directly.
$data merge entity $(bone_muzzleflash) {transformation: [0f,0f,0f,-0.2167f,0f,0f,0f,-0.7443f,0f,0f,0f,0.3998f,0f,0f,0f,1f],start_interpolation: 0,interpolation_duration: 1}
$data merge entity $(bone_slide) {transformation: [-0.9934f,0.1149f,-0.0014f,-0.0462f,0.1149f,0.9932f,-0.0174f,-0.2785f,-0.0006f,-0.0175f,-0.9998f,0.5684f,0f,0f,0f,1f],start_interpolation: 0,interpolation_duration: 1}
$data merge entity $(bone_barrel) {transformation: [-0.9934f,0.1149f,-0.0014f,0.0532f,0.1149f,0.9932f,-0.0174f,-0.3715f,-0.0006f,-0.0175f,-0.9998f,0.5699f,0f,0f,0f,1f],start_interpolation: 0,interpolation_duration: 1}
$data merge entity $(bone_magazine) {transformation: [-0.9934f,0.1149f,-0.0014f,-0.0618f,0.1149f,0.9932f,-0.0174f,-0.4145f,-0.0006f,-0.0175f,-0.9998f,0.3738f,0f,0f,0f,1f],start_interpolation: 0,interpolation_duration: 1}
$data merge entity $(bone_grip) {transformation: [-0.9934f,0.1149f,-0.0014f,-0.0618f,0.1149f,0.9932f,-0.0174f,-0.4145f,-0.0006f,-0.0175f,-0.9998f,0.3738f,0f,0f,0f,1f],start_interpolation: 0,interpolation_duration: 1}
$data merge entity $(bone_trigger) {transformation: [-0.9934f,0.1149f,-0.0014f,-0.0612f,0.1149f,0.9932f,-0.0174f,-0.4097f,-0.0006f,-0.0175f,-0.9998f,0.4044f,0f,0f,0f,1f],start_interpolation: 0,interpolation_duration: 1}
$data merge entity $(bone_trigger_gaurd) {transformation: [-0.9934f,0.1149f,-0.0014f,-0.0579f,0.1149f,0.9932f,-0.0174f,-0.3804f,-0.0006f,-0.0175f,-0.9998f,0.4363f,0f,0f,0f,1f],start_interpolation: 0,interpolation_duration: 1}
$data merge entity $(bone_right_arm) {transformation: [-0.9934f,-0.0014f,-0.1149f,-0.0988f,0.1149f,-0.0174f,-0.9932f,-0.4374f,-0.0006f,-0.9998f,0.0175f,0.0462f,0f,0f,0f,1f],start_interpolation: 0,interpolation_duration: 1}
$data merge entity $(bone_magazine1) {transformation: [0f,0f,0f,-0.1166f,0f,0f,0f,-0.3471f,0f,0f,0f,0.395f,0f,0f,0f,1f],start_interpolation: 0,interpolation_duration: 1}
$data merge entity $(bone_left_arm) {transformation: [-0.8451f,0.4026f,0.3517f,0.0791f,-0.3782f,0.0147f,-0.9256f,-0.4484f,-0.3778f,-0.9153f,0.1399f,0.0588f,0f,0f,0f,1f],start_interpolation: 0,interpolation_duration: 1}
data modify entity @s data merge value {"cameras":{},"locators":{"barrel1":{"px":-0.07394675169147609,"py":-0.32751008586029445,"pz":0.7318663521642528,"ry":359.9189344468779,"rx":-0.9985697343672871}}}