# This file was generated by Animated Java via MC-Build. It is not recommended to edit this file directly.
$data merge entity $(bone_muzzleflash) {transformation: [0f,0f,0f,-0.3068f,0f,0f,0f,-0.6823f,0f,0f,0f,0.4463f,0f,0f,0f,1f],start_interpolation: 0,interpolation_duration: 1}
$data merge entity $(bone_slide) {transformation: [-0.9909f,0.1079f,0.0801f,-0.1543f,0.0963f,0.9859f,-0.1368f,-0.1968f,-0.0937f,-0.1278f,-0.9874f,0.5707f,0f,0f,0f,1f],start_interpolation: 0,interpolation_duration: 1}
$data merge entity $(bone_barrel) {transformation: [-0.9909f,0.1079f,0.0801f,-0.0546f,0.0963f,0.9859f,-0.1368f,-0.2871f,-0.0937f,-0.1278f,-0.9874f,0.5913f,0f,0f,0f,1f],start_interpolation: 0,interpolation_duration: 1}
$data merge entity $(bone_magazine) {transformation: [-0.9909f,0.1079f,0.0801f,-0.1529f,0.0963f,0.9859f,-0.1368f,-0.3553f,-0.0937f,-0.1278f,-0.9874f,0.3933f,0f,0f,0f,1f],start_interpolation: 0,interpolation_duration: 1}
$data merge entity $(bone_grip) {transformation: [-0.9909f,0.1079f,0.0801f,-0.1529f,0.0963f,0.9859f,-0.1368f,-0.3553f,-0.0937f,-0.1278f,-0.9874f,0.3933f,0f,0f,0f,1f],start_interpolation: 0,interpolation_duration: 1}
$data merge entity $(bone_trigger) {transformation: [-0.9909f,0.1079f,0.0801f,-0.1549f,0.0963f,0.9859f,-0.1368f,-0.3468f,-0.0937f,-0.1278f,-0.9874f,0.4229f,0f,0f,0f,1f],start_interpolation: 0,interpolation_duration: 1}
$data merge entity $(bone_trigger_gaurd) {transformation: [-0.9909f,0.1079f,0.0801f,-0.1544f,0.0963f,0.9859f,-0.1368f,-0.3139f,-0.0937f,-0.1278f,-0.9874f,0.4513f,0f,0f,0f,1f],start_interpolation: 0,interpolation_duration: 1}
$data merge entity $(bone_right_arm) {transformation: [-0.9909f,0.0801f,-0.1079f,-0.163f,0.0963f,-0.1368f,-0.9859f,-0.4178f,-0.0937f,-0.9874f,0.1278f,0.0689f,0f,0f,0f,1f],start_interpolation: 0,interpolation_duration: 1}
$data merge entity $(bone_magazine1) {transformation: [0f,0f,0f,-0.2098f,0f,0f,0f,-0.2868f,0f,0f,0f,0.4017f,0f,0f,0f,1f],start_interpolation: 0,interpolation_duration: 1}
$data merge entity $(bone_left_arm) {transformation: [-0.8085f,0.4756f,0.3466f,0.0134f,-0.4356f,-0.0876f,-0.8959f,-0.424f,-0.3957f,-0.8753f,0.278f,0.0968f,0f,0f,0f,1f],start_interpolation: 0,interpolation_duration: 1}
data modify entity @s data merge value {"cameras":{},"locators":{"barrel1":{"px":-0.19487226901467755,"py":-0.2263562433386383,"pz":0.7360568370874891,"ry":4.636720649860109,"rx":-7.861642746827551}}}