# This file was generated by Animated Java via MC-Build. It is not recommended to edit this file directly.
$data merge entity $(bone_muzzleflash) {transformation: [0f,0f,0f,-0.307f,0f,0f,0f,-0.682f,0f,0f,0f,0.4463f,0f,0f,0f,1f],start_interpolation: 0,interpolation_duration: 1}
$data merge entity $(bone_slide) {transformation: [-0.9909f,0.1091f,0.0791f,-0.1538f,0.0976f,0.9858f,-0.1366f,-0.1967f,-0.0929f,-0.1276f,-0.9875f,0.5707f,0f,0f,0f,1f],start_interpolation: 0,interpolation_duration: 1}
$data merge entity $(bone_barrel) {transformation: [-0.9909f,0.1091f,0.0791f,-0.0542f,0.0976f,0.9858f,-0.1366f,-0.2871f,-0.0929f,-0.1276f,-0.9875f,0.5912f,0f,0f,0f,1f],start_interpolation: 0,interpolation_duration: 1}
$data merge entity $(bone_magazine) {transformation: [-0.9909f,0.1091f,0.0791f,-0.1528f,0.0976f,0.9858f,-0.1366f,-0.3551f,-0.0929f,-0.1276f,-0.9875f,0.3933f,0f,0f,0f,1f],start_interpolation: 0,interpolation_duration: 1}
$data merge entity $(bone_grip) {transformation: [-0.9909f,0.1091f,0.0791f,-0.1528f,0.0976f,0.9858f,-0.1366f,-0.3551f,-0.0929f,-0.1276f,-0.9875f,0.3933f,0f,0f,0f,1f],start_interpolation: 0,interpolation_duration: 1}
$data merge entity $(bone_trigger) {transformation: [-0.9909f,0.1091f,0.0791f,-0.1547f,0.0976f,0.9858f,-0.1366f,-0.3467f,-0.0929f,-0.1276f,-0.9875f,0.423f,0f,0f,0f,1f],start_interpolation: 0,interpolation_duration: 1}
$data merge entity $(bone_trigger_gaurd) {transformation: [-0.9909f,0.1091f,0.0791f,-0.1541f,0.0976f,0.9858f,-0.1366f,-0.3138f,-0.0929f,-0.1276f,-0.9875f,0.4513f,0f,0f,0f,1f],start_interpolation: 0,interpolation_duration: 1}
$data merge entity $(bone_right_arm) {transformation: [-0.9909f,0.0791f,-0.1091f,-0.1632f,0.0976f,-0.1366f,-0.9858f,-0.4175f,-0.0929f,-0.9875f,0.1276f,0.0689f,0f,0f,0f,1f],start_interpolation: 0,interpolation_duration: 1}
$data merge entity $(bone_magazine1) {transformation: [0f,0f,0f,-0.2096f,0f,0f,0f,-0.2865f,0f,0f,0f,0.4018f,0f,0f,0f,1f],start_interpolation: 0,interpolation_duration: 1}
$data merge entity $(bone_left_arm) {transformation: [-0.8094f,0.4748f,0.3457f,0.0132f,-0.4344f,-0.088f,-0.8964f,-0.424f,-0.3952f,-0.8757f,0.2775f,0.0967f,0f,0f,0f,1f],start_interpolation: 0,interpolation_duration: 1}
data modify entity @s data merge value {"cameras":{},"locators":{"barrel1":{"px":-0.19428886671216727,"py":-0.22623820755418067,"pz":0.7361362431572612,"ry":4.581258171943546,"rx":-7.85050819858424}}}