# This file was generated by Animated Java via MC-Build. It is not recommended to edit this file directly.
$data merge entity $(bone_muzzleflash) {transformation: [0f,0f,0f,-0.3071f,0f,0f,0f,-0.6817f,0f,0f,0f,0.4463f,0f,0f,0f,1f],start_interpolation: 0,interpolation_duration: 1}
$data merge entity $(bone_slide) {transformation: [-0.9908f,0.1102f,0.0782f,-0.1532f,0.0989f,0.9857f,-0.1363f,-0.1966f,-0.0921f,-0.1274f,-0.9876f,0.5708f,0f,0f,0f,1f],start_interpolation: 0,interpolation_duration: 1}
$data merge entity $(bone_barrel) {transformation: [-0.9908f,0.1102f,0.0782f,-0.0538f,0.0989f,0.9857f,-0.1363f,-0.2872f,-0.0921f,-0.1274f,-0.9876f,0.5912f,0f,0f,0f,1f],start_interpolation: 0,interpolation_duration: 1}
$data merge entity $(bone_magazine) {transformation: [-0.9908f,0.1102f,0.0782f,-0.1525f,0.0989f,0.9857f,-0.1363f,-0.355f,-0.0921f,-0.1274f,-0.9876f,0.3933f,0f,0f,0f,1f],start_interpolation: 0,interpolation_duration: 1}
$data merge entity $(bone_grip) {transformation: [-0.9908f,0.1102f,0.0782f,-0.1525f,0.0989f,0.9857f,-0.1363f,-0.355f,-0.0921f,-0.1274f,-0.9876f,0.3933f,0f,0f,0f,1f],start_interpolation: 0,interpolation_duration: 1}
$data merge entity $(bone_trigger) {transformation: [-0.9908f,0.1102f,0.0782f,-0.1545f,0.0989f,0.9857f,-0.1363f,-0.3465f,-0.0921f,-0.1274f,-0.9876f,0.423f,0f,0f,0f,1f],start_interpolation: 0,interpolation_duration: 1}
$data merge entity $(bone_trigger_gaurd) {transformation: [-0.9908f,0.1102f,0.0782f,-0.1538f,0.0989f,0.9857f,-0.1363f,-0.3137f,-0.0921f,-0.1274f,-0.9876f,0.4513f,0f,0f,0f,1f],start_interpolation: 0,interpolation_duration: 1}
$data merge entity $(bone_right_arm) {transformation: [-0.9908f,0.0782f,-0.1102f,-0.1633f,0.0989f,-0.1363f,-0.9857f,-0.4173f,-0.0921f,-0.9876f,0.1274f,0.0688f,0f,0f,0f,1f],start_interpolation: 0,interpolation_duration: 1}
$data merge entity $(bone_magazine1) {transformation: [0f,0f,0f,-0.2093f,0f,0f,0f,-0.2864f,0f,0f,0f,0.4019f,0f,0f,0f,1f],start_interpolation: 0,interpolation_duration: 1}
$data merge entity $(bone_left_arm) {transformation: [-0.8102f,0.474f,0.3448f,0.0131f,-0.4333f,-0.0882f,-0.8969f,-0.424f,-0.3947f,-0.8761f,0.2769f,0.0965f,0f,0f,0f,1f],start_interpolation: 0,interpolation_duration: 1}
data modify entity @s data merge value {"cameras":{},"locators":{"barrel1":{"px":-0.19363199727688216,"py":-0.2261944498877807,"pz":0.736218483875495,"ry":4.524804614354736,"rx":-7.835658471162339}}}