# This file was generated by Animated Java via MC-Build. It is not recommended to edit this file directly.
$data merge entity $(bone_muzzleflash) {transformation: [0f,0f,0f,-0.3071f,0f,0f,0f,-0.6815f,0f,0f,0f,0.4463f,0f,0f,0f,1f],start_interpolation: 0,interpolation_duration: 1}
$data merge entity $(bone_slide) {transformation: [-0.9908f,0.1112f,0.0772f,-0.1526f,0.1f,0.9856f,-0.136f,-0.1966f,-0.0912f,-0.127f,-0.9877f,0.5708f,0f,0f,0f,1f],start_interpolation: 0,interpolation_duration: 1}
$data merge entity $(bone_barrel) {transformation: [-0.9908f,0.1112f,0.0772f,-0.0532f,0.1f,0.9856f,-0.136f,-0.2873f,-0.0912f,-0.127f,-0.9877f,0.5911f,0f,0f,0f,1f],start_interpolation: 0,interpolation_duration: 1}
$data merge entity $(bone_magazine) {transformation: [-0.9908f,0.1112f,0.0772f,-0.1523f,0.1f,0.9856f,-0.136f,-0.355f,-0.0912f,-0.127f,-0.9877f,0.3933f,0f,0f,0f,1f],start_interpolation: 0,interpolation_duration: 1}
$data merge entity $(bone_grip) {transformation: [-0.9908f,0.1112f,0.0772f,-0.1523f,0.1f,0.9856f,-0.136f,-0.355f,-0.0912f,-0.127f,-0.9877f,0.3933f,0f,0f,0f,1f],start_interpolation: 0,interpolation_duration: 1}
$data merge entity $(bone_trigger) {transformation: [-0.9908f,0.1112f,0.0772f,-0.1541f,0.1f,0.9856f,-0.136f,-0.3465f,-0.0912f,-0.127f,-0.9877f,0.423f,0f,0f,0f,1f],start_interpolation: 0,interpolation_duration: 1}
$data merge entity $(bone_trigger_gaurd) {transformation: [-0.9908f,0.1112f,0.0772f,-0.1534f,0.1f,0.9856f,-0.136f,-0.3136f,-0.0912f,-0.127f,-0.9877f,0.4513f,0f,0f,0f,1f],start_interpolation: 0,interpolation_duration: 1}
$data merge entity $(bone_right_arm) {transformation: [-0.9908f,0.0772f,-0.1112f,-0.1634f,0.1f,-0.136f,-0.9856f,-0.417f,-0.0912f,-0.9877f,0.127f,0.0688f,0f,0f,0f,1f],start_interpolation: 0,interpolation_duration: 1}
$data merge entity $(bone_magazine1) {transformation: [0f,0f,0f,-0.2089f,0f,0f,0f,-0.2862f,0f,0f,0f,0.4019f,0f,0f,0f,1f],start_interpolation: 0,interpolation_duration: 1}
$data merge entity $(bone_left_arm) {transformation: [-0.811f,0.4731f,0.344f,0.0131f,-0.4323f,-0.0884f,-0.8974f,-0.424f,-0.3942f,-0.8765f,0.2762f,0.0963f,0f,0f,0f,1f],start_interpolation: 0,interpolation_duration: 1}
data modify entity @s data merge value {"cameras":{},"locators":{"barrel1":{"px":-0.19290367273032913,"py":-0.22622386777107253,"pz":0.7363033765693392,"ry":4.467405388069324,"rx":-7.8171525283868855}}}