# This file was generated by Animated Java via MC-Build. It is not recommended to edit this file directly.
$data merge entity $(bone_muzzleflash) {transformation: [0f,0f,0f,-0.3071f,0f,0f,0f,-0.6813f,0f,0f,0f,0.4463f,0f,0f,0f,1f],start_interpolation: 0,interpolation_duration: 1}
$data merge entity $(bone_slide) {transformation: [-0.9908f,0.1121f,0.0762f,-0.1519f,0.1011f,0.9856f,-0.1356f,-0.1967f,-0.0903f,-0.1267f,-0.9878f,0.5709f,0f,0f,0f,1f],start_interpolation: 0,interpolation_duration: 1}
$data merge entity $(bone_barrel) {transformation: [-0.9908f,0.1121f,0.0762f,-0.0526f,0.1011f,0.9856f,-0.1356f,-0.2875f,-0.0903f,-0.1267f,-0.9878f,0.591f,0f,0f,0f,1f],start_interpolation: 0,interpolation_duration: 1}
$data merge entity $(bone_magazine) {transformation: [-0.9908f,0.1121f,0.0762f,-0.1519f,0.1011f,0.9856f,-0.1356f,-0.3549f,-0.0903f,-0.1267f,-0.9878f,0.3933f,0f,0f,0f,1f],start_interpolation: 0,interpolation_duration: 1}
$data merge entity $(bone_grip) {transformation: [-0.9908f,0.1121f,0.0762f,-0.1519f,0.1011f,0.9856f,-0.1356f,-0.3549f,-0.0903f,-0.1267f,-0.9878f,0.3933f,0f,0f,0f,1f],start_interpolation: 0,interpolation_duration: 1}
$data merge entity $(bone_trigger) {transformation: [-0.9908f,0.1121f,0.0762f,-0.1537f,0.1011f,0.9856f,-0.1356f,-0.3465f,-0.0903f,-0.1267f,-0.9878f,0.423f,0f,0f,0f,1f],start_interpolation: 0,interpolation_duration: 1}
$data merge entity $(bone_trigger_gaurd) {transformation: [-0.9908f,0.1121f,0.0762f,-0.153f,0.1011f,0.9856f,-0.1356f,-0.3136f,-0.0903f,-0.1267f,-0.9878f,0.4514f,0f,0f,0f,1f],start_interpolation: 0,interpolation_duration: 1}
$data merge entity $(bone_right_arm) {transformation: [-0.9908f,0.0762f,-0.1121f,-0.1633f,0.1011f,-0.1356f,-0.9856f,-0.4169f,-0.0903f,-0.9878f,0.1267f,0.0688f,0f,0f,0f,1f],start_interpolation: 0,interpolation_duration: 1}
$data merge entity $(bone_magazine1) {transformation: [0f,0f,0f,-0.2084f,0f,0f,0f,-0.2862f,0f,0f,0f,0.402f,0f,0f,0f,1f],start_interpolation: 0,interpolation_duration: 1}
$data merge entity $(bone_left_arm) {transformation: [-0.8118f,0.4723f,0.3434f,0.0131f,-0.4312f,-0.0885f,-0.8979f,-0.424f,-0.3937f,-0.877f,0.2755f,0.0962f,0f,0f,0f,1f],start_interpolation: 0,interpolation_duration: 1}
data modify entity @s data merge value {"cameras":{},"locators":{"barrel1":{"px":-0.19210588290377612,"py":-0.22632535076504934,"pz":0.7363907331466201,"ry":4.409104196100657,"rx":-7.795049797246627}}}