# This file was generated by Animated Java via MC-Build. It is not recommended to edit this file directly.
$data merge entity $(bone_muzzleflash) {transformation: [0f,0f,0f,-0.3069f,0f,0f,0f,-0.6812f,0f,0f,0f,0.4463f,0f,0f,0f,1f],start_interpolation: 0,interpolation_duration: 1}
$data merge entity $(bone_slide) {transformation: [-0.9908f,0.1129f,0.0752f,-0.1512f,0.1021f,0.9855f,-0.1352f,-0.1968f,-0.0893f,-0.1263f,-0.988f,0.571f,0f,0f,0f,1f],start_interpolation: 0,interpolation_duration: 1}
$data merge entity $(bone_barrel) {transformation: [-0.9908f,0.1129f,0.0752f,-0.052f,0.1021f,0.9855f,-0.1352f,-0.2877f,-0.0893f,-0.1263f,-0.988f,0.591f,0f,0f,0f,1f],start_interpolation: 0,interpolation_duration: 1}
$data merge entity $(bone_magazine) {transformation: [-0.9908f,0.1129f,0.0752f,-0.1515f,0.1021f,0.9855f,-0.1352f,-0.355f,-0.0893f,-0.1263f,-0.988f,0.3932f,0f,0f,0f,1f],start_interpolation: 0,interpolation_duration: 1}
$data merge entity $(bone_grip) {transformation: [-0.9908f,0.1129f,0.0752f,-0.1515f,0.1021f,0.9855f,-0.1352f,-0.355f,-0.0893f,-0.1263f,-0.988f,0.3932f,0f,0f,0f,1f],start_interpolation: 0,interpolation_duration: 1}
$data merge entity $(bone_trigger) {transformation: [-0.9908f,0.1129f,0.0752f,-0.1533f,0.1021f,0.9855f,-0.1352f,-0.3465f,-0.0893f,-0.1263f,-0.988f,0.423f,0f,0f,0f,1f],start_interpolation: 0,interpolation_duration: 1}
$data merge entity $(bone_trigger_gaurd) {transformation: [-0.9908f,0.1129f,0.0752f,-0.1524f,0.1021f,0.9855f,-0.1352f,-0.3137f,-0.0893f,-0.1263f,-0.988f,0.4514f,0f,0f,0f,1f],start_interpolation: 0,interpolation_duration: 1}
$data merge entity $(bone_right_arm) {transformation: [-0.9908f,0.0752f,-0.1129f,-0.1633f,0.1021f,-0.1352f,-0.9855f,-0.4167f,-0.0893f,-0.988f,0.1263f,0.0688f,0f,0f,0f,1f],start_interpolation: 0,interpolation_duration: 1}
$data merge entity $(bone_magazine1) {transformation: [0f,0f,0f,-0.2079f,0f,0f,0f,-0.2861f,0f,0f,0f,0.4021f,0f,0f,0f,1f],start_interpolation: 0,interpolation_duration: 1}
$data merge entity $(bone_left_arm) {transformation: [-0.8126f,0.4714f,0.3427f,0.0132f,-0.4302f,-0.0885f,-0.8984f,-0.424f,-0.3932f,-0.8775f,0.2747f,0.096f,0f,0f,0f,1f],start_interpolation: 0,interpolation_duration: 1}
data modify entity @s data merge value {"cameras":{},"locators":{"barrel1":{"px":-0.1912405967194172,"py":-0.2264977813818931,"pz":0.7364803605659453,"ry":4.349943125458736,"rx":-7.769410108841762}}}