# This file was generated by Animated Java via MC-Build. It is not recommended to edit this file directly.
$data merge entity $(bone_muzzleflash) {transformation: [0f,0f,0f,-0.3066f,0f,0f,0f,-0.6812f,0f,0f,0f,0.4462f,0f,0f,0f,1f],start_interpolation: 0,interpolation_duration: 1}
$data merge entity $(bone_slide) {transformation: [-0.9907f,0.1137f,0.0741f,-0.1504f,0.103f,0.9855f,-0.1347f,-0.197f,-0.0884f,-0.1258f,-0.9881f,0.5711f,0f,0f,0f,1f],start_interpolation: 0,interpolation_duration: 1}
$data merge entity $(bone_barrel) {transformation: [-0.9907f,0.1137f,0.0741f,-0.0512f,0.103f,0.9855f,-0.1347f,-0.288f,-0.0884f,-0.1258f,-0.9881f,0.5909f,0f,0f,0f,1f],start_interpolation: 0,interpolation_duration: 1}
$data merge entity $(bone_magazine) {transformation: [-0.9907f,0.1137f,0.0741f,-0.1509f,0.103f,0.9855f,-0.1347f,-0.3551f,-0.0884f,-0.1258f,-0.9881f,0.3932f,0f,0f,0f,1f],start_interpolation: 0,interpolation_duration: 1}
$data merge entity $(bone_grip) {transformation: [-0.9907f,0.1137f,0.0741f,-0.1509f,0.103f,0.9855f,-0.1347f,-0.3551f,-0.0884f,-0.1258f,-0.9881f,0.3932f,0f,0f,0f,1f],start_interpolation: 0,interpolation_duration: 1}
$data merge entity $(bone_trigger) {transformation: [-0.9907f,0.1137f,0.0741f,-0.1527f,0.103f,0.9855f,-0.1347f,-0.3466f,-0.0884f,-0.1258f,-0.9881f,0.4229f,0f,0f,0f,1f],start_interpolation: 0,interpolation_duration: 1}
$data merge entity $(bone_trigger_gaurd) {transformation: [-0.9907f,0.1137f,0.0741f,-0.1518f,0.103f,0.9855f,-0.1347f,-0.3138f,-0.0884f,-0.1258f,-0.9881f,0.4514f,0f,0f,0f,1f],start_interpolation: 0,interpolation_duration: 1}
$data merge entity $(bone_right_arm) {transformation: [-0.9907f,0.0741f,-0.1137f,-0.1631f,0.103f,-0.1347f,-0.9855f,-0.4166f,-0.0884f,-0.9881f,0.1258f,0.0687f,0f,0f,0f,1f],start_interpolation: 0,interpolation_duration: 1}
$data merge entity $(bone_magazine1) {transformation: [0f,0f,0f,-0.2074f,0f,0f,0f,-0.2862f,0f,0f,0f,0.4022f,0f,0f,0f,1f],start_interpolation: 0,interpolation_duration: 1}
$data merge entity $(bone_left_arm) {transformation: [-0.8133f,0.4705f,0.3422f,0.0134f,-0.4293f,-0.0884f,-0.8988f,-0.4241f,-0.3927f,-0.878f,0.2739f,0.0958f,0f,0f,0f,1f],start_interpolation: 0,interpolation_duration: 1}
data modify entity @s data merge value {"cameras":{},"locators":{"barrel1":{"px":-0.19030976345445338,"py":-0.22674003587002706,"pz":0.7365720612975224,"ry":4.2899627381347045,"rx":-7.74029364194945}}}