# This file was generated by Animated Java via MC-Build. It is not recommended to edit this file directly.
$data merge entity $(bone_muzzleflash) {transformation: [0f,0f,0f,-0.3063f,0f,0f,0f,-0.6812f,0f,0f,0f,0.4461f,0f,0f,0f,1f],start_interpolation: 0,interpolation_duration: 1}
$data merge entity $(bone_slide) {transformation: [-0.9907f,0.1144f,0.0731f,-0.1495f,0.1039f,0.9855f,-0.1341f,-0.1972f,-0.0874f,-0.1253f,-0.9883f,0.5711f,0f,0f,0f,1f],start_interpolation: 0,interpolation_duration: 1}
$data merge entity $(bone_barrel) {transformation: [-0.9907f,0.1144f,0.0731f,-0.0504f,0.1039f,0.9855f,-0.1341f,-0.2883f,-0.0874f,-0.1253f,-0.9883f,0.5908f,0f,0f,0f,1f],start_interpolation: 0,interpolation_duration: 1}
$data merge entity $(bone_magazine) {transformation: [-0.9907f,0.1144f,0.0731f,-0.1504f,0.1039f,0.9855f,-0.1341f,-0.3552f,-0.0874f,-0.1253f,-0.9883f,0.3932f,0f,0f,0f,1f],start_interpolation: 0,interpolation_duration: 1}
$data merge entity $(bone_grip) {transformation: [-0.9907f,0.1144f,0.0731f,-0.1504f,0.1039f,0.9855f,-0.1341f,-0.3552f,-0.0874f,-0.1253f,-0.9883f,0.3932f,0f,0f,0f,1f],start_interpolation: 0,interpolation_duration: 1}
$data merge entity $(bone_trigger) {transformation: [-0.9907f,0.1144f,0.0731f,-0.1521f,0.1039f,0.9855f,-0.1341f,-0.3468f,-0.0874f,-0.1253f,-0.9883f,0.4229f,0f,0f,0f,1f],start_interpolation: 0,interpolation_duration: 1}
$data merge entity $(bone_trigger_gaurd) {transformation: [-0.9907f,0.1144f,0.0731f,-0.1512f,0.1039f,0.9855f,-0.1341f,-0.314f,-0.0874f,-0.1253f,-0.9883f,0.4514f,0f,0f,0f,1f],start_interpolation: 0,interpolation_duration: 1}
$data merge entity $(bone_right_arm) {transformation: [-0.9907f,0.0731f,-0.1144f,-0.1629f,0.1039f,-0.1341f,-0.9855f,-0.4165f,-0.0874f,-0.9883f,0.1253f,0.0687f,0f,0f,0f,1f],start_interpolation: 0,interpolation_duration: 1}
$data merge entity $(bone_magazine1) {transformation: [0f,0f,0f,-0.2067f,0f,0f,0f,-0.2863f,0f,0f,0f,0.4022f,0f,0f,0f,1f],start_interpolation: 0,interpolation_duration: 1}
$data merge entity $(bone_left_arm) {transformation: [-0.8141f,0.4696f,0.3417f,0.0136f,-0.4284f,-0.0882f,-0.8993f,-0.4241f,-0.3922f,-0.8785f,0.273f,0.0955f,0f,0f,0f,1f],start_interpolation: 0,interpolation_duration: 1}
data modify entity @s data merge value {"cameras":{},"locators":{"barrel1":{"px":-0.18931531398688747,"py":-0.22705098496419274,"pz":0.7366656337747296,"ry":4.229202161029718,"rx":-7.707760869091674}}}