# This file was generated by Animated Java via MC-Build. It is not recommended to edit this file directly.
$data merge entity $(bone_muzzleflash) {transformation: [0f,0f,0f,-0.3058f,0f,0f,0f,-0.6813f,0f,0f,0f,0.446f,0f,0f,0f,1f],start_interpolation: 0,interpolation_duration: 1}
$data merge entity $(bone_slide) {transformation: [-0.9908f,0.115f,0.072f,-0.1486f,0.1047f,0.9855f,-0.1335f,-0.1975f,-0.0863f,-0.1247f,-0.9884f,0.5712f,0f,0f,0f,1f],start_interpolation: 0,interpolation_duration: 1}
$data merge entity $(bone_barrel) {transformation: [-0.9908f,0.115f,0.072f,-0.0495f,0.1047f,0.9855f,-0.1335f,-0.2887f,-0.0863f,-0.1247f,-0.9884f,0.5907f,0f,0f,0f,1f],start_interpolation: 0,interpolation_duration: 1}
$data merge entity $(bone_magazine) {transformation: [-0.9908f,0.115f,0.072f,-0.1498f,0.1047f,0.9855f,-0.1335f,-0.3554f,-0.0863f,-0.1247f,-0.9884f,0.3932f,0f,0f,0f,1f],start_interpolation: 0,interpolation_duration: 1}
$data merge entity $(bone_grip) {transformation: [-0.9908f,0.115f,0.072f,-0.1498f,0.1047f,0.9855f,-0.1335f,-0.3554f,-0.0863f,-0.1247f,-0.9884f,0.3932f,0f,0f,0f,1f],start_interpolation: 0,interpolation_duration: 1}
$data merge entity $(bone_trigger) {transformation: [-0.9908f,0.115f,0.072f,-0.1515f,0.1047f,0.9855f,-0.1335f,-0.347f,-0.0863f,-0.1247f,-0.9884f,0.4229f,0f,0f,0f,1f],start_interpolation: 0,interpolation_duration: 1}
$data merge entity $(bone_trigger_gaurd) {transformation: [-0.9908f,0.115f,0.072f,-0.1505f,0.1047f,0.9855f,-0.1335f,-0.3142f,-0.0863f,-0.1247f,-0.9884f,0.4514f,0f,0f,0f,1f],start_interpolation: 0,interpolation_duration: 1}
$data merge entity $(bone_right_arm) {transformation: [-0.9908f,0.072f,-0.115f,-0.1626f,0.1047f,-0.1335f,-0.9855f,-0.4165f,-0.0863f,-0.9884f,0.1247f,0.0686f,0f,0f,0f,1f],start_interpolation: 0,interpolation_duration: 1}
$data merge entity $(bone_magazine1) {transformation: [0f,0f,0f,-0.206f,0f,0f,0f,-0.2864f,0f,0f,0f,0.4023f,0f,0f,0f,1f],start_interpolation: 0,interpolation_duration: 1}
$data merge entity $(bone_left_arm) {transformation: [-0.8148f,0.4687f,0.3413f,0.0139f,-0.4275f,-0.088f,-0.8997f,-0.4242f,-0.3917f,-0.879f,0.2721f,0.0953f,0f,0f,0f,1f],start_interpolation: 0,interpolation_duration: 1}
data modify entity @s data merge value {"cameras":{},"locators":{"barrel1":{"px":-0.1882591620219249,"py":-0.22742949460226705,"pz":0.736760872836475,"ry":4.167699174748577,"rx":-7.671872504995304}}}