# This file was generated by Animated Java via MC-Build. It is not recommended to edit this file directly.
$data merge entity $(bone_muzzleflash) {transformation: [0f,0f,0f,-0.3053f,0f,0f,0f,-0.6815f,0f,0f,0f,0.4459f,0f,0f,0f,1f],start_interpolation: 0,interpolation_duration: 1}
$data merge entity $(bone_slide) {transformation: [-0.9908f,0.1155f,0.071f,-0.1476f,0.1054f,0.9855f,-0.1328f,-0.1979f,-0.0853f,-0.1241f,-0.9886f,0.5713f,0f,0f,0f,1f],start_interpolation: 0,interpolation_duration: 1}
$data merge entity $(bone_barrel) {transformation: [-0.9908f,0.1155f,0.071f,-0.0486f,0.1054f,0.9855f,-0.1328f,-0.2892f,-0.0853f,-0.1241f,-0.9886f,0.5907f,0f,0f,0f,1f],start_interpolation: 0,interpolation_duration: 1}
$data merge entity $(bone_magazine) {transformation: [-0.9908f,0.1155f,0.071f,-0.1491f,0.1054f,0.9855f,-0.1328f,-0.3556f,-0.0853f,-0.1241f,-0.9886f,0.3931f,0f,0f,0f,1f],start_interpolation: 0,interpolation_duration: 1}
$data merge entity $(bone_grip) {transformation: [-0.9908f,0.1155f,0.071f,-0.1491f,0.1054f,0.9855f,-0.1328f,-0.3556f,-0.0853f,-0.1241f,-0.9886f,0.3931f,0f,0f,0f,1f],start_interpolation: 0,interpolation_duration: 1}
$data merge entity $(bone_trigger) {transformation: [-0.9908f,0.1155f,0.071f,-0.1507f,0.1054f,0.9855f,-0.1328f,-0.3472f,-0.0853f,-0.1241f,-0.9886f,0.4229f,0f,0f,0f,1f],start_interpolation: 0,interpolation_duration: 1}
$data merge entity $(bone_trigger_gaurd) {transformation: [-0.9908f,0.1155f,0.071f,-0.1497f,0.1054f,0.9855f,-0.1328f,-0.3144f,-0.0853f,-0.1241f,-0.9886f,0.4514f,0f,0f,0f,1f],start_interpolation: 0,interpolation_duration: 1}
$data merge entity $(bone_right_arm) {transformation: [-0.9908f,0.071f,-0.1155f,-0.1623f,0.1054f,-0.1328f,-0.9855f,-0.4164f,-0.0853f,-0.9886f,0.1241f,0.0685f,0f,0f,0f,1f],start_interpolation: 0,interpolation_duration: 1}
$data merge entity $(bone_magazine1) {transformation: [0f,0f,0f,-0.2053f,0f,0f,0f,-0.2866f,0f,0f,0f,0.4024f,0f,0f,0f,1f],start_interpolation: 0,interpolation_duration: 1}
$data merge entity $(bone_left_arm) {transformation: [-0.8154f,0.4678f,0.341f,0.0142f,-0.4267f,-0.0876f,-0.9001f,-0.4243f,-0.3912f,-0.8795f,0.2711f,0.0951f,0f,0f,0f,1f],start_interpolation: 0,interpolation_duration: 1}
data modify entity @s data merge value {"cameras":{},"locators":{"barrel1":{"px":-0.1871432052979578,"py":-0.22787442661045795,"pz":0.7368575701603732,"ry":4.105490301185796,"rx":-7.632689457339077}}}