# This file was generated by Animated Java via MC-Build. It is not recommended to edit this file directly.
$data merge entity $(bone_muzzleflash) {transformation: [0f,0f,0f,-0.2173f,0f,0f,0f,-0.7443f,0f,0f,0f,0.3999f,0f,0f,0f,1f],start_interpolation: 0,interpolation_duration: 1}
$data merge entity $(bone_slide) {transformation: [-0.9932f,0.1161f,-0.0014f,-0.0462f,0.1161f,0.9931f,-0.0168f,-0.2789f,-0.0005f,-0.0169f,-0.9999f,0.5689f,0f,0f,0f,1f],start_interpolation: 0,interpolation_duration: 1}
$data merge entity $(bone_barrel) {transformation: [-0.9932f,0.1161f,-0.0014f,0.053f,0.1161f,0.9931f,-0.0168f,-0.372f,-0.0005f,-0.0169f,-0.9999f,0.5703f,0f,0f,0f,1f],start_interpolation: 0,interpolation_duration: 1}
$data merge entity $(bone_magazine) {transformation: [-0.9932f,0.1161f,-0.0014f,-0.062f,0.1161f,0.9931f,-0.0168f,-0.4147f,-0.0005f,-0.0169f,-0.9999f,0.3742f,0f,0f,0f,1f],start_interpolation: 0,interpolation_duration: 1}
$data merge entity $(bone_grip) {transformation: [-0.9932f,0.1161f,-0.0014f,-0.062f,0.1161f,0.9931f,-0.0168f,-0.4147f,-0.0005f,-0.0169f,-0.9999f,0.3742f,0f,0f,0f,1f],start_interpolation: 0,interpolation_duration: 1}
$data merge entity $(bone_trigger) {transformation: [-0.9932f,0.1161f,-0.0014f,-0.0614f,0.1161f,0.9931f,-0.0168f,-0.4099f,-0.0005f,-0.0169f,-0.9999f,0.4048f,0f,0f,0f,1f],start_interpolation: 0,interpolation_duration: 1}
$data merge entity $(bone_trigger_gaurd) {transformation: [-0.9932f,0.1161f,-0.0014f,-0.058f,0.1161f,0.9931f,-0.0168f,-0.3807f,-0.0005f,-0.0169f,-0.9999f,0.4367f,0f,0f,0f,1f],start_interpolation: 0,interpolation_duration: 1}
$data merge entity $(bone_right_arm) {transformation: [-0.9932f,-0.0014f,-0.1161f,-0.0991f,0.1161f,-0.0168f,-0.9931f,-0.4373f,-0.0005f,-0.9999f,0.0169f,0.0466f,0f,0f,0f,1f],start_interpolation: 0,interpolation_duration: 1}
$data merge entity $(bone_magazine1) {transformation: [0f,0f,0f,-0.1167f,0f,0f,0f,-0.3472f,0f,0f,0f,0.3954f,0f,0f,0f,1f],start_interpolation: 0,interpolation_duration: 1}
$data merge entity $(bone_left_arm) {transformation: [-0.8456f,0.4026f,0.3506f,0.0788f,-0.3769f,0.0147f,-0.9261f,-0.4486f,-0.378f,-0.9152f,0.1393f,0.0591f,0f,0f,0f,1f],start_interpolation: 0,interpolation_duration: 1}
data modify entity @s data merge value {"cameras":{},"locators":{"barrel1":{"px":-0.07405016633364951,"py":-0.3279155037165418,"pz":0.7322933496190774,"ry":359.91871872826516,"rx":-0.963329883161796}}}