# This file was generated by Animated Java via MC-Build. It is not recommended to edit this file directly.
$data merge entity $(bone_muzzleflash) {transformation: [0f,0f,0f,-0.3047f,0f,0f,0f,-0.6817f,0f,0f,0f,0.4458f,0f,0f,0f,1f],start_interpolation: 0,interpolation_duration: 1}
$data merge entity $(bone_slide) {transformation: [-0.9908f,0.116f,0.0699f,-0.1466f,0.106f,0.9855f,-0.1321f,-0.1983f,-0.0842f,-0.1235f,-0.9888f,0.5714f,0f,0f,0f,1f],start_interpolation: 0,interpolation_duration: 1}
$data merge entity $(bone_barrel) {transformation: [-0.9908f,0.116f,0.0699f,-0.0476f,0.106f,0.9855f,-0.1321f,-0.2896f,-0.0842f,-0.1235f,-0.9888f,0.5906f,0f,0f,0f,1f],start_interpolation: 0,interpolation_duration: 1}
$data merge entity $(bone_magazine) {transformation: [-0.9908f,0.116f,0.0699f,-0.1483f,0.106f,0.9855f,-0.1321f,-0.3558f,-0.0842f,-0.1235f,-0.9888f,0.3931f,0f,0f,0f,1f],start_interpolation: 0,interpolation_duration: 1}
$data merge entity $(bone_grip) {transformation: [-0.9908f,0.116f,0.0699f,-0.1483f,0.106f,0.9855f,-0.1321f,-0.3558f,-0.0842f,-0.1235f,-0.9888f,0.3931f,0f,0f,0f,1f],start_interpolation: 0,interpolation_duration: 1}
$data merge entity $(bone_trigger) {transformation: [-0.9908f,0.116f,0.0699f,-0.1499f,0.106f,0.9855f,-0.1321f,-0.3475f,-0.0842f,-0.1235f,-0.9888f,0.4228f,0f,0f,0f,1f],start_interpolation: 0,interpolation_duration: 1}
$data merge entity $(bone_trigger_gaurd) {transformation: [-0.9908f,0.116f,0.0699f,-0.1489f,0.106f,0.9855f,-0.1321f,-0.3147f,-0.0842f,-0.1235f,-0.9888f,0.4514f,0f,0f,0f,1f],start_interpolation: 0,interpolation_duration: 1}
$data merge entity $(bone_right_arm) {transformation: [-0.9908f,0.0699f,-0.116f,-0.1619f,0.106f,-0.1321f,-0.9855f,-0.4164f,-0.0842f,-0.9888f,0.1235f,0.0685f,0f,0f,0f,1f],start_interpolation: 0,interpolation_duration: 1}
$data merge entity $(bone_magazine1) {transformation: [0f,0f,0f,-0.2045f,0f,0f,0f,-0.2868f,0f,0f,0f,0.4024f,0f,0f,0f,1f],start_interpolation: 0,interpolation_duration: 1}
$data merge entity $(bone_left_arm) {transformation: [-0.8161f,0.4668f,0.3407f,0.0146f,-0.4259f,-0.0872f,-0.9006f,-0.4245f,-0.3907f,-0.88f,0.27f,0.0948f,0f,0f,0f,1f],start_interpolation: 0,interpolation_duration: 1}
data modify entity @s data merge value {"cameras":{},"locators":{"barrel1":{"px":-0.1859693267711922,"py":-0.2283846393584306,"pz":0.7369555146867659,"ry":4.042610889834066,"rx":-7.590272779687119}}}