# This file was generated by Animated Java via MC-Build. It is not recommended to edit this file directly.
$data merge entity $(bone_muzzleflash) {transformation: [0f,0f,0f,-0.304f,0f,0f,0f,-0.682f,0f,0f,0f,0.4456f,0f,0f,0f,1f],start_interpolation: 0,interpolation_duration: 1}
$data merge entity $(bone_slide) {transformation: [-0.9908f,0.1164f,0.0688f,-0.1455f,0.1067f,0.9856f,-0.1313f,-0.1987f,-0.0831f,-0.1228f,-0.989f,0.5715f,0f,0f,0f,1f],start_interpolation: 0,interpolation_duration: 1}
$data merge entity $(bone_barrel) {transformation: [-0.9908f,0.1164f,0.0688f,-0.0466f,0.1067f,0.9856f,-0.1313f,-0.2902f,-0.0831f,-0.1228f,-0.989f,0.5905f,0f,0f,0f,1f],start_interpolation: 0,interpolation_duration: 1}
$data merge entity $(bone_magazine) {transformation: [-0.9908f,0.1164f,0.0688f,-0.1475f,0.1067f,0.9856f,-0.1313f,-0.3561f,-0.0831f,-0.1228f,-0.989f,0.3931f,0f,0f,0f,1f],start_interpolation: 0,interpolation_duration: 1}
$data merge entity $(bone_grip) {transformation: [-0.9908f,0.1164f,0.0688f,-0.1475f,0.1067f,0.9856f,-0.1313f,-0.3561f,-0.0831f,-0.1228f,-0.989f,0.3931f,0f,0f,0f,1f],start_interpolation: 0,interpolation_duration: 1}
$data merge entity $(bone_trigger) {transformation: [-0.9908f,0.1164f,0.0688f,-0.1491f,0.1067f,0.9856f,-0.1313f,-0.3478f,-0.0831f,-0.1228f,-0.989f,0.4228f,0f,0f,0f,1f],start_interpolation: 0,interpolation_duration: 1}
$data merge entity $(bone_trigger_gaurd) {transformation: [-0.9908f,0.1164f,0.0688f,-0.148f,0.1067f,0.9856f,-0.1313f,-0.3151f,-0.0831f,-0.1228f,-0.989f,0.4513f,0f,0f,0f,1f],start_interpolation: 0,interpolation_duration: 1}
$data merge entity $(bone_right_arm) {transformation: [-0.9908f,0.0688f,-0.1164f,-0.1615f,0.1067f,-0.1313f,-0.9856f,-0.4165f,-0.0831f,-0.989f,0.1228f,0.0684f,0f,0f,0f,1f],start_interpolation: 0,interpolation_duration: 1}
$data merge entity $(bone_magazine1) {transformation: [0f,0f,0f,-0.2036f,0f,0f,0f,-0.2871f,0f,0f,0f,0.4025f,0f,0f,0f,1f],start_interpolation: 0,interpolation_duration: 1}
$data merge entity $(bone_left_arm) {transformation: [-0.8167f,0.4659f,0.3405f,0.0151f,-0.4251f,-0.0868f,-0.901f,-0.4246f,-0.3902f,-0.8806f,0.2689f,0.0945f,0f,0f,0f,1f],start_interpolation: 0,interpolation_duration: 1}
data modify entity @s data merge value {"cameras":{},"locators":{"barrel1":{"px":-0.18473939577805595,"py":-0.22895898838583567,"pz":0.7370544930336078,"ry":3.979095202751097,"rx":-7.54468362651385}}}