# This file was generated by Animated Java via MC-Build. It is not recommended to edit this file directly.
$data merge entity $(bone_muzzleflash) {transformation: [0f,0f,0f,-0.3033f,0f,0f,0f,-0.6823f,0f,0f,0f,0.4454f,0f,0f,0f,1f],start_interpolation: 0,interpolation_duration: 1}
$data merge entity $(bone_slide) {transformation: [-0.9909f,0.1167f,0.0677f,-0.1444f,0.1072f,0.9856f,-0.1305f,-0.1992f,-0.0819f,-0.122f,-0.9891f,0.5715f,0f,0f,0f,1f],start_interpolation: 0,interpolation_duration: 1}
$data merge entity $(bone_barrel) {transformation: [-0.9909f,0.1167f,0.0677f,-0.0455f,0.1072f,0.9856f,-0.1305f,-0.2907f,-0.0819f,-0.122f,-0.9891f,0.5904f,0f,0f,0f,1f],start_interpolation: 0,interpolation_duration: 1}
$data merge entity $(bone_magazine) {transformation: [-0.9909f,0.1167f,0.0677f,-0.1466f,0.1072f,0.9856f,-0.1305f,-0.3565f,-0.0819f,-0.122f,-0.9891f,0.393f,0f,0f,0f,1f],start_interpolation: 0,interpolation_duration: 1}
$data merge entity $(bone_grip) {transformation: [-0.9909f,0.1167f,0.0677f,-0.1466f,0.1072f,0.9856f,-0.1305f,-0.3565f,-0.0819f,-0.122f,-0.9891f,0.393f,0f,0f,0f,1f],start_interpolation: 0,interpolation_duration: 1}
$data merge entity $(bone_trigger) {transformation: [-0.9909f,0.1167f,0.0677f,-0.1482f,0.1072f,0.9856f,-0.1305f,-0.3482f,-0.0819f,-0.122f,-0.9891f,0.4228f,0f,0f,0f,1f],start_interpolation: 0,interpolation_duration: 1}
$data merge entity $(bone_trigger_gaurd) {transformation: [-0.9909f,0.1167f,0.0677f,-0.147f,0.1072f,0.9856f,-0.1305f,-0.3155f,-0.0819f,-0.122f,-0.9891f,0.4513f,0f,0f,0f,1f],start_interpolation: 0,interpolation_duration: 1}
$data merge entity $(bone_right_arm) {transformation: [-0.9909f,0.0677f,-0.1167f,-0.161f,0.1072f,-0.1305f,-0.9856f,-0.4165f,-0.0819f,-0.9891f,0.122f,0.0683f,0f,0f,0f,1f],start_interpolation: 0,interpolation_duration: 1}
$data merge entity $(bone_magazine1) {transformation: [0f,0f,0f,-0.2027f,0f,0f,0f,-0.2874f,0f,0f,0f,0.4026f,0f,0f,0f,1f],start_interpolation: 0,interpolation_duration: 1}
$data merge entity $(bone_left_arm) {transformation: [-0.8173f,0.4649f,0.3404f,0.0156f,-0.4244f,-0.0862f,-0.9014f,-0.4248f,-0.3897f,-0.8811f,0.2678f,0.0942f,0f,0f,0f,1f],start_interpolation: 0,interpolation_duration: 1}
data modify entity @s data merge value {"cameras":{},"locators":{"barrel1":{"px":-0.18345526917459998,"py":-0.22959632700162952,"pz":0.7371542899022341,"ry":3.914976498123224,"rx":-7.495983210229795}}}