# This file was generated by Animated Java via MC-Build. It is not recommended to edit this file directly.
$data merge entity $(bone_muzzleflash) {transformation: [0f,0f,0f,-0.3024f,0f,0f,0f,-0.6827f,0f,0f,0f,0.4452f,0f,0f,0f,1f],start_interpolation: 0,interpolation_duration: 1}
$data merge entity $(bone_slide) {transformation: [-0.9909f,0.117f,0.0666f,-0.1432f,0.1077f,0.9857f,-0.1296f,-0.1998f,-0.0808f,-0.1212f,-0.9893f,0.5716f,0f,0f,0f,1f],start_interpolation: 0,interpolation_duration: 1}
$data merge entity $(bone_barrel) {transformation: [-0.9909f,0.117f,0.0666f,-0.0443f,0.1077f,0.9857f,-0.1296f,-0.2914f,-0.0808f,-0.1212f,-0.9893f,0.5903f,0f,0f,0f,1f],start_interpolation: 0,interpolation_duration: 1}
$data merge entity $(bone_magazine) {transformation: [-0.9909f,0.117f,0.0666f,-0.1457f,0.1077f,0.9857f,-0.1296f,-0.3569f,-0.0808f,-0.1212f,-0.9893f,0.3929f,0f,0f,0f,1f],start_interpolation: 0,interpolation_duration: 1}
$data merge entity $(bone_grip) {transformation: [-0.9909f,0.117f,0.0666f,-0.1457f,0.1077f,0.9857f,-0.1296f,-0.3569f,-0.0808f,-0.1212f,-0.9893f,0.3929f,0f,0f,0f,1f],start_interpolation: 0,interpolation_duration: 1}
$data merge entity $(bone_trigger) {transformation: [-0.9909f,0.117f,0.0666f,-0.1473f,0.1077f,0.9857f,-0.1296f,-0.3486f,-0.0808f,-0.1212f,-0.9893f,0.4227f,0f,0f,0f,1f],start_interpolation: 0,interpolation_duration: 1}
$data merge entity $(bone_trigger_gaurd) {transformation: [-0.9909f,0.117f,0.0666f,-0.146f,0.1077f,0.9857f,-0.1296f,-0.3159f,-0.0808f,-0.1212f,-0.9893f,0.4513f,0f,0f,0f,1f],start_interpolation: 0,interpolation_duration: 1}
$data merge entity $(bone_right_arm) {transformation: [-0.9909f,0.0666f,-0.117f,-0.1604f,0.1077f,-0.1296f,-0.9857f,-0.4166f,-0.0808f,-0.9893f,0.1212f,0.0682f,0f,0f,0f,1f],start_interpolation: 0,interpolation_duration: 1}
$data merge entity $(bone_magazine1) {transformation: [0f,0f,0f,-0.2018f,0f,0f,0f,-0.2878f,0f,0f,0f,0.4026f,0f,0f,0f,1f],start_interpolation: 0,interpolation_duration: 1}
$data merge entity $(bone_left_arm) {transformation: [-0.8179f,0.4639f,0.3403f,0.0162f,-0.4237f,-0.0856f,-0.9018f,-0.425f,-0.3892f,-0.8817f,0.2665f,0.0939f,0f,0f,0f,1f],start_interpolation: 0,interpolation_duration: 1}
data modify entity @s data merge value {"cameras":{},"locators":{"barrel1":{"px":-0.18211879245217566,"py":-0.2302955068574958,"pz":0.7372546884740215,"ry":3.850287112370097,"rx":-7.4442327601228655}}}