# This file was generated by Animated Java via MC-Build. It is not recommended to edit this file directly.
$data merge entity $(bone_muzzleflash) {transformation: [0f,0f,0f,-0.3015f,0f,0f,0f,-0.6831f,0f,0f,0f,0.445f,0f,0f,0f,1f],start_interpolation: 0,interpolation_duration: 1}
$data merge entity $(bone_slide) {transformation: [-0.9909f,0.1172f,0.0655f,-0.142f,0.1081f,0.9858f,-0.1286f,-0.2004f,-0.0796f,-0.1204f,-0.9895f,0.5717f,0f,0f,0f,1f],start_interpolation: 0,interpolation_duration: 1}
$data merge entity $(bone_barrel) {transformation: [-0.9909f,0.1172f,0.0655f,-0.0431f,0.1081f,0.9858f,-0.1286f,-0.292f,-0.0796f,-0.1204f,-0.9895f,0.5902f,0f,0f,0f,1f],start_interpolation: 0,interpolation_duration: 1}
$data merge entity $(bone_magazine) {transformation: [-0.9909f,0.1172f,0.0655f,-0.1448f,0.1081f,0.9858f,-0.1286f,-0.3573f,-0.0796f,-0.1204f,-0.9895f,0.3929f,0f,0f,0f,1f],start_interpolation: 0,interpolation_duration: 1}
$data merge entity $(bone_grip) {transformation: [-0.9909f,0.1172f,0.0655f,-0.1448f,0.1081f,0.9858f,-0.1286f,-0.3573f,-0.0796f,-0.1204f,-0.9895f,0.3929f,0f,0f,0f,1f],start_interpolation: 0,interpolation_duration: 1}
$data merge entity $(bone_trigger) {transformation: [-0.9909f,0.1172f,0.0655f,-0.1462f,0.1081f,0.9858f,-0.1286f,-0.3491f,-0.0796f,-0.1204f,-0.9895f,0.4227f,0f,0f,0f,1f],start_interpolation: 0,interpolation_duration: 1}
$data merge entity $(bone_trigger_gaurd) {transformation: [-0.9909f,0.1172f,0.0655f,-0.145f,0.1081f,0.9858f,-0.1286f,-0.3164f,-0.0796f,-0.1204f,-0.9895f,0.4513f,0f,0f,0f,1f],start_interpolation: 0,interpolation_duration: 1}
$data merge entity $(bone_right_arm) {transformation: [-0.9909f,0.0655f,-0.1172f,-0.1598f,0.1081f,-0.1286f,-0.9858f,-0.4167f,-0.0796f,-0.9895f,0.1204f,0.0681f,0f,0f,0f,1f],start_interpolation: 0,interpolation_duration: 1}
$data merge entity $(bone_magazine1) {transformation: [0f,0f,0f,-0.2008f,0f,0f,0f,-0.2883f,0f,0f,0f,0.4027f,0f,0f,0f,1f],start_interpolation: 0,interpolation_duration: 1}
$data merge entity $(bone_left_arm) {transformation: [-0.8185f,0.463f,0.3403f,0.0168f,-0.423f,-0.0849f,-0.9021f,-0.4252f,-0.3888f,-0.8823f,0.2653f,0.0936f,0f,0f,0f,1f],start_interpolation: 0,interpolation_duration: 1}
data modify entity @s data merge value {"cameras":{},"locators":{"barrel1":{"px":-0.18073180082873894,"py":-0.23105537849659485,"pz":0.7373554707979523,"ry":3.785058540737907,"rx":-7.389493483134499}}}