# This file was generated by Animated Java via MC-Build. It is not recommended to edit this file directly.
$data merge entity $(bone_muzzleflash) {transformation: [0f,0f,0f,-0.3005f,0f,0f,0f,-0.6836f,0f,0f,0f,0.4448f,0f,0f,0f,1f],start_interpolation: 0,interpolation_duration: 1}
$data merge entity $(bone_slide) {transformation: [-0.991f,0.1174f,0.0643f,-0.1407f,0.1085f,0.9859f,-0.1276f,-0.2011f,-0.0784f,-0.1195f,-0.9897f,0.5718f,0f,0f,0f,1f],start_interpolation: 0,interpolation_duration: 1}
$data merge entity $(bone_barrel) {transformation: [-0.991f,0.1174f,0.0643f,-0.0419f,0.1085f,0.9859f,-0.1276f,-0.2927f,-0.0784f,-0.1195f,-0.9897f,0.5901f,0f,0f,0f,1f],start_interpolation: 0,interpolation_duration: 1}
$data merge entity $(bone_magazine) {transformation: [-0.991f,0.1174f,0.0643f,-0.1437f,0.1085f,0.9859f,-0.1276f,-0.3578f,-0.0784f,-0.1195f,-0.9897f,0.3928f,0f,0f,0f,1f],start_interpolation: 0,interpolation_duration: 1}
$data merge entity $(bone_grip) {transformation: [-0.991f,0.1174f,0.0643f,-0.1437f,0.1085f,0.9859f,-0.1276f,-0.3578f,-0.0784f,-0.1195f,-0.9897f,0.3928f,0f,0f,0f,1f],start_interpolation: 0,interpolation_duration: 1}
$data merge entity $(bone_trigger) {transformation: [-0.991f,0.1174f,0.0643f,-0.1452f,0.1085f,0.9859f,-0.1276f,-0.3496f,-0.0784f,-0.1195f,-0.9897f,0.4226f,0f,0f,0f,1f],start_interpolation: 0,interpolation_duration: 1}
$data merge entity $(bone_trigger_gaurd) {transformation: [-0.991f,0.1174f,0.0643f,-0.1439f,0.1085f,0.9859f,-0.1276f,-0.317f,-0.0784f,-0.1195f,-0.9897f,0.4513f,0f,0f,0f,1f],start_interpolation: 0,interpolation_duration: 1}
$data merge entity $(bone_right_arm) {transformation: [-0.991f,0.0643f,-0.1174f,-0.1592f,0.1085f,-0.1276f,-0.9859f,-0.4168f,-0.0784f,-0.9897f,0.1195f,0.068f,0f,0f,0f,1f],start_interpolation: 0,interpolation_duration: 1}
$data merge entity $(bone_magazine1) {transformation: [0f,0f,0f,-0.1997f,0f,0f,0f,-0.2887f,0f,0f,0f,0.4028f,0f,0f,0f,1f],start_interpolation: 0,interpolation_duration: 1}
$data merge entity $(bone_left_arm) {transformation: [-0.819f,0.462f,0.3403f,0.0175f,-0.4224f,-0.0841f,-0.9025f,-0.4254f,-0.3883f,-0.8829f,0.264f,0.0933f,0f,0f,0f,1f],start_interpolation: 0,interpolation_duration: 1}
data modify entity @s data merge value {"cameras":{},"locators":{"barrel1":{"px":-0.17929612031519462,"py":-0.23187479187879398,"pz":0.7374564181690828,"ry":3.71932151633294,"rx":-7.331826526394668}}}