# This file was generated by Animated Java via MC-Build. It is not recommended to edit this file directly.
$data merge entity $(bone_muzzleflash) {transformation: [0f,0f,0f,-0.2995f,0f,0f,0f,-0.6841f,0f,0f,0f,0.4445f,0f,0f,0f,1f],start_interpolation: 0,interpolation_duration: 1}
$data merge entity $(bone_slide) {transformation: [-0.9911f,0.1175f,0.0632f,-0.1394f,0.1088f,0.986f,-0.1266f,-0.2018f,-0.0772f,-0.1186f,-0.9899f,0.5719f,0f,0f,0f,1f],start_interpolation: 0,interpolation_duration: 1}
$data merge entity $(bone_barrel) {transformation: [-0.9911f,0.1175f,0.0632f,-0.0405f,0.1088f,0.986f,-0.1266f,-0.2935f,-0.0772f,-0.1186f,-0.9899f,0.5899f,0f,0f,0f,1f],start_interpolation: 0,interpolation_duration: 1}
$data merge entity $(bone_magazine) {transformation: [-0.9911f,0.1175f,0.0632f,-0.1427f,0.1088f,0.986f,-0.1266f,-0.3583f,-0.0772f,-0.1186f,-0.9899f,0.3927f,0f,0f,0f,1f],start_interpolation: 0,interpolation_duration: 1}
$data merge entity $(bone_grip) {transformation: [-0.9911f,0.1175f,0.0632f,-0.1427f,0.1088f,0.986f,-0.1266f,-0.3583f,-0.0772f,-0.1186f,-0.9899f,0.3927f,0f,0f,0f,1f],start_interpolation: 0,interpolation_duration: 1}
$data merge entity $(bone_trigger) {transformation: [-0.9911f,0.1175f,0.0632f,-0.1441f,0.1088f,0.986f,-0.1266f,-0.3501f,-0.0772f,-0.1186f,-0.9899f,0.4225f,0f,0f,0f,1f],start_interpolation: 0,interpolation_duration: 1}
$data merge entity $(bone_trigger_gaurd) {transformation: [-0.9911f,0.1175f,0.0632f,-0.1428f,0.1088f,0.986f,-0.1266f,-0.3175f,-0.0772f,-0.1186f,-0.9899f,0.4512f,0f,0f,0f,1f],start_interpolation: 0,interpolation_duration: 1}
$data merge entity $(bone_right_arm) {transformation: [-0.9911f,0.0632f,-0.1175f,-0.1585f,0.1088f,-0.1266f,-0.986f,-0.417f,-0.0772f,-0.9899f,0.1186f,0.0679f,0f,0f,0f,1f],start_interpolation: 0,interpolation_duration: 1}
$data merge entity $(bone_magazine1) {transformation: [0f,0f,0f,-0.1986f,0f,0f,0f,-0.2892f,0f,0f,0f,0.4028f,0f,0f,0f,1f],start_interpolation: 0,interpolation_duration: 1}
$data merge entity $(bone_left_arm) {transformation: [-0.8196f,0.461f,0.3404f,0.0182f,-0.4218f,-0.0832f,-0.9029f,-0.4256f,-0.3878f,-0.8835f,0.2626f,0.093f,0f,0f,0f,1f],start_interpolation: 0,interpolation_duration: 1}
data modify entity @s data merge value {"cameras":{},"locators":{"barrel1":{"px":-0.1778135687562567,"py":-0.23275259688344627,"pz":0.7375573114979179,"ry":3.653106087551265,"rx":-7.271292941444848}}}