# This file was generated by Animated Java via MC-Build. It is not recommended to edit this file directly.
$data merge entity $(bone_muzzleflash) {transformation: [0f,0f,0f,-0.2984f,0f,0f,0f,-0.6847f,0f,0f,0f,0.4443f,0f,0f,0f,1f],start_interpolation: 0,interpolation_duration: 1}
$data merge entity $(bone_slide) {transformation: [-0.9911f,0.1175f,0.0621f,-0.1381f,0.109f,0.9861f,-0.1255f,-0.2025f,-0.0759f,-0.1176f,-0.9902f,0.572f,0f,0f,0f,1f],start_interpolation: 0,interpolation_duration: 1}
$data merge entity $(bone_barrel) {transformation: [-0.9911f,0.1175f,0.0621f,-0.0392f,0.109f,0.9861f,-0.1255f,-0.2943f,-0.0759f,-0.1176f,-0.9902f,0.5898f,0f,0f,0f,1f],start_interpolation: 0,interpolation_duration: 1}
$data merge entity $(bone_magazine) {transformation: [-0.9911f,0.1175f,0.0621f,-0.1416f,0.109f,0.9861f,-0.1255f,-0.3589f,-0.0759f,-0.1176f,-0.9902f,0.3927f,0f,0f,0f,1f],start_interpolation: 0,interpolation_duration: 1}
$data merge entity $(bone_grip) {transformation: [-0.9911f,0.1175f,0.0621f,-0.1416f,0.109f,0.9861f,-0.1255f,-0.3589f,-0.0759f,-0.1176f,-0.9902f,0.3927f,0f,0f,0f,1f],start_interpolation: 0,interpolation_duration: 1}
$data merge entity $(bone_trigger) {transformation: [-0.9911f,0.1175f,0.0621f,-0.1429f,0.109f,0.9861f,-0.1255f,-0.3507f,-0.0759f,-0.1176f,-0.9902f,0.4225f,0f,0f,0f,1f],start_interpolation: 0,interpolation_duration: 1}
$data merge entity $(bone_trigger_gaurd) {transformation: [-0.9911f,0.1175f,0.0621f,-0.1416f,0.109f,0.9861f,-0.1255f,-0.3182f,-0.0759f,-0.1176f,-0.9902f,0.4512f,0f,0f,0f,1f],start_interpolation: 0,interpolation_duration: 1}
$data merge entity $(bone_right_arm) {transformation: [-0.9911f,0.0621f,-0.1175f,-0.1578f,0.109f,-0.1255f,-0.9861f,-0.4172f,-0.0759f,-0.9902f,0.1176f,0.0677f,0f,0f,0f,1f],start_interpolation: 0,interpolation_duration: 1}
$data merge entity $(bone_magazine1) {transformation: [0f,0f,0f,-0.1975f,0f,0f,0f,-0.2898f,0f,0f,0f,0.4029f,0f,0f,0f,1f],start_interpolation: 0,interpolation_duration: 1}
$data merge entity $(bone_left_arm) {transformation: [-0.8201f,0.4599f,0.3405f,0.019f,-0.4212f,-0.0823f,-0.9032f,-0.4258f,-0.3874f,-0.8841f,0.2612f,0.0927f,0f,0f,0f,1f],start_interpolation: 0,interpolation_duration: 1}
data modify entity @s data merge value {"cameras":{},"locators":{"barrel1":{"px":-0.17628595684535764,"py":-0.23368764379071524,"pz":0.7376579316706863,"ry":3.5864416938641455,"rx":-7.207953650082272}}}