# This file was generated by Animated Java via MC-Build. It is not recommended to edit this file directly.
$data merge entity $(bone_muzzleflash) {transformation: [0f,0f,0f,-0.2972f,0f,0f,0f,-0.6853f,0f,0f,0f,0.444f,0f,0f,0f,1f],start_interpolation: 0,interpolation_duration: 1}
$data merge entity $(bone_slide) {transformation: [-0.9912f,0.1175f,0.0609f,-0.1367f,0.1093f,0.9862f,-0.1243f,-0.2033f,-0.0747f,-0.1166f,-0.9904f,0.5721f,0f,0f,0f,1f],start_interpolation: 0,interpolation_duration: 1}
$data merge entity $(bone_barrel) {transformation: [-0.9912f,0.1175f,0.0609f,-0.0378f,0.1093f,0.9862f,-0.1243f,-0.2951f,-0.0747f,-0.1166f,-0.9904f,0.5897f,0f,0f,0f,1f],start_interpolation: 0,interpolation_duration: 1}
$data merge entity $(bone_magazine) {transformation: [-0.9912f,0.1175f,0.0609f,-0.1404f,0.1093f,0.9862f,-0.1243f,-0.3595f,-0.0747f,-0.1166f,-0.9904f,0.3926f,0f,0f,0f,1f],start_interpolation: 0,interpolation_duration: 1}
$data merge entity $(bone_grip) {transformation: [-0.9912f,0.1175f,0.0609f,-0.1404f,0.1093f,0.9862f,-0.1243f,-0.3595f,-0.0747f,-0.1166f,-0.9904f,0.3926f,0f,0f,0f,1f],start_interpolation: 0,interpolation_duration: 1}
$data merge entity $(bone_trigger) {transformation: [-0.9912f,0.1175f,0.0609f,-0.1417f,0.1093f,0.9862f,-0.1243f,-0.3513f,-0.0747f,-0.1166f,-0.9904f,0.4224f,0f,0f,0f,1f],start_interpolation: 0,interpolation_duration: 1}
$data merge entity $(bone_trigger_gaurd) {transformation: [-0.9912f,0.1175f,0.0609f,-0.1403f,0.1093f,0.9862f,-0.1243f,-0.3188f,-0.0747f,-0.1166f,-0.9904f,0.4512f,0f,0f,0f,1f],start_interpolation: 0,interpolation_duration: 1}
$data merge entity $(bone_right_arm) {transformation: [-0.9912f,0.0609f,-0.1175f,-0.157f,0.1093f,-0.1243f,-0.9862f,-0.4174f,-0.0747f,-0.9904f,0.1166f,0.0676f,0f,0f,0f,1f],start_interpolation: 0,interpolation_duration: 1}
$data merge entity $(bone_magazine1) {transformation: [0f,0f,0f,-0.1963f,0f,0f,0f,-0.2904f,0f,0f,0f,0.403f,0f,0f,0f,1f],start_interpolation: 0,interpolation_duration: 1}
$data merge entity $(bone_left_arm) {transformation: [-0.8206f,0.4589f,0.3407f,0.0198f,-0.4206f,-0.0814f,-0.9036f,-0.4261f,-0.3869f,-0.8847f,0.2598f,0.0923f,0f,0f,0f,1f],start_interpolation: 0,interpolation_duration: 1}
data modify entity @s data merge value {"cameras":{},"locators":{"barrel1":{"px":-0.17471508911319492,"py":-0.23467878374236495,"pz":0.7377580599005074,"ry":3.5193572399223854,"rx":-7.141869411763641}}}