# This file was generated by Animated Java via MC-Build. It is not recommended to edit this file directly.
$data merge entity $(bone_muzzleflash) {transformation: [0f,0f,0f,-0.2959f,0f,0f,0f,-0.686f,0f,0f,0f,0.4437f,0f,0f,0f,1f],start_interpolation: 0,interpolation_duration: 1}
$data merge entity $(bone_slide) {transformation: [-0.9913f,0.1174f,0.0598f,-0.1353f,0.1094f,0.9863f,-0.1231f,-0.2042f,-0.0734f,-0.1155f,-0.9906f,0.5722f,0f,0f,0f,1f],start_interpolation: 0,interpolation_duration: 1}
$data merge entity $(bone_barrel) {transformation: [-0.9913f,0.1174f,0.0598f,-0.0364f,0.1094f,0.9863f,-0.1231f,-0.296f,-0.0734f,-0.1155f,-0.9906f,0.5896f,0f,0f,0f,1f],start_interpolation: 0,interpolation_duration: 1}
$data merge entity $(bone_magazine) {transformation: [-0.9913f,0.1174f,0.0598f,-0.1392f,0.1094f,0.9863f,-0.1231f,-0.3601f,-0.0734f,-0.1155f,-0.9906f,0.3925f,0f,0f,0f,1f],start_interpolation: 0,interpolation_duration: 1}
$data merge entity $(bone_grip) {transformation: [-0.9913f,0.1174f,0.0598f,-0.1392f,0.1094f,0.9863f,-0.1231f,-0.3601f,-0.0734f,-0.1155f,-0.9906f,0.3925f,0f,0f,0f,1f],start_interpolation: 0,interpolation_duration: 1}
$data merge entity $(bone_trigger) {transformation: [-0.9913f,0.1174f,0.0598f,-0.1405f,0.1094f,0.9863f,-0.1231f,-0.352f,-0.0734f,-0.1155f,-0.9906f,0.4223f,0f,0f,0f,1f],start_interpolation: 0,interpolation_duration: 1}
$data merge entity $(bone_trigger_gaurd) {transformation: [-0.9913f,0.1174f,0.0598f,-0.1391f,0.1094f,0.9863f,-0.1231f,-0.3195f,-0.0734f,-0.1155f,-0.9906f,0.4511f,0f,0f,0f,1f],start_interpolation: 0,interpolation_duration: 1}
$data merge entity $(bone_right_arm) {transformation: [-0.9913f,0.0598f,-0.1174f,-0.1562f,0.1094f,-0.1231f,-0.9863f,-0.4176f,-0.0734f,-0.9906f,0.1155f,0.0675f,0f,0f,0f,1f],start_interpolation: 0,interpolation_duration: 1}
$data merge entity $(bone_magazine1) {transformation: [0f,0f,0f,-0.1951f,0f,0f,0f,-0.291f,0f,0f,0f,0.403f,0f,0f,0f,1f],start_interpolation: 0,interpolation_duration: 1}
$data merge entity $(bone_left_arm) {transformation: [-0.821f,0.4579f,0.3409f,0.0206f,-0.4201f,-0.0803f,-0.9039f,-0.4264f,-0.3865f,-0.8854f,0.2583f,0.092f,0f,0f,0f,1f],start_interpolation: 0,interpolation_duration: 1}
data modify entity @s data merge value {"cameras":{},"locators":{"barrel1":{"px":-0.17310276488955748,"py":-0.23572486918285854,"pz":0.7378574780694396,"ry":3.4518811679476187,"rx":-7.073100792510948}}}