# This file was generated by Animated Java via MC-Build. It is not recommended to edit this file directly.
$data merge entity $(bone_muzzleflash) {transformation: [0f,0f,0f,-0.2179f,0f,0f,0f,-0.7444f,0f,0f,0f,0.4001f,0f,0f,0f,1f],start_interpolation: 0,interpolation_duration: 1}
$data merge entity $(bone_slide) {transformation: [-0.9931f,0.1173f,-0.0014f,-0.0462f,0.1173f,0.993f,-0.0162f,-0.2793f,-0.0005f,-0.0162f,-0.9999f,0.5694f,0f,0f,0f,1f],start_interpolation: 0,interpolation_duration: 1}
$data merge entity $(bone_barrel) {transformation: [-0.9931f,0.1173f,-0.0014f,0.0529f,0.1173f,0.993f,-0.0162f,-0.3725f,-0.0005f,-0.0162f,-0.9999f,0.5707f,0f,0f,0f,1f],start_interpolation: 0,interpolation_duration: 1}
$data merge entity $(bone_magazine) {transformation: [-0.9931f,0.1173f,-0.0014f,-0.0622f,0.1173f,0.993f,-0.0162f,-0.415f,-0.0005f,-0.0162f,-0.9999f,0.3746f,0f,0f,0f,1f],start_interpolation: 0,interpolation_duration: 1}
$data merge entity $(bone_grip) {transformation: [-0.9931f,0.1173f,-0.0014f,-0.0622f,0.1173f,0.993f,-0.0162f,-0.415f,-0.0005f,-0.0162f,-0.9999f,0.3746f,0f,0f,0f,1f],start_interpolation: 0,interpolation_duration: 1}
$data merge entity $(bone_trigger) {transformation: [-0.9931f,0.1173f,-0.0014f,-0.0616f,0.1173f,0.993f,-0.0162f,-0.4101f,-0.0005f,-0.0162f,-0.9999f,0.4051f,0f,0f,0f,1f],start_interpolation: 0,interpolation_duration: 1}
$data merge entity $(bone_trigger_gaurd) {transformation: [-0.9931f,0.1173f,-0.0014f,-0.0582f,0.1173f,0.993f,-0.0162f,-0.3809f,-0.0005f,-0.0162f,-0.9999f,0.4371f,0f,0f,0f,1f],start_interpolation: 0,interpolation_duration: 1}
$data merge entity $(bone_right_arm) {transformation: [-0.9931f,-0.0014f,-0.1173f,-0.0993f,0.1173f,-0.0162f,-0.993f,-0.4373f,-0.0005f,-0.9999f,0.0162f,0.0469f,0f,0f,0f,1f],start_interpolation: 0,interpolation_duration: 1}
$data merge entity $(bone_magazine1) {transformation: [0f,0f,0f,-0.1168f,0f,0f,0f,-0.3474f,0f,0f,0f,0.3959f,0f,0f,0f,1f],start_interpolation: 0,interpolation_duration: 1}
$data merge entity $(bone_left_arm) {transformation: [-0.846f,0.4027f,0.3494f,0.0786f,-0.3757f,0.0148f,-0.9266f,-0.4488f,-0.3783f,-0.9152f,0.1387f,0.0595f,0f,0f,0f,1f],start_interpolation: 0,interpolation_duration: 1}
data modify entity @s data merge value {"cameras":{},"locators":{"barrel1":{"px":-0.07415391606705254,"py":-0.32836595934616725,"pz":0.732725520066436,"ry":359.9186607480614,"rx":-0.9262696113339731}}}