# This file was generated by Animated Java via MC-Build. It is not recommended to edit this file directly.
$data merge entity $(bone_muzzleflash) {transformation: [0f,0f,0f,-0.2946f,0f,0f,0f,-0.6867f,0f,0f,0f,0.4434f,0f,0f,0f,1f],start_interpolation: 0,interpolation_duration: 1}
$data merge entity $(bone_slide) {transformation: [-0.9914f,0.1173f,0.0586f,-0.1338f,0.1095f,0.9865f,-0.1219f,-0.2051f,-0.0721f,-0.1144f,-0.9908f,0.5723f,0f,0f,0f,1f],start_interpolation: 0,interpolation_duration: 1}
$data merge entity $(bone_barrel) {transformation: [-0.9914f,0.1173f,0.0586f,-0.0349f,0.1095f,0.9865f,-0.1219f,-0.2969f,-0.0721f,-0.1144f,-0.9908f,0.5894f,0f,0f,0f,1f],start_interpolation: 0,interpolation_duration: 1}
$data merge entity $(bone_magazine) {transformation: [-0.9914f,0.1173f,0.0586f,-0.1379f,0.1095f,0.9865f,-0.1219f,-0.3608f,-0.0721f,-0.1144f,-0.9908f,0.3924f,0f,0f,0f,1f],start_interpolation: 0,interpolation_duration: 1}
$data merge entity $(bone_grip) {transformation: [-0.9914f,0.1173f,0.0586f,-0.1379f,0.1095f,0.9865f,-0.1219f,-0.3608f,-0.0721f,-0.1144f,-0.9908f,0.3924f,0f,0f,0f,1f],start_interpolation: 0,interpolation_duration: 1}
$data merge entity $(bone_trigger) {transformation: [-0.9914f,0.1173f,0.0586f,-0.1392f,0.1095f,0.9865f,-0.1219f,-0.3527f,-0.0721f,-0.1144f,-0.9908f,0.4222f,0f,0f,0f,1f],start_interpolation: 0,interpolation_duration: 1}
$data merge entity $(bone_trigger_gaurd) {transformation: [-0.9914f,0.1173f,0.0586f,-0.1377f,0.1095f,0.9865f,-0.1219f,-0.3203f,-0.0721f,-0.1144f,-0.9908f,0.4511f,0f,0f,0f,1f],start_interpolation: 0,interpolation_duration: 1}
$data merge entity $(bone_right_arm) {transformation: [-0.9914f,0.0586f,-0.1173f,-0.1553f,0.1095f,-0.1219f,-0.9865f,-0.4179f,-0.0721f,-0.9908f,0.1144f,0.0673f,0f,0f,0f,1f],start_interpolation: 0,interpolation_duration: 1}
$data merge entity $(bone_magazine1) {transformation: [0f,0f,0f,-0.1938f,0f,0f,0f,-0.2917f,0f,0f,0f,0.4031f,0f,0f,0f,1f],start_interpolation: 0,interpolation_duration: 1}
$data merge entity $(bone_left_arm) {transformation: [-0.8215f,0.4568f,0.3412f,0.0215f,-0.4196f,-0.0792f,-0.9042f,-0.4267f,-0.3861f,-0.886f,0.2568f,0.0916f,0f,0f,0f,1f],start_interpolation: 0,interpolation_duration: 1}
data modify entity @s data merge value {"cameras":{},"locators":{"barrel1":{"px":-0.1714507792381219,"py":-0.2368247542815448,"pz":0.7379559690613935,"ry":3.38404152838001,"rx":-7.001708135266368}}}