# This file was generated by Animated Java via MC-Build. It is not recommended to edit this file directly.
$data merge entity $(bone_muzzleflash) {transformation: [0f,0f,0f,-0.2933f,0f,0f,0f,-0.6875f,0f,0f,0f,0.443f,0f,0f,0f,1f],start_interpolation: 0,interpolation_duration: 1}
$data merge entity $(bone_slide) {transformation: [-0.9915f,0.1172f,0.0574f,-0.1323f,0.1096f,0.9866f,-0.1206f,-0.206f,-0.0708f,-0.1133f,-0.991f,0.5724f,0f,0f,0f,1f],start_interpolation: 0,interpolation_duration: 1}
$data merge entity $(bone_barrel) {transformation: [-0.9915f,0.1172f,0.0574f,-0.0334f,0.1096f,0.9866f,-0.1206f,-0.2979f,-0.0708f,-0.1133f,-0.991f,0.5893f,0f,0f,0f,1f],start_interpolation: 0,interpolation_duration: 1}
$data merge entity $(bone_magazine) {transformation: [-0.9915f,0.1172f,0.0574f,-0.1367f,0.1096f,0.9866f,-0.1206f,-0.3615f,-0.0708f,-0.1133f,-0.991f,0.3923f,0f,0f,0f,1f],start_interpolation: 0,interpolation_duration: 1}
$data merge entity $(bone_grip) {transformation: [-0.9915f,0.1172f,0.0574f,-0.1367f,0.1096f,0.9866f,-0.1206f,-0.3615f,-0.0708f,-0.1133f,-0.991f,0.3923f,0f,0f,0f,1f],start_interpolation: 0,interpolation_duration: 1}
$data merge entity $(bone_trigger) {transformation: [-0.9915f,0.1172f,0.0574f,-0.1379f,0.1096f,0.9866f,-0.1206f,-0.3535f,-0.0708f,-0.1133f,-0.991f,0.4221f,0f,0f,0f,1f],start_interpolation: 0,interpolation_duration: 1}
$data merge entity $(bone_trigger_gaurd) {transformation: [-0.9915f,0.1172f,0.0574f,-0.1364f,0.1096f,0.9866f,-0.1206f,-0.3211f,-0.0708f,-0.1133f,-0.991f,0.451f,0f,0f,0f,1f],start_interpolation: 0,interpolation_duration: 1}
$data merge entity $(bone_right_arm) {transformation: [-0.9915f,0.0574f,-0.1172f,-0.1544f,0.1096f,-0.1206f,-0.9866f,-0.4182f,-0.0708f,-0.991f,0.1133f,0.0672f,0f,0f,0f,1f],start_interpolation: 0,interpolation_duration: 1}
$data merge entity $(bone_magazine1) {transformation: [0f,0f,0f,-0.1925f,0f,0f,0f,-0.2924f,0f,0f,0f,0.4031f,0f,0f,0f,1f],start_interpolation: 0,interpolation_duration: 1}
$data merge entity $(bone_left_arm) {transformation: [-0.822f,0.4558f,0.3415f,0.0224f,-0.4191f,-0.0781f,-0.9046f,-0.427f,-0.3856f,-0.8867f,0.2552f,0.0912f,0f,0f,0f,1f],start_interpolation: 0,interpolation_duration: 1}
data modify entity @s data merge value {"cameras":{},"locators":{"barrel1":{"px":-0.1697609238639603,"py":-0.23797729533662965,"pz":0.7380533170858913,"ry":3.3158660487578686,"rx":-6.927751531647594}}}