# This file was generated by Animated Java via MC-Build. It is not recommended to edit this file directly.
$data merge entity $(bone_muzzleflash) {transformation: [0f,0f,0f,-0.2919f,0f,0f,0f,-0.6883f,0f,0f,0f,0.4427f,0f,0f,0f,1f],start_interpolation: 0,interpolation_duration: 1}
$data merge entity $(bone_slide) {transformation: [-0.9915f,0.1169f,0.0562f,-0.1308f,0.1096f,0.9868f,-0.1193f,-0.207f,-0.0695f,-0.1121f,-0.9913f,0.5725f,0f,0f,0f,1f],start_interpolation: 0,interpolation_duration: 1}
$data merge entity $(bone_barrel) {transformation: [-0.9915f,0.1169f,0.0562f,-0.0318f,0.1096f,0.9868f,-0.1193f,-0.2989f,-0.0695f,-0.1121f,-0.9913f,0.5891f,0f,0f,0f,1f],start_interpolation: 0,interpolation_duration: 1}
$data merge entity $(bone_magazine) {transformation: [-0.9915f,0.1169f,0.0562f,-0.1353f,0.1096f,0.9868f,-0.1193f,-0.3622f,-0.0695f,-0.1121f,-0.9913f,0.3922f,0f,0f,0f,1f],start_interpolation: 0,interpolation_duration: 1}
$data merge entity $(bone_grip) {transformation: [-0.9915f,0.1169f,0.0562f,-0.1353f,0.1096f,0.9868f,-0.1193f,-0.3622f,-0.0695f,-0.1121f,-0.9913f,0.3922f,0f,0f,0f,1f],start_interpolation: 0,interpolation_duration: 1}
$data merge entity $(bone_trigger) {transformation: [-0.9915f,0.1169f,0.0562f,-0.1366f,0.1096f,0.9868f,-0.1193f,-0.3542f,-0.0695f,-0.1121f,-0.9913f,0.422f,0f,0f,0f,1f],start_interpolation: 0,interpolation_duration: 1}
$data merge entity $(bone_trigger_gaurd) {transformation: [-0.9915f,0.1169f,0.0562f,-0.135f,0.1096f,0.9868f,-0.1193f,-0.3219f,-0.0695f,-0.1121f,-0.9913f,0.451f,0f,0f,0f,1f],start_interpolation: 0,interpolation_duration: 1}
$data merge entity $(bone_right_arm) {transformation: [-0.9915f,0.0562f,-0.1169f,-0.1535f,0.1096f,-0.1193f,-0.9868f,-0.4185f,-0.0695f,-0.9913f,0.1121f,0.067f,0f,0f,0f,1f],start_interpolation: 0,interpolation_duration: 1}
$data merge entity $(bone_magazine1) {transformation: [0f,0f,0f,-0.1912f,0f,0f,0f,-0.2932f,0f,0f,0f,0.4032f,0f,0f,0f,1f],start_interpolation: 0,interpolation_duration: 1}
$data merge entity $(bone_left_arm) {transformation: [-0.8224f,0.4547f,0.3419f,0.0234f,-0.4187f,-0.0769f,-0.9049f,-0.4273f,-0.3852f,-0.8873f,0.2536f,0.0908f,0f,0f,0f,1f],start_interpolation: 0,interpolation_duration: 1}
data modify entity @s data merge value {"cameras":{},"locators":{"barrel1":{"px":-0.168034987993545,"py":-0.23918135116157488,"pz":0.7381493079926524,"ry":3.2473822008061575,"rx":-6.851290795059135}}}