# This file was generated by Animated Java via MC-Build. It is not recommended to edit this file directly.
$data merge entity $(bone_muzzleflash) {transformation: [0f,0f,0f,-0.2904f,0f,0f,0f,-0.6892f,0f,0f,0f,0.4423f,0f,0f,0f,1f],start_interpolation: 0,interpolation_duration: 1}
$data merge entity $(bone_slide) {transformation: [-0.9916f,0.1167f,0.0551f,-0.1293f,0.1096f,0.987f,-0.1179f,-0.208f,-0.0681f,-0.1109f,-0.9915f,0.5726f,0f,0f,0f,1f],start_interpolation: 0,interpolation_duration: 1}
$data merge entity $(bone_barrel) {transformation: [-0.9916f,0.1167f,0.0551f,-0.0302f,0.1096f,0.987f,-0.1179f,-0.2999f,-0.0681f,-0.1109f,-0.9915f,0.589f,0f,0f,0f,1f],start_interpolation: 0,interpolation_duration: 1}
$data merge entity $(bone_magazine) {transformation: [-0.9916f,0.1167f,0.0551f,-0.134f,0.1096f,0.987f,-0.1179f,-0.363f,-0.0681f,-0.1109f,-0.9915f,0.3921f,0f,0f,0f,1f],start_interpolation: 0,interpolation_duration: 1}
$data merge entity $(bone_grip) {transformation: [-0.9916f,0.1167f,0.0551f,-0.134f,0.1096f,0.987f,-0.1179f,-0.363f,-0.0681f,-0.1109f,-0.9915f,0.3921f,0f,0f,0f,1f],start_interpolation: 0,interpolation_duration: 1}
$data merge entity $(bone_trigger) {transformation: [-0.9916f,0.1167f,0.0551f,-0.1352f,0.1096f,0.987f,-0.1179f,-0.3551f,-0.0681f,-0.1109f,-0.9915f,0.4219f,0f,0f,0f,1f],start_interpolation: 0,interpolation_duration: 1}
$data merge entity $(bone_trigger_gaurd) {transformation: [-0.9916f,0.1167f,0.0551f,-0.1336f,0.1096f,0.987f,-0.1179f,-0.3227f,-0.0681f,-0.1109f,-0.9915f,0.4509f,0f,0f,0f,1f],start_interpolation: 0,interpolation_duration: 1}
$data merge entity $(bone_right_arm) {transformation: [-0.9916f,0.0551f,-0.1167f,-0.1525f,0.1096f,-0.1179f,-0.987f,-0.4188f,-0.0681f,-0.9915f,0.1109f,0.0668f,0f,0f,0f,1f],start_interpolation: 0,interpolation_duration: 1}
$data merge entity $(bone_magazine1) {transformation: [0f,0f,0f,-0.1898f,0f,0f,0f,-0.294f,0f,0f,0f,0.4032f,0f,0f,0f,1f],start_interpolation: 0,interpolation_duration: 1}
$data merge entity $(bone_left_arm) {transformation: [-0.8228f,0.4537f,0.3423f,0.0244f,-0.4183f,-0.0756f,-0.9052f,-0.4277f,-0.3848f,-0.888f,0.252f,0.0904f,0f,0f,0f,1f],start_interpolation: 0,interpolation_duration: 1}
data modify entity @s data merge value {"cameras":{},"locators":{"barrel1":{"px":-0.16627475922707932,"py":-0.2404357834544878,"pz":0.7382437295769767,"ry":3.178617265715104,"rx":-6.772385435119375}}}