# This file was generated by Animated Java via MC-Build. It is not recommended to edit this file directly.
$data merge entity $(bone_muzzleflash) {transformation: [0f,0f,0f,-0.2889f,0f,0f,0f,-0.6901f,0f,0f,0f,0.4419f,0f,0f,0f,1f],start_interpolation: 0,interpolation_duration: 1}
$data merge entity $(bone_slide) {transformation: [-0.9917f,0.1164f,0.0539f,-0.1277f,0.1095f,0.9871f,-0.1165f,-0.2091f,-0.0667f,-0.1097f,-0.9917f,0.5726f,0f,0f,0f,1f],start_interpolation: 0,interpolation_duration: 1}
$data merge entity $(bone_barrel) {transformation: [-0.9917f,0.1164f,0.0539f,-0.0286f,0.1095f,0.9871f,-0.1165f,-0.301f,-0.0667f,-0.1097f,-0.9917f,0.5888f,0f,0f,0f,1f],start_interpolation: 0,interpolation_duration: 1}
$data merge entity $(bone_magazine) {transformation: [-0.9917f,0.1164f,0.0539f,-0.1326f,0.1095f,0.9871f,-0.1165f,-0.3638f,-0.0667f,-0.1097f,-0.9917f,0.3919f,0f,0f,0f,1f],start_interpolation: 0,interpolation_duration: 1}
$data merge entity $(bone_grip) {transformation: [-0.9917f,0.1164f,0.0539f,-0.1326f,0.1095f,0.9871f,-0.1165f,-0.3638f,-0.0667f,-0.1097f,-0.9917f,0.3919f,0f,0f,0f,1f],start_interpolation: 0,interpolation_duration: 1}
$data merge entity $(bone_trigger) {transformation: [-0.9917f,0.1164f,0.0539f,-0.1337f,0.1095f,0.9871f,-0.1165f,-0.3559f,-0.0667f,-0.1097f,-0.9917f,0.4218f,0f,0f,0f,1f],start_interpolation: 0,interpolation_duration: 1}
$data merge entity $(bone_trigger_gaurd) {transformation: [-0.9917f,0.1164f,0.0539f,-0.1321f,0.1095f,0.9871f,-0.1165f,-0.3236f,-0.0667f,-0.1097f,-0.9917f,0.4509f,0f,0f,0f,1f],start_interpolation: 0,interpolation_duration: 1}
$data merge entity $(bone_right_arm) {transformation: [-0.9917f,0.0539f,-0.1164f,-0.1515f,0.1095f,-0.1165f,-0.9871f,-0.4192f,-0.0667f,-0.9917f,0.1097f,0.0667f,0f,0f,0f,1f],start_interpolation: 0,interpolation_duration: 1}
$data merge entity $(bone_magazine1) {transformation: [0f,0f,0f,-0.1884f,0f,0f,0f,-0.2948f,0f,0f,0f,0.4033f,0f,0f,0f,1f],start_interpolation: 0,interpolation_duration: 1}
$data merge entity $(bone_left_arm) {transformation: [-0.8232f,0.4526f,0.3428f,0.0254f,-0.4178f,-0.0743f,-0.9055f,-0.428f,-0.3844f,-0.8886f,0.2503f,0.09f,0f,0f,0f,1f],start_interpolation: 0,interpolation_duration: 1}
data modify entity @s data merge value {"cameras":{},"locators":{"barrel1":{"px":-0.16448202436302828,"py":-0.24173945715100978,"pz":0.7383363718759035,"ry":3.109598397593089,"rx":-6.691094633367031}}}