# This file was generated by Animated Java via MC-Build. It is not recommended to edit this file directly.
$data merge entity $(bone_muzzleflash) {transformation: [0f,0f,0f,-0.2874f,0f,0f,0f,-0.691f,0f,0f,0f,0.4415f,0f,0f,0f,1f],start_interpolation: 0,interpolation_duration: 1}
$data merge entity $(bone_slide) {transformation: [-0.9918f,0.1161f,0.0527f,-0.1261f,0.1094f,0.9873f,-0.1151f,-0.2102f,-0.0654f,-0.1084f,-0.992f,0.5727f,0f,0f,0f,1f],start_interpolation: 0,interpolation_duration: 1}
$data merge entity $(bone_barrel) {transformation: [-0.9918f,0.1161f,0.0527f,-0.027f,0.1094f,0.9873f,-0.1151f,-0.3021f,-0.0654f,-0.1084f,-0.992f,0.5887f,0f,0f,0f,1f],start_interpolation: 0,interpolation_duration: 1}
$data merge entity $(bone_magazine) {transformation: [-0.9918f,0.1161f,0.0527f,-0.1312f,0.1094f,0.9873f,-0.1151f,-0.3646f,-0.0654f,-0.1084f,-0.992f,0.3918f,0f,0f,0f,1f],start_interpolation: 0,interpolation_duration: 1}
$data merge entity $(bone_grip) {transformation: [-0.9918f,0.1161f,0.0527f,-0.1312f,0.1094f,0.9873f,-0.1151f,-0.3646f,-0.0654f,-0.1084f,-0.992f,0.3918f,0f,0f,0f,1f],start_interpolation: 0,interpolation_duration: 1}
$data merge entity $(bone_trigger) {transformation: [-0.9918f,0.1161f,0.0527f,-0.1323f,0.1094f,0.9873f,-0.1151f,-0.3568f,-0.0654f,-0.1084f,-0.992f,0.4217f,0f,0f,0f,1f],start_interpolation: 0,interpolation_duration: 1}
$data merge entity $(bone_trigger_gaurd) {transformation: [-0.9918f,0.1161f,0.0527f,-0.1306f,0.1094f,0.9873f,-0.1151f,-0.3246f,-0.0654f,-0.1084f,-0.992f,0.4508f,0f,0f,0f,1f],start_interpolation: 0,interpolation_duration: 1}
$data merge entity $(bone_right_arm) {transformation: [-0.9918f,0.0527f,-0.1161f,-0.1504f,0.1094f,-0.1151f,-0.9873f,-0.4196f,-0.0654f,-0.992f,0.1084f,0.0665f,0f,0f,0f,1f],start_interpolation: 0,interpolation_duration: 1}
$data merge entity $(bone_magazine1) {transformation: [0f,0f,0f,-0.187f,0f,0f,0f,-0.2957f,0f,0f,0f,0.4033f,0f,0f,0f,1f],start_interpolation: 0,interpolation_duration: 1}
$data merge entity $(bone_left_arm) {transformation: [-0.8236f,0.4515f,0.3432f,0.0265f,-0.4175f,-0.0729f,-0.9058f,-0.4284f,-0.384f,-0.8893f,0.2485f,0.0896f,0f,0f,0f,1f],start_interpolation: 0,interpolation_duration: 1}
data modify entity @s data merge value {"cameras":{},"locators":{"barrel1":{"px":-0.16265857019475854,"py":-0.24309124076114502,"pz":0.7384270274551135,"ry":3.0403526850808476,"rx":-6.6074772202147125}}}