# This file was generated by Animated Java via MC-Build. It is not recommended to edit this file directly.
$data merge entity $(bone_muzzleflash) {transformation: [0f,0f,0f,-0.2858f,0f,0f,0f,-0.692f,0f,0f,0f,0.4411f,0f,0f,0f,1f],start_interpolation: 0,interpolation_duration: 1}
$data merge entity $(bone_slide) {transformation: [-0.9919f,0.1157f,0.0515f,-0.1244f,0.1093f,0.9875f,-0.1136f,-0.2113f,-0.064f,-0.107f,-0.9922f,0.5728f,0f,0f,0f,1f],start_interpolation: 0,interpolation_duration: 1}
$data merge entity $(bone_barrel) {transformation: [-0.9919f,0.1157f,0.0515f,-0.0253f,0.1093f,0.9875f,-0.1136f,-0.3032f,-0.064f,-0.107f,-0.9922f,0.5885f,0f,0f,0f,1f],start_interpolation: 0,interpolation_duration: 1}
$data merge entity $(bone_magazine) {transformation: [-0.9919f,0.1157f,0.0515f,-0.1297f,0.1093f,0.9875f,-0.1136f,-0.3655f,-0.064f,-0.107f,-0.9922f,0.3917f,0f,0f,0f,1f],start_interpolation: 0,interpolation_duration: 1}
$data merge entity $(bone_grip) {transformation: [-0.9919f,0.1157f,0.0515f,-0.1297f,0.1093f,0.9875f,-0.1136f,-0.3655f,-0.064f,-0.107f,-0.9922f,0.3917f,0f,0f,0f,1f],start_interpolation: 0,interpolation_duration: 1}
$data merge entity $(bone_trigger) {transformation: [-0.9919f,0.1157f,0.0515f,-0.1308f,0.1093f,0.9875f,-0.1136f,-0.3577f,-0.064f,-0.107f,-0.9922f,0.4216f,0f,0f,0f,1f],start_interpolation: 0,interpolation_duration: 1}
$data merge entity $(bone_trigger_gaurd) {transformation: [-0.9919f,0.1157f,0.0515f,-0.1291f,0.1093f,0.9875f,-0.1136f,-0.3255f,-0.064f,-0.107f,-0.9922f,0.4507f,0f,0f,0f,1f],start_interpolation: 0,interpolation_duration: 1}
$data merge entity $(bone_right_arm) {transformation: [-0.9919f,0.0515f,-0.1157f,-0.1494f,0.1093f,-0.1136f,-0.9875f,-0.42f,-0.064f,-0.9922f,0.107f,0.0663f,0f,0f,0f,1f],start_interpolation: 0,interpolation_duration: 1}
$data merge entity $(bone_magazine1) {transformation: [0f,0f,0f,-0.1856f,0f,0f,0f,-0.2966f,0f,0f,0f,0.4034f,0f,0f,0f,1f],start_interpolation: 0,interpolation_duration: 1}
$data merge entity $(bone_left_arm) {transformation: [-0.824f,0.4505f,0.3438f,0.0276f,-0.4171f,-0.0715f,-0.9061f,-0.4288f,-0.3836f,-0.8899f,0.2468f,0.0892f,0f,0f,0f,1f],start_interpolation: 0,interpolation_duration: 1}
data modify entity @s data merge value {"cameras":{},"locators":{"barrel1":{"px":-0.16080618427924198,"py":-0.2444900066904125,"pz":0.7385154916865421,"ry":2.97090721111789,"rx":-6.521591653120979}}}