# This file was generated by Animated Java via MC-Build. It is not recommended to edit this file directly.
$data merge entity $(bone_muzzleflash) {transformation: [0f,0f,0f,-0.2841f,0f,0f,0f,-0.6931f,0f,0f,0f,0.4406f,0f,0f,0f,1f],start_interpolation: 0,interpolation_duration: 1}
$data merge entity $(bone_slide) {transformation: [-0.9921f,0.1153f,0.0503f,-0.1227f,0.1091f,0.9877f,-0.112f,-0.2125f,-0.0626f,-0.1057f,-0.9924f,0.5729f,0f,0f,0f,1f],start_interpolation: 0,interpolation_duration: 1}
$data merge entity $(bone_barrel) {transformation: [-0.9921f,0.1153f,0.0503f,-0.0236f,0.1091f,0.9877f,-0.112f,-0.3044f,-0.0626f,-0.1057f,-0.9924f,0.5883f,0f,0f,0f,1f],start_interpolation: 0,interpolation_duration: 1}
$data merge entity $(bone_magazine) {transformation: [-0.9921f,0.1153f,0.0503f,-0.1282f,0.1091f,0.9877f,-0.112f,-0.3664f,-0.0626f,-0.1057f,-0.9924f,0.3916f,0f,0f,0f,1f],start_interpolation: 0,interpolation_duration: 1}
$data merge entity $(bone_grip) {transformation: [-0.9921f,0.1153f,0.0503f,-0.1282f,0.1091f,0.9877f,-0.112f,-0.3664f,-0.0626f,-0.1057f,-0.9924f,0.3916f,0f,0f,0f,1f],start_interpolation: 0,interpolation_duration: 1}
$data merge entity $(bone_trigger) {transformation: [-0.9921f,0.1153f,0.0503f,-0.1293f,0.1091f,0.9877f,-0.112f,-0.3587f,-0.0626f,-0.1057f,-0.9924f,0.4215f,0f,0f,0f,1f],start_interpolation: 0,interpolation_duration: 1}
$data merge entity $(bone_trigger_gaurd) {transformation: [-0.9921f,0.1153f,0.0503f,-0.1276f,0.1091f,0.9877f,-0.112f,-0.3265f,-0.0626f,-0.1057f,-0.9924f,0.4506f,0f,0f,0f,1f],start_interpolation: 0,interpolation_duration: 1}
$data merge entity $(bone_right_arm) {transformation: [-0.9921f,0.0503f,-0.1153f,-0.1483f,0.1091f,-0.112f,-0.9877f,-0.4204f,-0.0626f,-0.9924f,0.1057f,0.0661f,0f,0f,0f,1f],start_interpolation: 0,interpolation_duration: 1}
$data merge entity $(bone_magazine1) {transformation: [0f,0f,0f,-0.1841f,0f,0f,0f,-0.2975f,0f,0f,0f,0.4034f,0f,0f,0f,1f],start_interpolation: 0,interpolation_duration: 1}
$data merge entity $(bone_left_arm) {transformation: [-0.8243f,0.4494f,0.3443f,0.0287f,-0.4167f,-0.07f,-0.9063f,-0.4292f,-0.3832f,-0.8906f,0.2449f,0.0888f,0f,0f,0f,1f],start_interpolation: 0,interpolation_duration: 1}
data modify entity @s data merge value {"cameras":{},"locators":{"barrel1":{"px":-0.15892665567780676,"py":-0.2459346315456437,"pz":0.7386015630166735,"ry":2.901289110853128,"rx":-6.433495995956152}}}