# This file was generated by Animated Java via MC-Build. It is not recommended to edit this file directly.
$data merge entity $(bone_muzzleflash) {transformation: [0f,0f,0f,-0.2825f,0f,0f,0f,-0.6941f,0f,0f,0f,0.4402f,0f,0f,0f,1f],start_interpolation: 0,interpolation_duration: 1}
$data merge entity $(bone_slide) {transformation: [-0.9922f,0.1149f,0.0491f,-0.1211f,0.1089f,0.9879f,-0.1105f,-0.2137f,-0.0612f,-0.1043f,-0.9927f,0.573f,0f,0f,0f,1f],start_interpolation: 0,interpolation_duration: 1}
$data merge entity $(bone_barrel) {transformation: [-0.9922f,0.1149f,0.0491f,-0.0218f,0.1089f,0.9879f,-0.1105f,-0.3056f,-0.0612f,-0.1043f,-0.9927f,0.5881f,0f,0f,0f,1f],start_interpolation: 0,interpolation_duration: 1}
$data merge entity $(bone_magazine) {transformation: [-0.9922f,0.1149f,0.0491f,-0.1267f,0.1089f,0.9879f,-0.1105f,-0.3674f,-0.0612f,-0.1043f,-0.9927f,0.3914f,0f,0f,0f,1f],start_interpolation: 0,interpolation_duration: 1}
$data merge entity $(bone_grip) {transformation: [-0.9922f,0.1149f,0.0491f,-0.1267f,0.1089f,0.9879f,-0.1105f,-0.3674f,-0.0612f,-0.1043f,-0.9927f,0.3914f,0f,0f,0f,1f],start_interpolation: 0,interpolation_duration: 1}
$data merge entity $(bone_trigger) {transformation: [-0.9922f,0.1149f,0.0491f,-0.1277f,0.1089f,0.9879f,-0.1105f,-0.3597f,-0.0612f,-0.1043f,-0.9927f,0.4214f,0f,0f,0f,1f],start_interpolation: 0,interpolation_duration: 1}
$data merge entity $(bone_trigger_gaurd) {transformation: [-0.9922f,0.1149f,0.0491f,-0.126f,0.1089f,0.9879f,-0.1105f,-0.3275f,-0.0612f,-0.1043f,-0.9927f,0.4506f,0f,0f,0f,1f],start_interpolation: 0,interpolation_duration: 1}
$data merge entity $(bone_right_arm) {transformation: [-0.9922f,0.0491f,-0.1149f,-0.1472f,0.1089f,-0.1105f,-0.9879f,-0.4208f,-0.0612f,-0.9927f,0.1043f,0.0659f,0f,0f,0f,1f],start_interpolation: 0,interpolation_duration: 1}
$data merge entity $(bone_magazine1) {transformation: [0f,0f,0f,-0.1826f,0f,0f,0f,-0.2985f,0f,0f,0f,0.4034f,0f,0f,0f,1f],start_interpolation: 0,interpolation_duration: 1}
$data merge entity $(bone_left_arm) {transformation: [-0.8247f,0.4483f,0.3449f,0.0299f,-0.4164f,-0.0684f,-0.9066f,-0.4296f,-0.3828f,-0.8913f,0.2431f,0.0883f,0f,0f,0f,1f],start_interpolation: 0,interpolation_duration: 1}
data modify entity @s data merge value {"cameras":{},"locators":{"barrel1":{"px":-0.15702177566896036,"py":-0.24742399642569876,"pz":0.7386850432254763,"ry":2.8315256276961804,"rx":-6.343247899540428}}}