# This file was generated by Animated Java via MC-Build. It is not recommended to edit this file directly.
$data merge entity $(bone_muzzleflash) {transformation: [0f,0f,0f,-0.2808f,0f,0f,0f,-0.6952f,0f,0f,0f,0.4397f,0f,0f,0f,1f],start_interpolation: 0,interpolation_duration: 1}
$data merge entity $(bone_slide) {transformation: [-0.9923f,0.1144f,0.0479f,-0.1193f,0.1086f,0.9881f,-0.1089f,-0.215f,-0.0598f,-0.1028f,-0.9929f,0.5731f,0f,0f,0f,1f],start_interpolation: 0,interpolation_duration: 1}
$data merge entity $(bone_barrel) {transformation: [-0.9923f,0.1144f,0.0479f,-0.0201f,0.1086f,0.9881f,-0.1089f,-0.3068f,-0.0598f,-0.1028f,-0.9929f,0.588f,0f,0f,0f,1f],start_interpolation: 0,interpolation_duration: 1}
$data merge entity $(bone_magazine) {transformation: [-0.9923f,0.1144f,0.0479f,-0.1252f,0.1086f,0.9881f,-0.1089f,-0.3683f,-0.0598f,-0.1028f,-0.9929f,0.3913f,0f,0f,0f,1f],start_interpolation: 0,interpolation_duration: 1}
$data merge entity $(bone_grip) {transformation: [-0.9923f,0.1144f,0.0479f,-0.1252f,0.1086f,0.9881f,-0.1089f,-0.3683f,-0.0598f,-0.1028f,-0.9929f,0.3913f,0f,0f,0f,1f],start_interpolation: 0,interpolation_duration: 1}
$data merge entity $(bone_trigger) {transformation: [-0.9923f,0.1144f,0.0479f,-0.1261f,0.1086f,0.9881f,-0.1089f,-0.3607f,-0.0598f,-0.1028f,-0.9929f,0.4212f,0f,0f,0f,1f],start_interpolation: 0,interpolation_duration: 1}
$data merge entity $(bone_trigger_gaurd) {transformation: [-0.9923f,0.1144f,0.0479f,-0.1244f,0.1086f,0.9881f,-0.1089f,-0.3286f,-0.0598f,-0.1028f,-0.9929f,0.4505f,0f,0f,0f,1f],start_interpolation: 0,interpolation_duration: 1}
$data merge entity $(bone_right_arm) {transformation: [-0.9923f,0.0479f,-0.1144f,-0.146f,0.1086f,-0.1089f,-0.9881f,-0.4213f,-0.0598f,-0.9929f,0.1028f,0.0657f,0f,0f,0f,1f],start_interpolation: 0,interpolation_duration: 1}
$data merge entity $(bone_magazine1) {transformation: [0f,0f,0f,-0.1811f,0f,0f,0f,-0.2995f,0f,0f,0f,0.4035f,0f,0f,0f,1f],start_interpolation: 0,interpolation_duration: 1}
$data merge entity $(bone_left_arm) {transformation: [-0.825f,0.4472f,0.3455f,0.0311f,-0.4161f,-0.0669f,-0.9069f,-0.43f,-0.3825f,-0.8919f,0.2412f,0.0879f,0f,0f,0f,1f],start_interpolation: 0,interpolation_duration: 1}
data modify entity @s data merge value {"cameras":{},"locators":{"barrel1":{"px":-0.15509333843334147,"py":-0.2489569871973107,"pz":0.7387657376759483,"ry":2.761644167507825,"rx":-6.250904583336715}}}