# This file was generated by Animated Java via MC-Build. It is not recommended to edit this file directly.
$data merge entity $(bone_muzzleflash) {transformation: [0f,0f,0f,-0.2185f,0f,0f,0f,-0.7445f,0f,0f,0f,0.4002f,0f,0f,0f,1f],start_interpolation: 0,interpolation_duration: 1}
$data merge entity $(bone_slide) {transformation: [-0.993f,0.1185f,-0.0014f,-0.0463f,0.1185f,0.9928f,-0.0155f,-0.2797f,-0.0004f,-0.0156f,-0.9999f,0.5698f,0f,0f,0f,1f],start_interpolation: 0,interpolation_duration: 1}
$data merge entity $(bone_barrel) {transformation: [-0.993f,0.1185f,-0.0014f,0.0527f,0.1185f,0.9928f,-0.0155f,-0.373f,-0.0004f,-0.0156f,-0.9999f,0.5711f,0f,0f,0f,1f],start_interpolation: 0,interpolation_duration: 1}
$data merge entity $(bone_magazine) {transformation: [-0.993f,0.1185f,-0.0014f,-0.0624f,0.1185f,0.9928f,-0.0155f,-0.4152f,-0.0004f,-0.0156f,-0.9999f,0.375f,0f,0f,0f,1f],start_interpolation: 0,interpolation_duration: 1}
$data merge entity $(bone_grip) {transformation: [-0.993f,0.1185f,-0.0014f,-0.0624f,0.1185f,0.9928f,-0.0155f,-0.4152f,-0.0004f,-0.0156f,-0.9999f,0.375f,0f,0f,0f,1f],start_interpolation: 0,interpolation_duration: 1}
$data merge entity $(bone_trigger) {transformation: [-0.993f,0.1185f,-0.0014f,-0.0618f,0.1185f,0.9928f,-0.0155f,-0.4104f,-0.0004f,-0.0156f,-0.9999f,0.4055f,0f,0f,0f,1f],start_interpolation: 0,interpolation_duration: 1}
$data merge entity $(bone_trigger_gaurd) {transformation: [-0.993f,0.1185f,-0.0014f,-0.0584f,0.1185f,0.9928f,-0.0155f,-0.3813f,-0.0004f,-0.0156f,-0.9999f,0.4375f,0f,0f,0f,1f],start_interpolation: 0,interpolation_duration: 1}
$data merge entity $(bone_right_arm) {transformation: [-0.993f,-0.0014f,-0.1185f,-0.0995f,0.1185f,-0.0155f,-0.9928f,-0.4373f,-0.0004f,-0.9999f,0.0156f,0.0473f,0f,0f,0f,1f],start_interpolation: 0,interpolation_duration: 1}
$data merge entity $(bone_magazine1) {transformation: [0f,0f,0f,-0.1169f,0f,0f,0f,-0.3476f,0f,0f,0f,0.3963f,0f,0f,0f,1f],start_interpolation: 0,interpolation_duration: 1}
$data merge entity $(bone_left_arm) {transformation: [-0.8465f,0.4027f,0.3483f,0.0784f,-0.3744f,0.015f,-0.9271f,-0.449f,-0.3786f,-0.9152f,0.1381f,0.0599f,0f,0f,0f,1f],start_interpolation: 0,interpolation_duration: 1}
data modify entity @s data merge value {"cameras":{},"locators":{"barrel1":{"px":-0.07425770290615531,"py":-0.3288551145587207,"pz":0.7331584809313914,"ry":359.9187592109304,"rx":-0.8876724021992101}}}