# This file was generated by Animated Java via MC-Build. It is not recommended to edit this file directly.
$data merge entity $(bone_muzzleflash) {transformation: [0f,0f,0f,-0.279f,0f,0f,0f,-0.6964f,0f,0f,0f,0.4392f,0f,0f,0f,1f],start_interpolation: 0,interpolation_duration: 1}
$data merge entity $(bone_slide) {transformation: [-0.9924f,0.1139f,0.0467f,-0.1176f,0.1084f,0.9883f,-0.1072f,-0.2163f,-0.0584f,-0.1014f,-0.9931f,0.5732f,0f,0f,0f,1f],start_interpolation: 0,interpolation_duration: 1}
$data merge entity $(bone_barrel) {transformation: [-0.9924f,0.1139f,0.0467f,-0.0183f,0.1084f,0.9883f,-0.1072f,-0.3081f,-0.0584f,-0.1014f,-0.9931f,0.5878f,0f,0f,0f,1f],start_interpolation: 0,interpolation_duration: 1}
$data merge entity $(bone_magazine) {transformation: [-0.9924f,0.1139f,0.0467f,-0.1236f,0.1084f,0.9883f,-0.1072f,-0.3693f,-0.0584f,-0.1014f,-0.9931f,0.3911f,0f,0f,0f,1f],start_interpolation: 0,interpolation_duration: 1}
$data merge entity $(bone_grip) {transformation: [-0.9924f,0.1139f,0.0467f,-0.1236f,0.1084f,0.9883f,-0.1072f,-0.3693f,-0.0584f,-0.1014f,-0.9931f,0.3911f,0f,0f,0f,1f],start_interpolation: 0,interpolation_duration: 1}
$data merge entity $(bone_trigger) {transformation: [-0.9924f,0.1139f,0.0467f,-0.1246f,0.1084f,0.9883f,-0.1072f,-0.3617f,-0.0584f,-0.1014f,-0.9931f,0.4211f,0f,0f,0f,1f],start_interpolation: 0,interpolation_duration: 1}
$data merge entity $(bone_trigger_gaurd) {transformation: [-0.9924f,0.1139f,0.0467f,-0.1228f,0.1084f,0.9883f,-0.1072f,-0.3297f,-0.0584f,-0.1014f,-0.9931f,0.4504f,0f,0f,0f,1f],start_interpolation: 0,interpolation_duration: 1}
$data merge entity $(bone_right_arm) {transformation: [-0.9924f,0.0467f,-0.1139f,-0.1448f,0.1084f,-0.1072f,-0.9883f,-0.4217f,-0.0584f,-0.9931f,0.1014f,0.0655f,0f,0f,0f,1f],start_interpolation: 0,interpolation_duration: 1}
$data merge entity $(bone_magazine1) {transformation: [0f,0f,0f,-0.1795f,0f,0f,0f,-0.3006f,0f,0f,0f,0.4035f,0f,0f,0f,1f],start_interpolation: 0,interpolation_duration: 1}
$data merge entity $(bone_left_arm) {transformation: [-0.8253f,0.4461f,0.3462f,0.0323f,-0.4158f,-0.0652f,-0.9071f,-0.4305f,-0.3821f,-0.8926f,0.2393f,0.0875f,0f,0f,0f,1f],start_interpolation: 0,interpolation_duration: 1}
data modify entity @s data merge value {"cameras":{},"locators":{"barrel1":{"px":-0.1531431417108872,"py":-0.25053249475622763,"pz":0.7388434555542305,"ry":2.6916723509298777,"rx":-6.156522818283477}}}