# This file was generated by Animated Java via MC-Build. It is not recommended to edit this file directly.
$data merge entity $(bone_muzzleflash) {transformation: [0f,0f,0f,-0.2772f,0f,0f,0f,-0.6975f,0f,0f,0f,0.4387f,0f,0f,0f,1f],start_interpolation: 0,interpolation_duration: 1}
$data merge entity $(bone_slide) {transformation: [-0.9925f,0.1133f,0.0455f,-0.1159f,0.1081f,0.9885f,-0.1056f,-0.2176f,-0.0569f,-0.0999f,-0.9934f,0.5733f,0f,0f,0f,1f],start_interpolation: 0,interpolation_duration: 1}
$data merge entity $(bone_barrel) {transformation: [-0.9925f,0.1133f,0.0455f,-0.0165f,0.1081f,0.9885f,-0.1056f,-0.3094f,-0.0569f,-0.0999f,-0.9934f,0.5876f,0f,0f,0f,1f],start_interpolation: 0,interpolation_duration: 1}
$data merge entity $(bone_magazine) {transformation: [-0.9925f,0.1133f,0.0455f,-0.122f,0.1081f,0.9885f,-0.1056f,-0.3704f,-0.0569f,-0.0999f,-0.9934f,0.391f,0f,0f,0f,1f],start_interpolation: 0,interpolation_duration: 1}
$data merge entity $(bone_grip) {transformation: [-0.9925f,0.1133f,0.0455f,-0.122f,0.1081f,0.9885f,-0.1056f,-0.3704f,-0.0569f,-0.0999f,-0.9934f,0.391f,0f,0f,0f,1f],start_interpolation: 0,interpolation_duration: 1}
$data merge entity $(bone_trigger) {transformation: [-0.9925f,0.1133f,0.0455f,-0.1229f,0.1081f,0.9885f,-0.1056f,-0.3628f,-0.0569f,-0.0999f,-0.9934f,0.4209f,0f,0f,0f,1f],start_interpolation: 0,interpolation_duration: 1}
$data merge entity $(bone_trigger_gaurd) {transformation: [-0.9925f,0.1133f,0.0455f,-0.1211f,0.1081f,0.9885f,-0.1056f,-0.3308f,-0.0569f,-0.0999f,-0.9934f,0.4503f,0f,0f,0f,1f],start_interpolation: 0,interpolation_duration: 1}
$data merge entity $(bone_right_arm) {transformation: [-0.9925f,0.0455f,-0.1133f,-0.1436f,0.1081f,-0.1056f,-0.9885f,-0.4222f,-0.0569f,-0.9934f,0.0999f,0.0653f,0f,0f,0f,1f],start_interpolation: 0,interpolation_duration: 1}
$data merge entity $(bone_magazine1) {transformation: [0f,0f,0f,-0.1779f,0f,0f,0f,-0.3016f,0f,0f,0f,0.4035f,0f,0f,0f,1f],start_interpolation: 0,interpolation_duration: 1}
$data merge entity $(bone_left_arm) {transformation: [-0.8256f,0.445f,0.3468f,0.0335f,-0.4155f,-0.0636f,-0.9074f,-0.4309f,-0.3818f,-0.8933f,0.2374f,0.087f,0f,0f,0f,1f],start_interpolation: 0,interpolation_duration: 1}
data modify entity @s data merge value {"cameras":{},"locators":{"barrel1":{"px":-0.15117298743033736,"py":-0.2521494152737629,"pz":0.738918010100253,"ry":2.6216380638580006,"rx":-6.060158910756529}}}