# This file was generated by Animated Java via MC-Build. It is not recommended to edit this file directly.
$data merge entity $(bone_muzzleflash) {transformation: [0f,0f,0f,-0.2754f,0f,0f,0f,-0.6987f,0f,0f,0f,0.4382f,0f,0f,0f,1f],start_interpolation: 0,interpolation_duration: 1}
$data merge entity $(bone_slide) {transformation: [-0.9926f,0.1128f,0.0443f,-0.1141f,0.1077f,0.9887f,-0.1039f,-0.219f,-0.0555f,-0.0983f,-0.9936f,0.5734f,0f,0f,0f,1f],start_interpolation: 0,interpolation_duration: 1}
$data merge entity $(bone_barrel) {transformation: [-0.9926f,0.1128f,0.0443f,-0.0147f,0.1077f,0.9887f,-0.1039f,-0.3108f,-0.0555f,-0.0983f,-0.9936f,0.5874f,0f,0f,0f,1f],start_interpolation: 0,interpolation_duration: 1}
$data merge entity $(bone_magazine) {transformation: [-0.9926f,0.1128f,0.0443f,-0.1204f,0.1077f,0.9887f,-0.1039f,-0.3714f,-0.0555f,-0.0983f,-0.9936f,0.3908f,0f,0f,0f,1f],start_interpolation: 0,interpolation_duration: 1}
$data merge entity $(bone_grip) {transformation: [-0.9926f,0.1128f,0.0443f,-0.1204f,0.1077f,0.9887f,-0.1039f,-0.3714f,-0.0555f,-0.0983f,-0.9936f,0.3908f,0f,0f,0f,1f],start_interpolation: 0,interpolation_duration: 1}
$data merge entity $(bone_trigger) {transformation: [-0.9926f,0.1128f,0.0443f,-0.1213f,0.1077f,0.9887f,-0.1039f,-0.3639f,-0.0555f,-0.0983f,-0.9936f,0.4208f,0f,0f,0f,1f],start_interpolation: 0,interpolation_duration: 1}
$data merge entity $(bone_trigger_gaurd) {transformation: [-0.9926f,0.1128f,0.0443f,-0.1195f,0.1077f,0.9887f,-0.1039f,-0.332f,-0.0555f,-0.0983f,-0.9936f,0.4502f,0f,0f,0f,1f],start_interpolation: 0,interpolation_duration: 1}
$data merge entity $(bone_right_arm) {transformation: [-0.9926f,0.0443f,-0.1128f,-0.1424f,0.1077f,-0.1039f,-0.9887f,-0.4227f,-0.0555f,-0.9936f,0.0983f,0.065f,0f,0f,0f,1f],start_interpolation: 0,interpolation_duration: 1}
$data merge entity $(bone_magazine1) {transformation: [0f,0f,0f,-0.1763f,0f,0f,0f,-0.3027f,0f,0f,0f,0.4035f,0f,0f,0f,1f],start_interpolation: 0,interpolation_duration: 1}
$data merge entity $(bone_left_arm) {transformation: [-0.8259f,0.4439f,0.3475f,0.0347f,-0.4152f,-0.0618f,-0.9076f,-0.4314f,-0.3814f,-0.8939f,0.2354f,0.0865f,0f,0f,0f,1f],start_interpolation: 0,interpolation_duration: 1}
data modify entity @s data merge value {"cameras":{},"locators":{"barrel1":{"px":-0.1491846823112221,"py":-0.25380665042882533,"pz":0.7389892188288747,"ry":2.5515695060630605,"rx":-5.961868687651495}}}