# This file was generated by Animated Java via MC-Build. It is not recommended to edit this file directly.
$data merge entity $(bone_muzzleflash) {transformation: [0f,0f,0f,-0.2736f,0f,0f,0f,-0.7f,0f,0f,0f,0.4376f,0f,0f,0f,1f],start_interpolation: 0,interpolation_duration: 1}
$data merge entity $(bone_slide) {transformation: [-0.9928f,0.1122f,0.0431f,-0.1123f,0.1073f,0.989f,-0.1021f,-0.2204f,-0.0541f,-0.0968f,-0.9938f,0.5734f,0f,0f,0f,1f],start_interpolation: 0,interpolation_duration: 1}
$data merge entity $(bone_barrel) {transformation: [-0.9928f,0.1122f,0.0431f,-0.0128f,0.1073f,0.989f,-0.1021f,-0.3121f,-0.0541f,-0.0968f,-0.9938f,0.5872f,0f,0f,0f,1f],start_interpolation: 0,interpolation_duration: 1}
$data merge entity $(bone_magazine) {transformation: [-0.9928f,0.1122f,0.0431f,-0.1188f,0.1073f,0.989f,-0.1021f,-0.3725f,-0.0541f,-0.0968f,-0.9938f,0.3906f,0f,0f,0f,1f],start_interpolation: 0,interpolation_duration: 1}
$data merge entity $(bone_grip) {transformation: [-0.9928f,0.1122f,0.0431f,-0.1188f,0.1073f,0.989f,-0.1021f,-0.3725f,-0.0541f,-0.0968f,-0.9938f,0.3906f,0f,0f,0f,1f],start_interpolation: 0,interpolation_duration: 1}
$data merge entity $(bone_trigger) {transformation: [-0.9928f,0.1122f,0.0431f,-0.1197f,0.1073f,0.989f,-0.1021f,-0.365f,-0.0541f,-0.0968f,-0.9938f,0.4206f,0f,0f,0f,1f],start_interpolation: 0,interpolation_duration: 1}
$data merge entity $(bone_trigger_gaurd) {transformation: [-0.9928f,0.1122f,0.0431f,-0.1178f,0.1073f,0.989f,-0.1021f,-0.3332f,-0.0541f,-0.0968f,-0.9938f,0.4501f,0f,0f,0f,1f],start_interpolation: 0,interpolation_duration: 1}
$data merge entity $(bone_right_arm) {transformation: [-0.9928f,0.0431f,-0.1122f,-0.1412f,0.1073f,-0.1021f,-0.989f,-0.4233f,-0.0541f,-0.9938f,0.0968f,0.0648f,0f,0f,0f,1f],start_interpolation: 0,interpolation_duration: 1}
$data merge entity $(bone_magazine1) {transformation: [0f,0f,0f,-0.1747f,0f,0f,0f,-0.3039f,0f,0f,0f,0.4036f,0f,0f,0f,1f],start_interpolation: 0,interpolation_duration: 1}
$data merge entity $(bone_left_arm) {transformation: [-0.8262f,0.4428f,0.3483f,0.036f,-0.4149f,-0.0601f,-0.9079f,-0.4319f,-0.3811f,-0.8946f,0.2334f,0.0861f,0f,0f,0f,1f],start_interpolation: 0,interpolation_duration: 1}
data modify entity @s data merge value {"cameras":{},"locators":{"barrel1":{"px":-0.14718003843851105,"py":-0.255503107625452,"pz":0.7390569037414747,"ry":2.481495237968261,"rx":-5.861707482581779}}}