# This file was generated by Animated Java via MC-Build. It is not recommended to edit this file directly.
$data merge entity $(bone_muzzleflash) {transformation: [0f,0f,0f,-0.2717f,0f,0f,0f,-0.7012f,0f,0f,0f,0.4371f,0f,0f,0f,1f],start_interpolation: 0,interpolation_duration: 1}
$data merge entity $(bone_slide) {transformation: [-0.9929f,0.1116f,0.0419f,-0.1105f,0.1069f,0.9892f,-0.1004f,-0.2218f,-0.0526f,-0.0952f,-0.9941f,0.5735f,0f,0f,0f,1f],start_interpolation: 0,interpolation_duration: 1}
$data merge entity $(bone_barrel) {transformation: [-0.9929f,0.1116f,0.0419f,-0.011f,0.1069f,0.9892f,-0.1004f,-0.3135f,-0.0526f,-0.0952f,-0.9941f,0.587f,0f,0f,0f,1f],start_interpolation: 0,interpolation_duration: 1}
$data merge entity $(bone_magazine) {transformation: [-0.9929f,0.1116f,0.0419f,-0.1172f,0.1069f,0.9892f,-0.1004f,-0.3736f,-0.0526f,-0.0952f,-0.9941f,0.3904f,0f,0f,0f,1f],start_interpolation: 0,interpolation_duration: 1}
$data merge entity $(bone_grip) {transformation: [-0.9929f,0.1116f,0.0419f,-0.1172f,0.1069f,0.9892f,-0.1004f,-0.3736f,-0.0526f,-0.0952f,-0.9941f,0.3904f,0f,0f,0f,1f],start_interpolation: 0,interpolation_duration: 1}
$data merge entity $(bone_trigger) {transformation: [-0.9929f,0.1116f,0.0419f,-0.118f,0.1069f,0.9892f,-0.1004f,-0.3662f,-0.0526f,-0.0952f,-0.9941f,0.4205f,0f,0f,0f,1f],start_interpolation: 0,interpolation_duration: 1}
$data merge entity $(bone_trigger_gaurd) {transformation: [-0.9929f,0.1116f,0.0419f,-0.1161f,0.1069f,0.9892f,-0.1004f,-0.3344f,-0.0526f,-0.0952f,-0.9941f,0.45f,0f,0f,0f,1f],start_interpolation: 0,interpolation_duration: 1}
$data merge entity $(bone_right_arm) {transformation: [-0.9929f,0.0419f,-0.1116f,-0.14f,0.1069f,-0.1004f,-0.9892f,-0.4238f,-0.0526f,-0.9941f,0.0952f,0.0646f,0f,0f,0f,1f],start_interpolation: 0,interpolation_duration: 1}
$data merge entity $(bone_magazine1) {transformation: [0f,0f,0f,-0.1731f,0f,0f,0f,-0.305f,0f,0f,0f,0.4036f,0f,0f,0f,1f],start_interpolation: 0,interpolation_duration: 1}
$data merge entity $(bone_left_arm) {transformation: [-0.8265f,0.4417f,0.349f,0.0373f,-0.4146f,-0.0583f,-0.9081f,-0.4324f,-0.3808f,-0.8953f,0.2313f,0.0856f,0f,0f,0f,1f],start_interpolation: 0,interpolation_duration: 1}
data modify entity @s data merge value {"cameras":{},"locators":{"barrel1":{"px":-0.14516087381012766,"py":-0.2572377001958259,"pz":0.7391208915279617,"ry":2.4114442255916515,"rx":-5.759730123189722}}}