# This file was generated by Animated Java via MC-Build. It is not recommended to edit this file directly.
$data merge entity $(bone_muzzleflash) {transformation: [0f,0f,0f,-0.2699f,0f,0f,0f,-0.7025f,0f,0f,0f,0.4365f,0f,0f,0f,1f],start_interpolation: 0,interpolation_duration: 1}
$data merge entity $(bone_slide) {transformation: [-0.993f,0.111f,0.0407f,-0.1087f,0.1065f,0.9894f,-0.0986f,-0.2232f,-0.0512f,-0.0935f,-0.9943f,0.5736f,0f,0f,0f,1f],start_interpolation: 0,interpolation_duration: 1}
$data merge entity $(bone_barrel) {transformation: [-0.993f,0.111f,0.0407f,-0.0091f,0.1065f,0.9894f,-0.0986f,-0.315f,-0.0512f,-0.0935f,-0.9943f,0.5868f,0f,0f,0f,1f],start_interpolation: 0,interpolation_duration: 1}
$data merge entity $(bone_magazine) {transformation: [-0.993f,0.111f,0.0407f,-0.1155f,0.1065f,0.9894f,-0.0986f,-0.3747f,-0.0512f,-0.0935f,-0.9943f,0.3903f,0f,0f,0f,1f],start_interpolation: 0,interpolation_duration: 1}
$data merge entity $(bone_grip) {transformation: [-0.993f,0.111f,0.0407f,-0.1155f,0.1065f,0.9894f,-0.0986f,-0.3747f,-0.0512f,-0.0935f,-0.9943f,0.3903f,0f,0f,0f,1f],start_interpolation: 0,interpolation_duration: 1}
$data merge entity $(bone_trigger) {transformation: [-0.993f,0.111f,0.0407f,-0.1163f,0.1065f,0.9894f,-0.0986f,-0.3674f,-0.0512f,-0.0935f,-0.9943f,0.4203f,0f,0f,0f,1f],start_interpolation: 0,interpolation_duration: 1}
$data merge entity $(bone_trigger_gaurd) {transformation: [-0.993f,0.111f,0.0407f,-0.1144f,0.1065f,0.9894f,-0.0986f,-0.3356f,-0.0512f,-0.0935f,-0.9943f,0.4499f,0f,0f,0f,1f],start_interpolation: 0,interpolation_duration: 1}
$data merge entity $(bone_right_arm) {transformation: [-0.993f,0.0407f,-0.111f,-0.1387f,0.1065f,-0.0986f,-0.9894f,-0.4244f,-0.0512f,-0.9943f,0.0935f,0.0643f,0f,0f,0f,1f],start_interpolation: 0,interpolation_duration: 1}
$data merge entity $(bone_magazine1) {transformation: [0f,0f,0f,-0.1715f,0f,0f,0f,-0.3062f,0f,0f,0f,0.4036f,0f,0f,0f,1f],start_interpolation: 0,interpolation_duration: 1}
$data merge entity $(bone_left_arm) {transformation: [-0.8268f,0.4406f,0.3498f,0.0386f,-0.4144f,-0.0565f,-0.9083f,-0.4329f,-0.3805f,-0.8959f,0.2293f,0.0851f,0f,0f,0f,1f],start_interpolation: 0,interpolation_duration: 1}
data modify entity @s data merge value {"cameras":{},"locators":{"barrel1":{"px":-0.14312901285755458,"py":-0.2590093475887228,"pz":0.7391810137591556,"ry":2.341445883665614,"rx":-5.655990919571263}}}