# This file was generated by Animated Java via MC-Build. It is not recommended to edit this file directly.
$data merge entity $(bone_muzzleflash) {transformation: [0f,0f,0f,-0.268f,0f,0f,0f,-0.7038f,0f,0f,0f,0.4359f,0f,0f,0f,1f],start_interpolation: 0,interpolation_duration: 1}
$data merge entity $(bone_slide) {transformation: [-0.9931f,0.1103f,0.0394f,-0.1069f,0.1061f,0.9896f,-0.0967f,-0.2247f,-0.0497f,-0.0919f,-0.9945f,0.5737f,0f,0f,0f,1f],start_interpolation: 0,interpolation_duration: 1}
$data merge entity $(bone_barrel) {transformation: [-0.9931f,0.1103f,0.0394f,-0.0072f,0.1061f,0.9896f,-0.0967f,-0.3164f,-0.0497f,-0.0919f,-0.9945f,0.5866f,0f,0f,0f,1f],start_interpolation: 0,interpolation_duration: 1}
$data merge entity $(bone_magazine) {transformation: [-0.9931f,0.1103f,0.0394f,-0.1139f,0.1061f,0.9896f,-0.0967f,-0.3759f,-0.0497f,-0.0919f,-0.9945f,0.3901f,0f,0f,0f,1f],start_interpolation: 0,interpolation_duration: 1}
$data merge entity $(bone_grip) {transformation: [-0.9931f,0.1103f,0.0394f,-0.1139f,0.1061f,0.9896f,-0.0967f,-0.3759f,-0.0497f,-0.0919f,-0.9945f,0.3901f,0f,0f,0f,1f],start_interpolation: 0,interpolation_duration: 1}
$data merge entity $(bone_trigger) {transformation: [-0.9931f,0.1103f,0.0394f,-0.1146f,0.1061f,0.9896f,-0.0967f,-0.3686f,-0.0497f,-0.0919f,-0.9945f,0.4201f,0f,0f,0f,1f],start_interpolation: 0,interpolation_duration: 1}
$data merge entity $(bone_trigger_gaurd) {transformation: [-0.9931f,0.1103f,0.0394f,-0.1127f,0.1061f,0.9896f,-0.0967f,-0.3369f,-0.0497f,-0.0919f,-0.9945f,0.4497f,0f,0f,0f,1f],start_interpolation: 0,interpolation_duration: 1}
$data merge entity $(bone_right_arm) {transformation: [-0.9931f,0.0394f,-0.1103f,-0.1374f,0.1061f,-0.0967f,-0.9896f,-0.425f,-0.0497f,-0.9945f,0.0919f,0.0641f,0f,0f,0f,1f],start_interpolation: 0,interpolation_duration: 1}
$data merge entity $(bone_magazine1) {transformation: [0f,0f,0f,-0.1699f,0f,0f,0f,-0.3074f,0f,0f,0f,0.4036f,0f,0f,0f,1f],start_interpolation: 0,interpolation_duration: 1}
$data merge entity $(bone_left_arm) {transformation: [-0.827f,0.4395f,0.3505f,0.0399f,-0.4141f,-0.0546f,-0.9086f,-0.4334f,-0.3802f,-0.8966f,0.2272f,0.0846f,0f,0f,0f,1f],start_interpolation: 0,interpolation_duration: 1}
data modify entity @s data merge value {"cameras":{},"locators":{"barrel1":{"px":-0.14108628693978667,"py":-0.2608169755432893,"pz":0.7392371070695085,"ry":2.2715301169459963,"rx":-5.550543653817117}}}