# This file was generated by Animated Java via MC-Build. It is not recommended to edit this file directly.
$data merge entity $(bone_muzzleflash) {transformation: [0f,0f,0f,-0.2661f,0f,0f,0f,-0.7052f,0f,0f,0f,0.4353f,0f,0f,0f,1f],start_interpolation: 0,interpolation_duration: 1}
$data merge entity $(bone_slide) {transformation: [-0.9932f,0.1096f,0.0382f,-0.1051f,0.1056f,0.9899f,-0.0949f,-0.2263f,-0.0483f,-0.0902f,-0.9948f,0.5738f,0f,0f,0f,1f],start_interpolation: 0,interpolation_duration: 1}
$data merge entity $(bone_barrel) {transformation: [-0.9932f,0.1096f,0.0382f,-0.0053f,0.1056f,0.9899f,-0.0949f,-0.3179f,-0.0483f,-0.0902f,-0.9948f,0.5863f,0f,0f,0f,1f],start_interpolation: 0,interpolation_duration: 1}
$data merge entity $(bone_magazine) {transformation: [-0.9932f,0.1096f,0.0382f,-0.1122f,0.1056f,0.9899f,-0.0949f,-0.3771f,-0.0483f,-0.0902f,-0.9948f,0.3899f,0f,0f,0f,1f],start_interpolation: 0,interpolation_duration: 1}
$data merge entity $(bone_grip) {transformation: [-0.9932f,0.1096f,0.0382f,-0.1122f,0.1056f,0.9899f,-0.0949f,-0.3771f,-0.0483f,-0.0902f,-0.9948f,0.3899f,0f,0f,0f,1f],start_interpolation: 0,interpolation_duration: 1}
$data merge entity $(bone_trigger) {transformation: [-0.9932f,0.1096f,0.0382f,-0.1129f,0.1056f,0.9899f,-0.0949f,-0.3698f,-0.0483f,-0.0902f,-0.9948f,0.4199f,0f,0f,0f,1f],start_interpolation: 0,interpolation_duration: 1}
$data merge entity $(bone_trigger_gaurd) {transformation: [-0.9932f,0.1096f,0.0382f,-0.111f,0.1056f,0.9899f,-0.0949f,-0.3382f,-0.0483f,-0.0902f,-0.9948f,0.4496f,0f,0f,0f,1f],start_interpolation: 0,interpolation_duration: 1}
$data merge entity $(bone_right_arm) {transformation: [-0.9932f,0.0382f,-0.1096f,-0.1361f,0.1056f,-0.0949f,-0.9899f,-0.4255f,-0.0483f,-0.9948f,0.0902f,0.0638f,0f,0f,0f,1f],start_interpolation: 0,interpolation_duration: 1}
$data merge entity $(bone_magazine1) {transformation: [0f,0f,0f,-0.1682f,0f,0f,0f,-0.3087f,0f,0f,0f,0.4036f,0f,0f,0f,1f],start_interpolation: 0,interpolation_duration: 1}
$data merge entity $(bone_left_arm) {transformation: [-0.8273f,0.4384f,0.3513f,0.0412f,-0.4139f,-0.0527f,-0.9088f,-0.4339f,-0.3799f,-0.8972f,0.225f,0.0841f,0f,0f,0f,1f],start_interpolation: 0,interpolation_duration: 1}
data modify entity @s data merge value {"cameras":{},"locators":{"barrel1":{"px":-0.13903453481090364,"py":-0.262659516248026,"pz":0.7392890133301235,"ry":2.2017273597263625,"rx":-5.443441570675877}}}