# This file was generated by Animated Java via MC-Build. It is not recommended to edit this file directly.
$data merge entity $(bone_muzzleflash) {transformation: [0f,0f,0f,-0.2641f,0f,0f,0f,-0.7066f,0f,0f,0f,0.4347f,0f,0f,0f,1f],start_interpolation: 0,interpolation_duration: 1}
$data merge entity $(bone_slide) {transformation: [-0.9934f,0.109f,0.037f,-0.1033f,0.1051f,0.9901f,-0.093f,-0.2278f,-0.0468f,-0.0885f,-0.995f,0.5738f,0f,0f,0f,1f],start_interpolation: 0,interpolation_duration: 1}
$data merge entity $(bone_barrel) {transformation: [-0.9934f,0.109f,0.037f,-0.0034f,0.1051f,0.9901f,-0.093f,-0.3194f,-0.0468f,-0.0885f,-0.995f,0.5861f,0f,0f,0f,1f],start_interpolation: 0,interpolation_duration: 1}
$data merge entity $(bone_magazine) {transformation: [-0.9934f,0.109f,0.037f,-0.1105f,0.1051f,0.9901f,-0.093f,-0.3783f,-0.0468f,-0.0885f,-0.995f,0.3897f,0f,0f,0f,1f],start_interpolation: 0,interpolation_duration: 1}
$data merge entity $(bone_grip) {transformation: [-0.9934f,0.109f,0.037f,-0.1105f,0.1051f,0.9901f,-0.093f,-0.3783f,-0.0468f,-0.0885f,-0.995f,0.3897f,0f,0f,0f,1f],start_interpolation: 0,interpolation_duration: 1}
$data merge entity $(bone_trigger) {transformation: [-0.9934f,0.109f,0.037f,-0.1112f,0.1051f,0.9901f,-0.093f,-0.3711f,-0.0468f,-0.0885f,-0.995f,0.4198f,0f,0f,0f,1f],start_interpolation: 0,interpolation_duration: 1}
$data merge entity $(bone_trigger_gaurd) {transformation: [-0.9934f,0.109f,0.037f,-0.1092f,0.1051f,0.9901f,-0.093f,-0.3395f,-0.0468f,-0.0885f,-0.995f,0.4495f,0f,0f,0f,1f],start_interpolation: 0,interpolation_duration: 1}
$data merge entity $(bone_right_arm) {transformation: [-0.9934f,0.037f,-0.109f,-0.1348f,0.1051f,-0.093f,-0.9901f,-0.4262f,-0.0468f,-0.995f,0.0885f,0.0635f,0f,0f,0f,1f],start_interpolation: 0,interpolation_duration: 1}
$data merge entity $(bone_magazine1) {transformation: [0f,0f,0f,-0.1665f,0f,0f,0f,-0.3099f,0f,0f,0f,0.4036f,0f,0f,0f,1f],start_interpolation: 0,interpolation_duration: 1}
$data merge entity $(bone_left_arm) {transformation: [-0.8275f,0.4373f,0.3522f,0.0425f,-0.4137f,-0.0508f,-0.909f,-0.4345f,-0.3796f,-0.8979f,0.2229f,0.0836f,0f,0f,0f,1f],start_interpolation: 0,interpolation_duration: 1}
data modify entity @s data merge value {"cameras":{},"locators":{"barrel1":{"px":-0.13697560306156006,"py":-0.2645359084848108,"pz":0.7393365798120365,"ry":2.1320686135728977,"rx":-5.334737369346778}}}