# This file was generated by Animated Java via MC-Build. It is not recommended to edit this file directly.
$data merge entity $(bone_muzzleflash) {transformation: [0f,0f,0f,-0.2622f,0f,0f,0f,-0.708f,0f,0f,0f,0.434f,0f,0f,0f,1f],start_interpolation: 0,interpolation_duration: 1}
$data merge entity $(bone_slide) {transformation: [-0.9935f,0.1083f,0.0358f,-0.1014f,0.1046f,0.9903f,-0.0911f,-0.2294f,-0.0454f,-0.0867f,-0.9952f,0.5739f,0f,0f,0f,1f],start_interpolation: 0,interpolation_duration: 1}
$data merge entity $(bone_barrel) {transformation: [-0.9935f,0.1083f,0.0358f,-0.0015f,0.1046f,0.9903f,-0.0911f,-0.321f,-0.0454f,-0.0867f,-0.9952f,0.5859f,0f,0f,0f,1f],start_interpolation: 0,interpolation_duration: 1}
$data merge entity $(bone_magazine) {transformation: [-0.9935f,0.1083f,0.0358f,-0.1088f,0.1046f,0.9903f,-0.0911f,-0.3795f,-0.0454f,-0.0867f,-0.9952f,0.3895f,0f,0f,0f,1f],start_interpolation: 0,interpolation_duration: 1}
$data merge entity $(bone_grip) {transformation: [-0.9935f,0.1083f,0.0358f,-0.1088f,0.1046f,0.9903f,-0.0911f,-0.3795f,-0.0454f,-0.0867f,-0.9952f,0.3895f,0f,0f,0f,1f],start_interpolation: 0,interpolation_duration: 1}
$data merge entity $(bone_trigger) {transformation: [-0.9935f,0.1083f,0.0358f,-0.1094f,0.1046f,0.9903f,-0.0911f,-0.3724f,-0.0454f,-0.0867f,-0.9952f,0.4196f,0f,0f,0f,1f],start_interpolation: 0,interpolation_duration: 1}
$data merge entity $(bone_trigger_gaurd) {transformation: [-0.9935f,0.1083f,0.0358f,-0.1075f,0.1046f,0.9903f,-0.0911f,-0.3408f,-0.0454f,-0.0867f,-0.9952f,0.4494f,0f,0f,0f,1f],start_interpolation: 0,interpolation_duration: 1}
$data merge entity $(bone_right_arm) {transformation: [-0.9935f,0.0358f,-0.1083f,-0.1335f,0.1046f,-0.0911f,-0.9903f,-0.4268f,-0.0454f,-0.9952f,0.0867f,0.0633f,0f,0f,0f,1f],start_interpolation: 0,interpolation_duration: 1}
$data merge entity $(bone_magazine1) {transformation: [0f,0f,0f,-0.1649f,0f,0f,0f,-0.3112f,0f,0f,0f,0.4036f,0f,0f,0f,1f],start_interpolation: 0,interpolation_duration: 1}
$data merge entity $(bone_left_arm) {transformation: [-0.8277f,0.4362f,0.353f,0.0439f,-0.4134f,-0.0488f,-0.9092f,-0.435f,-0.3794f,-0.8985f,0.2207f,0.0831f,0f,0f,0f,1f],start_interpolation: 0,interpolation_duration: 1}
data modify entity @s data merge value {"cameras":{},"locators":{"barrel1":{"px":-0.1349113465347109,"py":-0.2664450977577698,"pz":0.7393796593397242,"ry":2.062585483297937,"rx":-5.224483196412208}}}