# This file was generated by Animated Java via MC-Build. It is not recommended to edit this file directly.
$data merge entity $(bone_muzzleflash) {transformation: [0f,0f,0f,-0.204f,0f,0f,0f,-0.7635f,0f,0f,0f,0.3989f,0f,0f,0f,1f],start_interpolation: 0,interpolation_duration: 1}
$data merge entity $(bone_slide) {transformation: [-0.996f,0.0894f,-0.001f,-0.0455f,0.0894f,0.9959f,-0.0114f,-0.2946f,-0.0001f,-0.0115f,-0.9999f,0.5704f,0f,0f,0f,1f],start_interpolation: 0,interpolation_duration: 1}
$data merge entity $(bone_barrel) {transformation: [-0.996f,0.0894f,-0.001f,0.0562f,0.0894f,0.9959f,-0.0114f,-0.3849f,-0.0001f,-0.0115f,-0.9999f,0.5714f,0f,0f,0f,1f],start_interpolation: 0,interpolation_duration: 1}
$data merge entity $(bone_magazine) {transformation: [-0.996f,0.0894f,-0.001f,-0.0576f,0.0894f,0.9959f,-0.0114f,-0.4297f,-0.0001f,-0.0115f,-0.9999f,0.375f,0f,0f,0f,1f],start_interpolation: 0,interpolation_duration: 1}
$data merge entity $(bone_grip) {transformation: [-0.996f,0.0894f,-0.001f,-0.0576f,0.0894f,0.9959f,-0.0114f,-0.4297f,-0.0001f,-0.0115f,-0.9999f,0.375f,0f,0f,0f,1f],start_interpolation: 0,interpolation_duration: 1}
$data merge entity $(bone_trigger) {transformation: [-0.996f,0.0894f,-0.001f,-0.0572f,0.0894f,0.9959f,-0.0114f,-0.425f,-0.0001f,-0.0115f,-0.9999f,0.4056f,0f,0f,0f,1f],start_interpolation: 0,interpolation_duration: 1}
$data merge entity $(bone_trigger_gaurd) {transformation: [-0.996f,0.0894f,-0.001f,-0.0546f,0.0894f,0.9959f,-0.0114f,-0.3959f,-0.0001f,-0.0115f,-0.9999f,0.4377f,0f,0f,0f,1f],start_interpolation: 0,interpolation_duration: 1}
$data merge entity $(bone_right_arm) {transformation: [-0.996f,-0.001f,-0.0894f,-0.0941f,0.0894f,-0.0114f,-0.9959f,-0.4515f,-0.0001f,-0.9999f,0.0115f,0.0472f,0f,0f,0f,1f],start_interpolation: 0,interpolation_duration: 1}
$data merge entity $(bone_magazine1) {transformation: [0f,0f,0f,-0.1142f,0f,0f,0f,-0.3638f,0f,0f,0f,0.3966f,0f,0f,0f,1f],start_interpolation: 0,interpolation_duration: 1}
$data merge entity $(bone_left_arm) {transformation: [-0.8351f,0.4021f,0.3753f,0.084f,-0.3975f,0.0305f,-0.9171f,-0.458f,-0.3802f,-0.9151f,0.1343f,0.0598f,0f,0f,0f,1f],start_interpolation: 0,interpolation_duration: 1}
data modify entity @s data merge value {"cameras":{},"locators":{"barrel1":{"px":-0.07204194935383922,"py":-0.3452117074955132,"pz":0.7335335389424845,"ry":359.9452087795774,"rx":-0.6546281576541564}}}