# This file was generated by Animated Java via MC-Build. It is not recommended to edit this file directly.
$data merge entity $(bone_muzzleflash) {transformation: [0f,0f,0f,-0.2191f,0f,0f,0f,-0.7446f,0f,0f,0f,0.4004f,0f,0f,0f,1f],start_interpolation: 0,interpolation_duration: 1}
$data merge entity $(bone_slide) {transformation: [-0.9928f,0.1197f,-0.0014f,-0.0463f,0.1197f,0.9927f,-0.0148f,-0.2801f,-0.0004f,-0.0149f,-0.9999f,0.5703f,0f,0f,0f,1f],start_interpolation: 0,interpolation_duration: 1}
$data merge entity $(bone_barrel) {transformation: [-0.9928f,0.1197f,-0.0014f,0.0526f,0.1197f,0.9927f,-0.0148f,-0.3735f,-0.0004f,-0.0149f,-0.9999f,0.5715f,0f,0f,0f,1f],start_interpolation: 0,interpolation_duration: 1}
$data merge entity $(bone_magazine) {transformation: [-0.9928f,0.1197f,-0.0014f,-0.0626f,0.1197f,0.9927f,-0.0148f,-0.4155f,-0.0004f,-0.0149f,-0.9999f,0.3753f,0f,0f,0f,1f],start_interpolation: 0,interpolation_duration: 1}
$data merge entity $(bone_grip) {transformation: [-0.9928f,0.1197f,-0.0014f,-0.0626f,0.1197f,0.9927f,-0.0148f,-0.4155f,-0.0004f,-0.0149f,-0.9999f,0.3753f,0f,0f,0f,1f],start_interpolation: 0,interpolation_duration: 1}
$data merge entity $(bone_trigger) {transformation: [-0.9928f,0.1197f,-0.0014f,-0.062f,0.1197f,0.9927f,-0.0148f,-0.4107f,-0.0004f,-0.0149f,-0.9999f,0.4059f,0f,0f,0f,1f],start_interpolation: 0,interpolation_duration: 1}
$data merge entity $(bone_trigger_gaurd) {transformation: [-0.9928f,0.1197f,-0.0014f,-0.0585f,0.1197f,0.9927f,-0.0148f,-0.3816f,-0.0004f,-0.0149f,-0.9999f,0.4379f,0f,0f,0f,1f],start_interpolation: 0,interpolation_duration: 1}
$data merge entity $(bone_right_arm) {transformation: [-0.9928f,-0.0014f,-0.1197f,-0.0997f,0.1197f,-0.0148f,-0.9927f,-0.4373f,-0.0004f,-0.9999f,0.0149f,0.0476f,0f,0f,0f,1f],start_interpolation: 0,interpolation_duration: 1}
$data merge entity $(bone_magazine1) {transformation: [0f,0f,0f,-0.1171f,0f,0f,0f,-0.3479f,0f,0f,0f,0.3967f,0f,0f,0f,1f],start_interpolation: 0,interpolation_duration: 1}
$data merge entity $(bone_left_arm) {transformation: [-0.8469f,0.4027f,0.3472f,0.0781f,-0.3732f,0.0151f,-0.9276f,-0.4492f,-0.3789f,-0.9152f,0.1375f,0.0602f,0f,0f,0f,1f],start_interpolation: 0,interpolation_duration: 1}
data modify entity @s data merge value {"cameras":{},"locators":{"barrel1":{"px":-0.07436120397225666,"py":-0.3293766337498888,"pz":0.7335878573574065,"ry":359.9190107718532,"rx":-0.8478216927446929}}}