# This file was generated by Animated Java via MC-Build. It is not recommended to edit this file directly.
$data merge entity $(bone_muzzleflash) {transformation: [0f,0f,0f,-0.2602f,0f,0f,0f,-0.7094f,0f,0f,0f,0.4334f,0f,0f,0f,1f],start_interpolation: 0,interpolation_duration: 1}
$data merge entity $(bone_slide) {transformation: [-0.9936f,0.1075f,0.0346f,-0.0996f,0.1041f,0.9906f,-0.0891f,-0.231f,-0.0439f,-0.0849f,-0.9954f,0.574f,0f,0f,0f,1f],start_interpolation: 0,interpolation_duration: 1}
$data merge entity $(bone_barrel) {transformation: [-0.9936f,0.1075f,0.0346f,0.0004f,0.1041f,0.9906f,-0.0891f,-0.3225f,-0.0439f,-0.0849f,-0.9954f,0.5857f,0f,0f,0f,1f],start_interpolation: 0,interpolation_duration: 1}
$data merge entity $(bone_magazine) {transformation: [-0.9936f,0.1075f,0.0346f,-0.1071f,0.1041f,0.9906f,-0.0891f,-0.3807f,-0.0439f,-0.0849f,-0.9954f,0.3893f,0f,0f,0f,1f],start_interpolation: 0,interpolation_duration: 1}
$data merge entity $(bone_grip) {transformation: [-0.9936f,0.1075f,0.0346f,-0.1071f,0.1041f,0.9906f,-0.0891f,-0.3807f,-0.0439f,-0.0849f,-0.9954f,0.3893f,0f,0f,0f,1f],start_interpolation: 0,interpolation_duration: 1}
$data merge entity $(bone_trigger) {transformation: [-0.9936f,0.1075f,0.0346f,-0.1077f,0.1041f,0.9906f,-0.0891f,-0.3737f,-0.0439f,-0.0849f,-0.9954f,0.4194f,0f,0f,0f,1f],start_interpolation: 0,interpolation_duration: 1}
$data merge entity $(bone_trigger_gaurd) {transformation: [-0.9936f,0.1075f,0.0346f,-0.1057f,0.1041f,0.9906f,-0.0891f,-0.3422f,-0.0439f,-0.0849f,-0.9954f,0.4492f,0f,0f,0f,1f],start_interpolation: 0,interpolation_duration: 1}
$data merge entity $(bone_right_arm) {transformation: [-0.9936f,0.0346f,-0.1075f,-0.1322f,0.1041f,-0.0891f,-0.9906f,-0.4274f,-0.0439f,-0.9954f,0.0849f,0.063f,0f,0f,0f,1f],start_interpolation: 0,interpolation_duration: 1}
$data merge entity $(bone_magazine1) {transformation: [0f,0f,0f,-0.1632f,0f,0f,0f,-0.3125f,0f,0f,0f,0.4036f,0f,0f,0f,1f],start_interpolation: 0,interpolation_duration: 1}
$data merge entity $(bone_left_arm) {transformation: [-0.828f,0.4351f,0.3538f,0.0452f,-0.4132f,-0.0468f,-0.9094f,-0.4356f,-0.3791f,-0.8992f,0.2185f,0.0826f,0f,0f,0f,1f],start_interpolation: 0,interpolation_duration: 1}
data modify entity @s data merge value {"cameras":{},"locators":{"barrel1":{"px":-0.13284362871590533,"py":-0.26838603640677494,"pz":0.7394181104348032,"ry":1.9933102111910728,"rx":-5.112730639921925}}}