# This file was generated by Animated Java via MC-Build. It is not recommended to edit this file directly.
$data merge entity $(bone_muzzleflash) {transformation: [0f,0f,0f,-0.2583f,0f,0f,0f,-0.7109f,0f,0f,0f,0.4327f,0f,0f,0f,1f],start_interpolation: 0,interpolation_duration: 1}
$data merge entity $(bone_slide) {transformation: [-0.9937f,0.1068f,0.0335f,-0.0978f,0.1036f,0.9908f,-0.0871f,-0.2326f,-0.0425f,-0.0831f,-0.9956f,0.574f,0f,0f,0f,1f],start_interpolation: 0,interpolation_duration: 1}
$data merge entity $(bone_barrel) {transformation: [-0.9937f,0.1068f,0.0335f,0.0023f,0.1036f,0.9908f,-0.0871f,-0.3241f,-0.0425f,-0.0831f,-0.9956f,0.5854f,0f,0f,0f,1f],start_interpolation: 0,interpolation_duration: 1}
$data merge entity $(bone_magazine) {transformation: [-0.9937f,0.1068f,0.0335f,-0.1054f,0.1036f,0.9908f,-0.0871f,-0.382f,-0.0425f,-0.0831f,-0.9956f,0.389f,0f,0f,0f,1f],start_interpolation: 0,interpolation_duration: 1}
$data merge entity $(bone_grip) {transformation: [-0.9937f,0.1068f,0.0335f,-0.1054f,0.1036f,0.9908f,-0.0871f,-0.382f,-0.0425f,-0.0831f,-0.9956f,0.389f,0f,0f,0f,1f],start_interpolation: 0,interpolation_duration: 1}
$data merge entity $(bone_trigger) {transformation: [-0.9937f,0.1068f,0.0335f,-0.106f,0.1036f,0.9908f,-0.0871f,-0.375f,-0.0425f,-0.0831f,-0.9956f,0.4192f,0f,0f,0f,1f],start_interpolation: 0,interpolation_duration: 1}
$data merge entity $(bone_trigger_gaurd) {transformation: [-0.9937f,0.1068f,0.0335f,-0.104f,0.1036f,0.9908f,-0.0871f,-0.3436f,-0.0425f,-0.0831f,-0.9956f,0.4491f,0f,0f,0f,1f],start_interpolation: 0,interpolation_duration: 1}
$data merge entity $(bone_right_arm) {transformation: [-0.9937f,0.0335f,-0.1068f,-0.1309f,0.1036f,-0.0871f,-0.9908f,-0.4281f,-0.0425f,-0.9956f,0.0831f,0.0627f,0f,0f,0f,1f],start_interpolation: 0,interpolation_duration: 1}
$data merge entity $(bone_magazine1) {transformation: [0f,0f,0f,-0.1615f,0f,0f,0f,-0.3138f,0f,0f,0f,0.4036f,0f,0f,0f,1f],start_interpolation: 0,interpolation_duration: 1}
$data merge entity $(bone_left_arm) {transformation: [-0.8282f,0.434f,0.3546f,0.0466f,-0.413f,-0.0448f,-0.9096f,-0.4362f,-0.3789f,-0.8998f,0.2163f,0.0821f,0f,0f,0f,1f],start_interpolation: 0,interpolation_duration: 1}
data modify entity @s data merge value {"cameras":{},"locators":{"barrel1":{"px":-0.13077432209850468,"py":-0.2703576837053194,"pz":0.7394517974498883,"ry":1.924275709527734,"rx":-4.999530724643153}}}