# This file was generated by Animated Java via MC-Build. It is not recommended to edit this file directly.
$data merge entity $(bone_muzzleflash) {transformation: [0f,0f,0f,-0.2563f,0f,0f,0f,-0.7123f,0f,0f,0f,0.432f,0f,0f,0f,1f],start_interpolation: 0,interpolation_duration: 1}
$data merge entity $(bone_slide) {transformation: [-0.9938f,0.1061f,0.0323f,-0.0959f,0.103f,0.991f,-0.0852f,-0.2343f,-0.041f,-0.0813f,-0.9958f,0.5741f,0f,0f,0f,1f],start_interpolation: 0,interpolation_duration: 1}
$data merge entity $(bone_barrel) {transformation: [-0.9938f,0.1061f,0.0323f,0.0042f,0.103f,0.991f,-0.0852f,-0.3257f,-0.041f,-0.0813f,-0.9958f,0.5852f,0f,0f,0f,1f],start_interpolation: 0,interpolation_duration: 1}
$data merge entity $(bone_magazine) {transformation: [-0.9938f,0.1061f,0.0323f,-0.1037f,0.103f,0.991f,-0.0852f,-0.3833f,-0.041f,-0.0813f,-0.9958f,0.3888f,0f,0f,0f,1f],start_interpolation: 0,interpolation_duration: 1}
$data merge entity $(bone_grip) {transformation: [-0.9938f,0.1061f,0.0323f,-0.1037f,0.103f,0.991f,-0.0852f,-0.3833f,-0.041f,-0.0813f,-0.9958f,0.3888f,0f,0f,0f,1f],start_interpolation: 0,interpolation_duration: 1}
$data merge entity $(bone_trigger) {transformation: [-0.9938f,0.1061f,0.0323f,-0.1043f,0.103f,0.991f,-0.0852f,-0.3764f,-0.041f,-0.0813f,-0.9958f,0.419f,0f,0f,0f,1f],start_interpolation: 0,interpolation_duration: 1}
$data merge entity $(bone_trigger_gaurd) {transformation: [-0.9938f,0.1061f,0.0323f,-0.1022f,0.103f,0.991f,-0.0852f,-0.345f,-0.041f,-0.0813f,-0.9958f,0.4489f,0f,0f,0f,1f],start_interpolation: 0,interpolation_duration: 1}
$data merge entity $(bone_right_arm) {transformation: [-0.9938f,0.0323f,-0.1061f,-0.1296f,0.103f,-0.0852f,-0.991f,-0.4287f,-0.041f,-0.9958f,0.0813f,0.0625f,0f,0f,0f,1f],start_interpolation: 0,interpolation_duration: 1}
$data merge entity $(bone_magazine1) {transformation: [0f,0f,0f,-0.1598f,0f,0f,0f,-0.3152f,0f,0f,0f,0.4035f,0f,0f,0f,1f],start_interpolation: 0,interpolation_duration: 1}
$data merge entity $(bone_left_arm) {transformation: [-0.8284f,0.4329f,0.3555f,0.0479f,-0.4128f,-0.0427f,-0.9098f,-0.4368f,-0.3787f,-0.9004f,0.2141f,0.0816f,0f,0f,0f,1f],start_interpolation: 0,interpolation_duration: 1}
data modify entity @s data merge value {"cameras":{},"locators":{"barrel1":{"px":-0.128705308524191,"py":-0.27235900594250084,"pz":0.7394805906925785,"ry":1.8555155913761325,"rx":-4.884933908492348}}}