# This file was generated by Animated Java via MC-Build. It is not recommended to edit this file directly.
$data merge entity $(bone_muzzleflash) {transformation: [0f,0f,0f,-0.2543f,0f,0f,0f,-0.7138f,0f,0f,0f,0.4313f,0f,0f,0f,1f],start_interpolation: 0,interpolation_duration: 1}
$data merge entity $(bone_slide) {transformation: [-0.9939f,0.1053f,0.0311f,-0.0941f,0.1025f,0.9913f,-0.0831f,-0.2359f,-0.0396f,-0.0795f,-0.9961f,0.5742f,0f,0f,0f,1f],start_interpolation: 0,interpolation_duration: 1}
$data merge entity $(bone_barrel) {transformation: [-0.9939f,0.1053f,0.0311f,0.0061f,0.1025f,0.9913f,-0.0831f,-0.3274f,-0.0396f,-0.0795f,-0.9961f,0.5849f,0f,0f,0f,1f],start_interpolation: 0,interpolation_duration: 1}
$data merge entity $(bone_magazine) {transformation: [-0.9939f,0.1053f,0.0311f,-0.102f,0.1025f,0.9913f,-0.0831f,-0.3846f,-0.0396f,-0.0795f,-0.9961f,0.3886f,0f,0f,0f,1f],start_interpolation: 0,interpolation_duration: 1}
$data merge entity $(bone_grip) {transformation: [-0.9939f,0.1053f,0.0311f,-0.102f,0.1025f,0.9913f,-0.0831f,-0.3846f,-0.0396f,-0.0795f,-0.9961f,0.3886f,0f,0f,0f,1f],start_interpolation: 0,interpolation_duration: 1}
$data merge entity $(bone_trigger) {transformation: [-0.9939f,0.1053f,0.0311f,-0.1025f,0.1025f,0.9913f,-0.0831f,-0.3777f,-0.0396f,-0.0795f,-0.9961f,0.4187f,0f,0f,0f,1f],start_interpolation: 0,interpolation_duration: 1}
$data merge entity $(bone_trigger_gaurd) {transformation: [-0.9939f,0.1053f,0.0311f,-0.1005f,0.1025f,0.9913f,-0.0831f,-0.3464f,-0.0396f,-0.0795f,-0.9961f,0.4488f,0f,0f,0f,1f],start_interpolation: 0,interpolation_duration: 1}
$data merge entity $(bone_right_arm) {transformation: [-0.9939f,0.0311f,-0.1053f,-0.1282f,0.1025f,-0.0831f,-0.9913f,-0.4294f,-0.0396f,-0.9961f,0.0795f,0.0622f,0f,0f,0f,1f],start_interpolation: 0,interpolation_duration: 1}
$data merge entity $(bone_magazine1) {transformation: [0f,0f,0f,-0.1582f,0f,0f,0f,-0.3166f,0f,0f,0f,0.4035f,0f,0f,0f,1f],start_interpolation: 0,interpolation_duration: 1}
$data merge entity $(bone_left_arm) {transformation: [-0.8286f,0.4318f,0.3563f,0.0493f,-0.4125f,-0.0406f,-0.91f,-0.4374f,-0.3785f,-0.9011f,0.2118f,0.081f,0f,0f,0f,1f],start_interpolation: 0,interpolation_duration: 1}
data modify entity @s data merge value {"cameras":{},"locators":{"barrel1":{"px":-0.126638479499152,"py":-0.2743889764888184,"pz":0.739504366539541,"ry":1.7870641997248242,"rx":-4.768990080166362}}}