# This file was generated by Animated Java via MC-Build. It is not recommended to edit this file directly.
$data merge entity $(bone_muzzleflash) {transformation: [0f,0f,0f,-0.2524f,0f,0f,0f,-0.7153f,0f,0f,0f,0.4306f,0f,0f,0f,1f],start_interpolation: 0,interpolation_duration: 1}
$data merge entity $(bone_slide) {transformation: [-0.9941f,0.1046f,0.0299f,-0.0923f,0.1019f,0.9915f,-0.0811f,-0.2376f,-0.0381f,-0.0776f,-0.9963f,0.5742f,0f,0f,0f,1f],start_interpolation: 0,interpolation_duration: 1}
$data merge entity $(bone_barrel) {transformation: [-0.9941f,0.1046f,0.0299f,0.008f,0.1019f,0.9915f,-0.0811f,-0.329f,-0.0381f,-0.0776f,-0.9963f,0.5847f,0f,0f,0f,1f],start_interpolation: 0,interpolation_duration: 1}
$data merge entity $(bone_magazine) {transformation: [-0.9941f,0.1046f,0.0299f,-0.1003f,0.1019f,0.9915f,-0.0811f,-0.3859f,-0.0381f,-0.0776f,-0.9963f,0.3884f,0f,0f,0f,1f],start_interpolation: 0,interpolation_duration: 1}
$data merge entity $(bone_grip) {transformation: [-0.9941f,0.1046f,0.0299f,-0.1003f,0.1019f,0.9915f,-0.0811f,-0.3859f,-0.0381f,-0.0776f,-0.9963f,0.3884f,0f,0f,0f,1f],start_interpolation: 0,interpolation_duration: 1}
$data merge entity $(bone_trigger) {transformation: [-0.9941f,0.1046f,0.0299f,-0.1008f,0.1019f,0.9915f,-0.0811f,-0.3791f,-0.0381f,-0.0776f,-0.9963f,0.4185f,0f,0f,0f,1f],start_interpolation: 0,interpolation_duration: 1}
$data merge entity $(bone_trigger_gaurd) {transformation: [-0.9941f,0.1046f,0.0299f,-0.0987f,0.1019f,0.9915f,-0.0811f,-0.3479f,-0.0381f,-0.0776f,-0.9963f,0.4486f,0f,0f,0f,1f],start_interpolation: 0,interpolation_duration: 1}
$data merge entity $(bone_right_arm) {transformation: [-0.9941f,0.0299f,-0.1046f,-0.1269f,0.1019f,-0.0811f,-0.9915f,-0.4301f,-0.0381f,-0.9963f,0.0776f,0.0619f,0f,0f,0f,1f],start_interpolation: 0,interpolation_duration: 1}
$data merge entity $(bone_magazine1) {transformation: [0f,0f,0f,-0.1565f,0f,0f,0f,-0.318f,0f,0f,0f,0.4035f,0f,0f,0f,1f],start_interpolation: 0,interpolation_duration: 1}
$data merge entity $(bone_left_arm) {transformation: [-0.8288f,0.4307f,0.3572f,0.0506f,-0.4123f,-0.0385f,-0.9102f,-0.438f,-0.3783f,-0.9017f,0.2095f,0.0805f,0f,0f,0f,1f],start_interpolation: 0,interpolation_duration: 1}
data modify entity @s data merge value {"cameras":{},"locators":{"barrel1":{"px":-0.12457573648633802,"py":-0.2764465758454678,"pz":0.7395230075406657,"ry":1.7189566349532583,"rx":-4.651748557992177}}}