# This file was generated by Animated Java via MC-Build. It is not recommended to edit this file directly.
$data merge entity $(bone_muzzleflash) {transformation: [0f,0f,0f,-0.2504f,0f,0f,0f,-0.7169f,0f,0f,0f,0.4299f,0f,0f,0f,1f],start_interpolation: 0,interpolation_duration: 1}
$data merge entity $(bone_slide) {transformation: [-0.9942f,0.1039f,0.0287f,-0.0904f,0.1013f,0.9917f,-0.079f,-0.2394f,-0.0367f,-0.0757f,-0.9965f,0.5743f,0f,0f,0f,1f],start_interpolation: 0,interpolation_duration: 1}
$data merge entity $(bone_barrel) {transformation: [-0.9942f,0.1039f,0.0287f,0.0099f,0.1013f,0.9917f,-0.079f,-0.3307f,-0.0367f,-0.0757f,-0.9965f,0.5844f,0f,0f,0f,1f],start_interpolation: 0,interpolation_duration: 1}
$data merge entity $(bone_magazine) {transformation: [-0.9942f,0.1039f,0.0287f,-0.0986f,0.1013f,0.9917f,-0.079f,-0.3873f,-0.0367f,-0.0757f,-0.9965f,0.3881f,0f,0f,0f,1f],start_interpolation: 0,interpolation_duration: 1}
$data merge entity $(bone_grip) {transformation: [-0.9942f,0.1039f,0.0287f,-0.0986f,0.1013f,0.9917f,-0.079f,-0.3873f,-0.0367f,-0.0757f,-0.9965f,0.3881f,0f,0f,0f,1f],start_interpolation: 0,interpolation_duration: 1}
$data merge entity $(bone_trigger) {transformation: [-0.9942f,0.1039f,0.0287f,-0.0991f,0.1013f,0.9917f,-0.079f,-0.3805f,-0.0367f,-0.0757f,-0.9965f,0.4183f,0f,0f,0f,1f],start_interpolation: 0,interpolation_duration: 1}
$data merge entity $(bone_trigger_gaurd) {transformation: [-0.9942f,0.1039f,0.0287f,-0.097f,0.1013f,0.9917f,-0.079f,-0.3493f,-0.0367f,-0.0757f,-0.9965f,0.4484f,0f,0f,0f,1f],start_interpolation: 0,interpolation_duration: 1}
$data merge entity $(bone_right_arm) {transformation: [-0.9942f,0.0287f,-0.1039f,-0.1256f,0.1013f,-0.079f,-0.9917f,-0.4308f,-0.0367f,-0.9965f,0.0757f,0.0616f,0f,0f,0f,1f],start_interpolation: 0,interpolation_duration: 1}
$data merge entity $(bone_magazine1) {transformation: [0f,0f,0f,-0.1548f,0f,0f,0f,-0.3194f,0f,0f,0f,0.4035f,0f,0f,0f,1f],start_interpolation: 0,interpolation_duration: 1}
$data merge entity $(bone_left_arm) {transformation: [-0.829f,0.4296f,0.3581f,0.052f,-0.4121f,-0.0364f,-0.9104f,-0.4386f,-0.3781f,-0.9023f,0.2072f,0.08f,0f,0f,0f,1f],start_interpolation: 0,interpolation_duration: 1}
data modify entity @s data merge value {"cameras":{},"locators":{"barrel1":{"px":-0.12251899117420051,"py":-0.27853079167680783,"pz":0.7395364025132668,"ry":1.6512287806689017,"rx":-4.5332580900159964}}}