# This file was generated by Animated Java via MC-Build. It is not recommended to edit this file directly.
$data merge entity $(bone_muzzleflash) {transformation: [0f,0f,0f,-0.2484f,0f,0f,0f,-0.7184f,0f,0f,0f,0.4292f,0f,0f,0f,1f],start_interpolation: 0,interpolation_duration: 1}
$data merge entity $(bone_slide) {transformation: [-0.9943f,0.1031f,0.0276f,-0.0886f,0.1007f,0.9919f,-0.077f,-0.2411f,-0.0353f,-0.0737f,-0.9967f,0.5743f,0f,0f,0f,1f],start_interpolation: 0,interpolation_duration: 1}
$data merge entity $(bone_barrel) {transformation: [-0.9943f,0.1031f,0.0276f,0.0118f,0.1007f,0.9919f,-0.077f,-0.3324f,-0.0353f,-0.0737f,-0.9967f,0.5842f,0f,0f,0f,1f],start_interpolation: 0,interpolation_duration: 1}
$data merge entity $(bone_magazine) {transformation: [-0.9943f,0.1031f,0.0276f,-0.0969f,0.1007f,0.9919f,-0.077f,-0.3887f,-0.0353f,-0.0737f,-0.9967f,0.3879f,0f,0f,0f,1f],start_interpolation: 0,interpolation_duration: 1}
$data merge entity $(bone_grip) {transformation: [-0.9943f,0.1031f,0.0276f,-0.0969f,0.1007f,0.9919f,-0.077f,-0.3887f,-0.0353f,-0.0737f,-0.9967f,0.3879f,0f,0f,0f,1f],start_interpolation: 0,interpolation_duration: 1}
$data merge entity $(bone_trigger) {transformation: [-0.9943f,0.1031f,0.0276f,-0.0973f,0.1007f,0.9919f,-0.077f,-0.382f,-0.0353f,-0.0737f,-0.9967f,0.4181f,0f,0f,0f,1f],start_interpolation: 0,interpolation_duration: 1}
$data merge entity $(bone_trigger_gaurd) {transformation: [-0.9943f,0.1031f,0.0276f,-0.0952f,0.1007f,0.9919f,-0.077f,-0.3508f,-0.0353f,-0.0737f,-0.9967f,0.4483f,0f,0f,0f,1f],start_interpolation: 0,interpolation_duration: 1}
$data merge entity $(bone_right_arm) {transformation: [-0.9943f,0.0276f,-0.1031f,-0.1243f,0.1007f,-0.077f,-0.9919f,-0.4315f,-0.0353f,-0.9967f,0.0737f,0.0613f,0f,0f,0f,1f],start_interpolation: 0,interpolation_duration: 1}
$data merge entity $(bone_magazine1) {transformation: [0f,0f,0f,-0.1532f,0f,0f,0f,-0.3208f,0f,0f,0f,0.4034f,0f,0f,0f,1f],start_interpolation: 0,interpolation_duration: 1}
$data merge entity $(bone_left_arm) {transformation: [-0.8292f,0.4285f,0.3589f,0.0533f,-0.4119f,-0.0342f,-0.9106f,-0.4392f,-0.378f,-0.9029f,0.2049f,0.0795f,0f,0f,0f,1f],start_interpolation: 0,interpolation_duration: 1}
data modify entity @s data merge value {"cameras":{},"locators":{"barrel1":{"px":-0.12047016572233142,"py":-0.2806406188256473,"pz":0.7395444466263075,"ry":1.5839173279349552,"rx":-4.413566855353761}}}