# This file was generated by Animated Java via MC-Build. It is not recommended to edit this file directly.
$data merge entity $(bone_muzzleflash) {transformation: [0f,0f,0f,-0.2465f,0f,0f,0f,-0.72f,0f,0f,0f,0.4284f,0f,0f,0f,1f],start_interpolation: 0,interpolation_duration: 1}
$data merge entity $(bone_slide) {transformation: [-0.9944f,0.1023f,0.0264f,-0.0868f,0.1001f,0.9922f,-0.0749f,-0.2429f,-0.0339f,-0.0718f,-0.9968f,0.5744f,0f,0f,0f,1f],start_interpolation: 0,interpolation_duration: 1}
$data merge entity $(bone_barrel) {transformation: [-0.9944f,0.1023f,0.0264f,0.0137f,0.1001f,0.9922f,-0.0749f,-0.3341f,-0.0339f,-0.0718f,-0.9968f,0.5839f,0f,0f,0f,1f],start_interpolation: 0,interpolation_duration: 1}
$data merge entity $(bone_magazine) {transformation: [-0.9944f,0.1023f,0.0264f,-0.0953f,0.1001f,0.9922f,-0.0749f,-0.39f,-0.0339f,-0.0718f,-0.9968f,0.3876f,0f,0f,0f,1f],start_interpolation: 0,interpolation_duration: 1}
$data merge entity $(bone_grip) {transformation: [-0.9944f,0.1023f,0.0264f,-0.0953f,0.1001f,0.9922f,-0.0749f,-0.39f,-0.0339f,-0.0718f,-0.9968f,0.3876f,0f,0f,0f,1f],start_interpolation: 0,interpolation_duration: 1}
$data merge entity $(bone_trigger) {transformation: [-0.9944f,0.1023f,0.0264f,-0.0956f,0.1001f,0.9922f,-0.0749f,-0.3834f,-0.0339f,-0.0718f,-0.9968f,0.4178f,0f,0f,0f,1f],start_interpolation: 0,interpolation_duration: 1}
$data merge entity $(bone_trigger_gaurd) {transformation: [-0.9944f,0.1023f,0.0264f,-0.0935f,0.1001f,0.9922f,-0.0749f,-0.3523f,-0.0339f,-0.0718f,-0.9968f,0.4481f,0f,0f,0f,1f],start_interpolation: 0,interpolation_duration: 1}
$data merge entity $(bone_right_arm) {transformation: [-0.9944f,0.0264f,-0.1023f,-0.1229f,0.1001f,-0.0749f,-0.9922f,-0.4322f,-0.0339f,-0.9968f,0.0718f,0.061f,0f,0f,0f,1f],start_interpolation: 0,interpolation_duration: 1}
$data merge entity $(bone_magazine1) {transformation: [0f,0f,0f,-0.1515f,0f,0f,0f,-0.3223f,0f,0f,0f,0.4034f,0f,0f,0f,1f],start_interpolation: 0,interpolation_duration: 1}
$data merge entity $(bone_left_arm) {transformation: [-0.8294f,0.4275f,0.3598f,0.0547f,-0.4116f,-0.032f,-0.9108f,-0.4399f,-0.3778f,-0.9035f,0.2025f,0.0789f,0f,0f,0f,1f],start_interpolation: 0,interpolation_duration: 1}
data modify entity @s data merge value {"cameras":{},"locators":{"barrel1":{"px":-0.118431192984432,"py":-0.28277505931099167,"pz":0.7395470414746279,"ry":1.5170597979120544,"rx":-4.292722466826543}}}