# This file was generated by Animated Java via MC-Build. It is not recommended to edit this file directly.
$data merge entity $(bone_muzzleflash) {transformation: [0f,0f,0f,-0.2445f,0f,0f,0f,-0.7216f,0f,0f,0f,0.4276f,0f,0f,0f,1f],start_interpolation: 0,interpolation_duration: 1}
$data merge entity $(bone_slide) {transformation: [-0.9945f,0.1016f,0.0252f,-0.085f,0.0995f,0.9924f,-0.0727f,-0.2447f,-0.0324f,-0.0698f,-0.997f,0.5744f,0f,0f,0f,1f],start_interpolation: 0,interpolation_duration: 1}
$data merge entity $(bone_barrel) {transformation: [-0.9945f,0.1016f,0.0252f,0.0156f,0.0995f,0.9924f,-0.0727f,-0.3359f,-0.0324f,-0.0698f,-0.997f,0.5836f,0f,0f,0f,1f],start_interpolation: 0,interpolation_duration: 1}
$data merge entity $(bone_magazine) {transformation: [-0.9945f,0.1016f,0.0252f,-0.0936f,0.0995f,0.9924f,-0.0727f,-0.3914f,-0.0324f,-0.0698f,-0.997f,0.3874f,0f,0f,0f,1f],start_interpolation: 0,interpolation_duration: 1}
$data merge entity $(bone_grip) {transformation: [-0.9945f,0.1016f,0.0252f,-0.0936f,0.0995f,0.9924f,-0.0727f,-0.3914f,-0.0324f,-0.0698f,-0.997f,0.3874f,0f,0f,0f,1f],start_interpolation: 0,interpolation_duration: 1}
$data merge entity $(bone_trigger) {transformation: [-0.9945f,0.1016f,0.0252f,-0.0939f,0.0995f,0.9924f,-0.0727f,-0.3849f,-0.0324f,-0.0698f,-0.997f,0.4176f,0f,0f,0f,1f],start_interpolation: 0,interpolation_duration: 1}
$data merge entity $(bone_trigger_gaurd) {transformation: [-0.9945f,0.1016f,0.0252f,-0.0918f,0.0995f,0.9924f,-0.0727f,-0.3539f,-0.0324f,-0.0698f,-0.997f,0.4479f,0f,0f,0f,1f],start_interpolation: 0,interpolation_duration: 1}
$data merge entity $(bone_right_arm) {transformation: [-0.9945f,0.0252f,-0.1016f,-0.1216f,0.0995f,-0.0727f,-0.9924f,-0.4329f,-0.0324f,-0.997f,0.0698f,0.0607f,0f,0f,0f,1f],start_interpolation: 0,interpolation_duration: 1}
$data merge entity $(bone_magazine1) {transformation: [0f,0f,0f,-0.1499f,0f,0f,0f,-0.3238f,0f,0f,0f,0.4033f,0f,0f,0f,1f],start_interpolation: 0,interpolation_duration: 1}
$data merge entity $(bone_left_arm) {transformation: [-0.8295f,0.4264f,0.3606f,0.056f,-0.4114f,-0.0299f,-0.911f,-0.4405f,-0.3777f,-0.904f,0.2002f,0.0784f,0f,0f,0f,1f],start_interpolation: 0,interpolation_duration: 1}
data modify entity @s data merge value {"cameras":{},"locators":{"barrel1":{"px":-0.11640401670904588,"py":-0.28493312230788026,"pz":0.7395440951431602,"ry":1.4506945629402423,"rx":-4.170771974905249}}}