# This file was generated by Animated Java via MC-Build. It is not recommended to edit this file directly.
$data merge entity $(bone_muzzleflash) {transformation: [0f,0f,0f,-0.2426f,0f,0f,0f,-0.7232f,0f,0f,0f,0.4268f,0f,0f,0f,1f],start_interpolation: 0,interpolation_duration: 1}
$data merge entity $(bone_slide) {transformation: [-0.9946f,0.1008f,0.0241f,-0.0832f,0.0989f,0.9926f,-0.0706f,-0.2465f,-0.031f,-0.0678f,-0.9972f,0.5745f,0f,0f,0f,1f],start_interpolation: 0,interpolation_duration: 1}
$data merge entity $(bone_barrel) {transformation: [-0.9946f,0.1008f,0.0241f,0.0174f,0.0989f,0.9926f,-0.0706f,-0.3376f,-0.031f,-0.0678f,-0.9972f,0.5833f,0f,0f,0f,1f],start_interpolation: 0,interpolation_duration: 1}
$data merge entity $(bone_magazine) {transformation: [-0.9946f,0.1008f,0.0241f,-0.0919f,0.0989f,0.9926f,-0.0706f,-0.3929f,-0.031f,-0.0678f,-0.9972f,0.3871f,0f,0f,0f,1f],start_interpolation: 0,interpolation_duration: 1}
$data merge entity $(bone_grip) {transformation: [-0.9946f,0.1008f,0.0241f,-0.0919f,0.0989f,0.9926f,-0.0706f,-0.3929f,-0.031f,-0.0678f,-0.9972f,0.3871f,0f,0f,0f,1f],start_interpolation: 0,interpolation_duration: 1}
$data merge entity $(bone_trigger) {transformation: [-0.9946f,0.1008f,0.0241f,-0.0922f,0.0989f,0.9926f,-0.0706f,-0.3864f,-0.031f,-0.0678f,-0.9972f,0.4173f,0f,0f,0f,1f],start_interpolation: 0,interpolation_duration: 1}
$data merge entity $(bone_trigger_gaurd) {transformation: [-0.9946f,0.1008f,0.0241f,-0.0901f,0.0989f,0.9926f,-0.0706f,-0.3554f,-0.031f,-0.0678f,-0.9972f,0.4477f,0f,0f,0f,1f],start_interpolation: 0,interpolation_duration: 1}
$data merge entity $(bone_right_arm) {transformation: [-0.9946f,0.0241f,-0.1008f,-0.1203f,0.0989f,-0.0706f,-0.9926f,-0.4337f,-0.031f,-0.9972f,0.0678f,0.0603f,0f,0f,0f,1f],start_interpolation: 0,interpolation_duration: 1}
$data merge entity $(bone_magazine1) {transformation: [0f,0f,0f,-0.1482f,0f,0f,0f,-0.3252f,0f,0f,0f,0.4033f,0f,0f,0f,1f],start_interpolation: 0,interpolation_duration: 1}
$data merge entity $(bone_left_arm) {transformation: [-0.8297f,0.4253f,0.3615f,0.0573f,-0.4111f,-0.0276f,-0.9112f,-0.4412f,-0.3776f,-0.9046f,0.1978f,0.0778f,0f,0f,0f,1f],start_interpolation: 0,interpolation_duration: 1}
data modify entity @s data merge value {"cameras":{},"locators":{"barrel1":{"px":-0.11439059171849973,"py":-0.2871138241089252,"pz":0.7395355222611157,"ry":1.384860866084125,"rx":-4.047761872990379}}}