# This file was generated by Animated Java via MC-Build. It is not recommended to edit this file directly.
$data merge entity $(bone_muzzleflash) {transformation: [0f,0f,0f,-0.2196f,0f,0f,0f,-0.7448f,0f,0f,0f,0.4005f,0f,0f,0f,1f],start_interpolation: 0,interpolation_duration: 1}
$data merge entity $(bone_slide) {transformation: [-0.9927f,0.1208f,-0.0014f,-0.0464f,0.1208f,0.9926f,-0.0141f,-0.2806f,-0.0003f,-0.0142f,-0.9999f,0.5708f,0f,0f,0f,1f],start_interpolation: 0,interpolation_duration: 1}
$data merge entity $(bone_barrel) {transformation: [-0.9927f,0.1208f,-0.0014f,0.0524f,0.1208f,0.9926f,-0.0141f,-0.3741f,-0.0003f,-0.0142f,-0.9999f,0.5719f,0f,0f,0f,1f],start_interpolation: 0,interpolation_duration: 1}
$data merge entity $(bone_magazine) {transformation: [-0.9927f,0.1208f,-0.0014f,-0.0628f,0.1208f,0.9926f,-0.0141f,-0.4158f,-0.0003f,-0.0142f,-0.9999f,0.3757f,0f,0f,0f,1f],start_interpolation: 0,interpolation_duration: 1}
$data merge entity $(bone_grip) {transformation: [-0.9927f,0.1208f,-0.0014f,-0.0628f,0.1208f,0.9926f,-0.0141f,-0.4158f,-0.0003f,-0.0142f,-0.9999f,0.3757f,0f,0f,0f,1f],start_interpolation: 0,interpolation_duration: 1}
$data merge entity $(bone_trigger) {transformation: [-0.9927f,0.1208f,-0.0014f,-0.0622f,0.1208f,0.9926f,-0.0141f,-0.4111f,-0.0003f,-0.0142f,-0.9999f,0.4063f,0f,0f,0f,1f],start_interpolation: 0,interpolation_duration: 1}
$data merge entity $(bone_trigger_gaurd) {transformation: [-0.9927f,0.1208f,-0.0014f,-0.0587f,0.1208f,0.9926f,-0.0141f,-0.3819f,-0.0003f,-0.0142f,-0.9999f,0.4383f,0f,0f,0f,1f],start_interpolation: 0,interpolation_duration: 1}
$data merge entity $(bone_right_arm) {transformation: [-0.9927f,-0.0014f,-0.1208f,-0.0999f,0.1208f,-0.0141f,-0.9926f,-0.4374f,-0.0003f,-0.9999f,0.0142f,0.048f,0f,0f,0f,1f],start_interpolation: 0,interpolation_duration: 1}
$data merge entity $(bone_magazine1) {transformation: [0f,0f,0f,-0.1172f,0f,0f,0f,-0.3481f,0f,0f,0f,0.3971f,0f,0f,0f,1f],start_interpolation: 0,interpolation_duration: 1}
$data merge entity $(bone_left_arm) {transformation: [-0.8473f,0.4028f,0.3462f,0.0779f,-0.3719f,0.0153f,-0.9281f,-0.4494f,-0.3791f,-0.9152f,0.1368f,0.0605f,0f,0f,0f,1f],start_interpolation: 0,interpolation_duration: 1}
data modify entity @s data merge value {"cameras":{},"locators":{"barrel1":{"px":-0.07446407171734921,"py":-0.3299241840360947,"pz":0.7340092830647812,"ry":359.91941005584033,"rx":-0.8070008657287677}}}