# This file was generated by Animated Java via MC-Build. It is not recommended to edit this file directly.
$data merge entity $(bone_muzzleflash) {transformation: [0f,0f,0f,-0.2407f,0f,0f,0f,-0.7248f,0f,0f,0f,0.426f,0f,0f,0f,1f],start_interpolation: 0,interpolation_duration: 1}
$data merge entity $(bone_slide) {transformation: [-0.9947f,0.1001f,0.023f,-0.0814f,0.0983f,0.9928f,-0.0684f,-0.2483f,-0.0297f,-0.0658f,-0.9974f,0.5745f,0f,0f,0f,1f],start_interpolation: 0,interpolation_duration: 1}
$data merge entity $(bone_barrel) {transformation: [-0.9947f,0.1001f,0.023f,0.0193f,0.0983f,0.9928f,-0.0684f,-0.3394f,-0.0297f,-0.0658f,-0.9974f,0.5831f,0f,0f,0f,1f],start_interpolation: 0,interpolation_duration: 1}
$data merge entity $(bone_magazine) {transformation: [-0.9947f,0.1001f,0.023f,-0.0903f,0.0983f,0.9928f,-0.0684f,-0.3943f,-0.0297f,-0.0658f,-0.9974f,0.3868f,0f,0f,0f,1f],start_interpolation: 0,interpolation_duration: 1}
$data merge entity $(bone_grip) {transformation: [-0.9947f,0.1001f,0.023f,-0.0903f,0.0983f,0.9928f,-0.0684f,-0.3943f,-0.0297f,-0.0658f,-0.9974f,0.3868f,0f,0f,0f,1f],start_interpolation: 0,interpolation_duration: 1}
$data merge entity $(bone_trigger) {transformation: [-0.9947f,0.1001f,0.023f,-0.0905f,0.0983f,0.9928f,-0.0684f,-0.3879f,-0.0297f,-0.0658f,-0.9974f,0.4171f,0f,0f,0f,1f],start_interpolation: 0,interpolation_duration: 1}
$data merge entity $(bone_trigger_gaurd) {transformation: [-0.9947f,0.1001f,0.023f,-0.0884f,0.0983f,0.9928f,-0.0684f,-0.357f,-0.0297f,-0.0658f,-0.9974f,0.4476f,0f,0f,0f,1f],start_interpolation: 0,interpolation_duration: 1}
$data merge entity $(bone_right_arm) {transformation: [-0.9947f,0.023f,-0.1001f,-0.119f,0.0983f,-0.0684f,-0.9928f,-0.4344f,-0.0297f,-0.9974f,0.0658f,0.06f,0f,0f,0f,1f],start_interpolation: 0,interpolation_duration: 1}
$data merge entity $(bone_magazine1) {transformation: [0f,0f,0f,-0.1466f,0f,0f,0f,-0.3267f,0f,0f,0f,0.4032f,0f,0f,0f,1f],start_interpolation: 0,interpolation_duration: 1}
$data merge entity $(bone_left_arm) {transformation: [-0.8299f,0.4243f,0.3623f,0.0586f,-0.4109f,-0.0254f,-0.9113f,-0.4418f,-0.3775f,-0.9052f,0.1954f,0.0773f,0f,0f,0f,1f],start_interpolation: 0,interpolation_duration: 1}
data modify entity @s data merge value {"cameras":{},"locators":{"barrel1":{"px":-0.11239288406649602,"py":-0.28931618806716375,"pz":0.7395212440461321,"ry":1.319598839167412,"rx":-3.923738104053185}}}