# This file was generated by Animated Java via MC-Build. It is not recommended to edit this file directly.
$data merge entity $(bone_muzzleflash) {transformation: [0f,0f,0f,-0.2388f,0f,0f,0f,-0.7264f,0f,0f,0f,0.4252f,0f,0f,0f,1f],start_interpolation: 0,interpolation_duration: 1}
$data merge entity $(bone_slide) {transformation: [-0.9948f,0.0994f,0.0219f,-0.0797f,0.0977f,0.993f,-0.0663f,-0.2501f,-0.0283f,-0.0638f,-0.9976f,0.5745f,0f,0f,0f,1f],start_interpolation: 0,interpolation_duration: 1}
$data merge entity $(bone_barrel) {transformation: [-0.9948f,0.0994f,0.0219f,0.0211f,0.0977f,0.993f,-0.0663f,-0.3412f,-0.0283f,-0.0638f,-0.9976f,0.5828f,0f,0f,0f,1f],start_interpolation: 0,interpolation_duration: 1}
$data merge entity $(bone_magazine) {transformation: [-0.9948f,0.0994f,0.0219f,-0.0886f,0.0977f,0.993f,-0.0663f,-0.3957f,-0.0283f,-0.0638f,-0.9976f,0.3866f,0f,0f,0f,1f],start_interpolation: 0,interpolation_duration: 1}
$data merge entity $(bone_grip) {transformation: [-0.9948f,0.0994f,0.0219f,-0.0886f,0.0977f,0.993f,-0.0663f,-0.3957f,-0.0283f,-0.0638f,-0.9976f,0.3866f,0f,0f,0f,1f],start_interpolation: 0,interpolation_duration: 1}
$data merge entity $(bone_trigger) {transformation: [-0.9948f,0.0994f,0.0219f,-0.0889f,0.0977f,0.993f,-0.0663f,-0.3894f,-0.0283f,-0.0638f,-0.9976f,0.4168f,0f,0f,0f,1f],start_interpolation: 0,interpolation_duration: 1}
$data merge entity $(bone_trigger_gaurd) {transformation: [-0.9948f,0.0994f,0.0219f,-0.0867f,0.0977f,0.993f,-0.0663f,-0.3585f,-0.0283f,-0.0638f,-0.9976f,0.4474f,0f,0f,0f,1f],start_interpolation: 0,interpolation_duration: 1}
$data merge entity $(bone_right_arm) {transformation: [-0.9948f,0.0219f,-0.0994f,-0.1178f,0.0977f,-0.0663f,-0.993f,-0.4352f,-0.0283f,-0.9976f,0.0638f,0.0597f,0f,0f,0f,1f],start_interpolation: 0,interpolation_duration: 1}
$data merge entity $(bone_magazine1) {transformation: [0f,0f,0f,-0.145f,0f,0f,0f,-0.3283f,0f,0f,0f,0.4032f,0f,0f,0f,1f],start_interpolation: 0,interpolation_duration: 1}
$data merge entity $(bone_left_arm) {transformation: [-0.8301f,0.4232f,0.3632f,0.0599f,-0.4106f,-0.0232f,-0.9115f,-0.4425f,-0.3774f,-0.9057f,0.193f,0.0767f,0f,0f,0f,1f],start_interpolation: 0,interpolation_duration: 1}
data modify entity @s data merge value {"cameras":{},"locators":{"barrel1":{"px":-0.11041287117480778,"py":-0.2915392445198234,"pz":0.7395011883383733,"ry":1.2549495193209168,"rx":-3.7987460686657846}}}