# This file was generated by Animated Java via MC-Build. It is not recommended to edit this file directly.
$data merge entity $(bone_muzzleflash) {transformation: [0f,0f,0f,-0.2369f,0f,0f,0f,-0.7281f,0f,0f,0f,0.4244f,0f,0f,0f,1f],start_interpolation: 0,interpolation_duration: 1}
$data merge entity $(bone_slide) {transformation: [-0.9949f,0.0986f,0.0207f,-0.0779f,0.0971f,0.9932f,-0.0641f,-0.252f,-0.0269f,-0.0617f,-0.9977f,0.5746f,0f,0f,0f,1f],start_interpolation: 0,interpolation_duration: 1}
$data merge entity $(bone_barrel) {transformation: [-0.9949f,0.0986f,0.0207f,0.0229f,0.0971f,0.9932f,-0.0641f,-0.343f,-0.0269f,-0.0617f,-0.9977f,0.5825f,0f,0f,0f,1f],start_interpolation: 0,interpolation_duration: 1}
$data merge entity $(bone_magazine) {transformation: [-0.9949f,0.0986f,0.0207f,-0.087f,0.0971f,0.9932f,-0.0641f,-0.3972f,-0.0269f,-0.0617f,-0.9977f,0.3863f,0f,0f,0f,1f],start_interpolation: 0,interpolation_duration: 1}
$data merge entity $(bone_grip) {transformation: [-0.9949f,0.0986f,0.0207f,-0.087f,0.0971f,0.9932f,-0.0641f,-0.3972f,-0.0269f,-0.0617f,-0.9977f,0.3863f,0f,0f,0f,1f],start_interpolation: 0,interpolation_duration: 1}
$data merge entity $(bone_trigger) {transformation: [-0.9949f,0.0986f,0.0207f,-0.0872f,0.0971f,0.9932f,-0.0641f,-0.3909f,-0.0269f,-0.0617f,-0.9977f,0.4166f,0f,0f,0f,1f],start_interpolation: 0,interpolation_duration: 1}
$data merge entity $(bone_trigger_gaurd) {transformation: [-0.9949f,0.0986f,0.0207f,-0.085f,0.0971f,0.9932f,-0.0641f,-0.3601f,-0.0269f,-0.0617f,-0.9977f,0.4472f,0f,0f,0f,1f],start_interpolation: 0,interpolation_duration: 1}
$data merge entity $(bone_right_arm) {transformation: [-0.9949f,0.0207f,-0.0986f,-0.1165f,0.0971f,-0.0641f,-0.9932f,-0.4359f,-0.0269f,-0.9977f,0.0617f,0.0594f,0f,0f,0f,1f],start_interpolation: 0,interpolation_duration: 1}
$data merge entity $(bone_magazine1) {transformation: [0f,0f,0f,-0.1434f,0f,0f,0f,-0.3298f,0f,0f,0f,0.4031f,0f,0f,0f,1f],start_interpolation: 0,interpolation_duration: 1}
$data merge entity $(bone_left_arm) {transformation: [-0.8302f,0.4222f,0.364f,0.0612f,-0.4103f,-0.0209f,-0.9117f,-0.4432f,-0.3773f,-0.9063f,0.1906f,0.0762f,0f,0f,0f,1f],start_interpolation: 0,interpolation_duration: 1}
data modify entity @s data merge value {"cameras":{},"locators":{"barrel1":{"px":-0.10845254194952508,"py":-0.29378203069259856,"pz":0.7394752896245758,"ry":1.1909548640689707,"rx":-3.672830634448209}}}