# This file was generated by Animated Java via MC-Build. It is not recommended to edit this file directly.
$data merge entity $(bone_muzzleflash) {transformation: [0f,0f,0f,-0.235f,0f,0f,0f,-0.7297f,0f,0f,0f,0.4236f,0f,0f,0f,1f],start_interpolation: 0,interpolation_duration: 1}
$data merge entity $(bone_slide) {transformation: [-0.995f,0.0979f,0.0196f,-0.0762f,0.0965f,0.9934f,-0.0619f,-0.2539f,-0.0256f,-0.0596f,-0.9979f,0.5746f,0f,0f,0f,1f],start_interpolation: 0,interpolation_duration: 1}
$data merge entity $(bone_barrel) {transformation: [-0.995f,0.0979f,0.0196f,0.0247f,0.0965f,0.9934f,-0.0619f,-0.3448f,-0.0256f,-0.0596f,-0.9979f,0.5822f,0f,0f,0f,1f],start_interpolation: 0,interpolation_duration: 1}
$data merge entity $(bone_magazine) {transformation: [-0.995f,0.0979f,0.0196f,-0.0854f,0.0965f,0.9934f,-0.0619f,-0.3987f,-0.0256f,-0.0596f,-0.9979f,0.386f,0f,0f,0f,1f],start_interpolation: 0,interpolation_duration: 1}
$data merge entity $(bone_grip) {transformation: [-0.995f,0.0979f,0.0196f,-0.0854f,0.0965f,0.9934f,-0.0619f,-0.3987f,-0.0256f,-0.0596f,-0.9979f,0.386f,0f,0f,0f,1f],start_interpolation: 0,interpolation_duration: 1}
$data merge entity $(bone_trigger) {transformation: [-0.995f,0.0979f,0.0196f,-0.0856f,0.0965f,0.9934f,-0.0619f,-0.3924f,-0.0256f,-0.0596f,-0.9979f,0.4163f,0f,0f,0f,1f],start_interpolation: 0,interpolation_duration: 1}
$data merge entity $(bone_trigger_gaurd) {transformation: [-0.995f,0.0979f,0.0196f,-0.0834f,0.0965f,0.9934f,-0.0619f,-0.3617f,-0.0256f,-0.0596f,-0.9979f,0.447f,0f,0f,0f,1f],start_interpolation: 0,interpolation_duration: 1}
$data merge entity $(bone_right_arm) {transformation: [-0.995f,0.0196f,-0.0979f,-0.1152f,0.0965f,-0.0619f,-0.9934f,-0.4367f,-0.0256f,-0.9979f,0.0596f,0.059f,0f,0f,0f,1f],start_interpolation: 0,interpolation_duration: 1}
$data merge entity $(bone_magazine1) {transformation: [0f,0f,0f,-0.1418f,0f,0f,0f,-0.3313f,0f,0f,0f,0.403f,0f,0f,0f,1f],start_interpolation: 0,interpolation_duration: 1}
$data merge entity $(bone_left_arm) {transformation: [-0.8304f,0.4212f,0.3648f,0.0625f,-0.41f,-0.0186f,-0.9119f,-0.4439f,-0.3773f,-0.9068f,0.1882f,0.0756f,0f,0f,0f,1f],start_interpolation: 0,interpolation_duration: 1}
data modify entity @s data merge value {"cameras":{},"locators":{"barrel1":{"px":-0.10651389687730177,"py":-0.29604359058402757,"pz":0.7394434890520393,"ry":1.127657764978153,"rx":-3.5460361469611907}}}