# This file was generated by Animated Java via MC-Build. It is not recommended to edit this file directly.
$data merge entity $(bone_muzzleflash) {transformation: [0f,0f,0f,-0.2332f,0f,0f,0f,-0.7314f,0f,0f,0f,0.4227f,0f,0f,0f,1f],start_interpolation: 0,interpolation_duration: 1}
$data merge entity $(bone_slide) {transformation: [-0.9951f,0.0972f,0.0186f,-0.0745f,0.096f,0.9936f,-0.0596f,-0.2558f,-0.0242f,-0.0576f,-0.998f,0.5746f,0f,0f,0f,1f],start_interpolation: 0,interpolation_duration: 1}
$data merge entity $(bone_barrel) {transformation: [-0.9951f,0.0972f,0.0186f,0.0265f,0.096f,0.9936f,-0.0596f,-0.3467f,-0.0242f,-0.0576f,-0.998f,0.5819f,0f,0f,0f,1f],start_interpolation: 0,interpolation_duration: 1}
$data merge entity $(bone_magazine) {transformation: [-0.9951f,0.0972f,0.0186f,-0.0838f,0.096f,0.9936f,-0.0596f,-0.4001f,-0.0242f,-0.0576f,-0.998f,0.3857f,0f,0f,0f,1f],start_interpolation: 0,interpolation_duration: 1}
$data merge entity $(bone_grip) {transformation: [-0.9951f,0.0972f,0.0186f,-0.0838f,0.096f,0.9936f,-0.0596f,-0.4001f,-0.0242f,-0.0576f,-0.998f,0.3857f,0f,0f,0f,1f],start_interpolation: 0,interpolation_duration: 1}
$data merge entity $(bone_trigger) {transformation: [-0.9951f,0.0972f,0.0186f,-0.084f,0.096f,0.9936f,-0.0596f,-0.394f,-0.0242f,-0.0576f,-0.998f,0.416f,0f,0f,0f,1f],start_interpolation: 0,interpolation_duration: 1}
$data merge entity $(bone_trigger_gaurd) {transformation: [-0.9951f,0.0972f,0.0186f,-0.0818f,0.096f,0.9936f,-0.0596f,-0.3633f,-0.0242f,-0.0576f,-0.998f,0.4467f,0f,0f,0f,1f],start_interpolation: 0,interpolation_duration: 1}
$data merge entity $(bone_right_arm) {transformation: [-0.9951f,0.0186f,-0.0972f,-0.114f,0.096f,-0.0596f,-0.9936f,-0.4375f,-0.0242f,-0.998f,0.0576f,0.0587f,0f,0f,0f,1f],start_interpolation: 0,interpolation_duration: 1}
$data merge entity $(bone_magazine1) {transformation: [0f,0f,0f,-0.1402f,0f,0f,0f,-0.3329f,0f,0f,0f,0.403f,0f,0f,0f,1f],start_interpolation: 0,interpolation_duration: 1}
$data merge entity $(bone_left_arm) {transformation: [-0.8305f,0.4202f,0.3656f,0.0638f,-0.4097f,-0.0164f,-0.9121f,-0.4446f,-0.3772f,-0.9073f,0.1857f,0.0751f,0f,0f,0f,1f],start_interpolation: 0,interpolation_duration: 1}
data modify entity @s data merge value {"cameras":{},"locators":{"barrel1":{"px":-0.10459894810205114,"py":-0.2983229748295628,"pz":0.739405734432564,"ry":1.0651020598924106,"rx":-3.4184064420740357}}}