# This file was generated by Animated Java via MC-Build. It is not recommended to edit this file directly.
$data merge entity $(bone_muzzleflash) {transformation: [0f,0f,0f,-0.2314f,0f,0f,0f,-0.7331f,0f,0f,0f,0.4218f,0f,0f,0f,1f],start_interpolation: 0,interpolation_duration: 1}
$data merge entity $(bone_slide) {transformation: [-0.9952f,0.0965f,0.0175f,-0.0728f,0.0954f,0.9938f,-0.0574f,-0.2577f,-0.0229f,-0.0554f,-0.9982f,0.5746f,0f,0f,0f,1f],start_interpolation: 0,interpolation_duration: 1}
$data merge entity $(bone_barrel) {transformation: [-0.9952f,0.0965f,0.0175f,0.0282f,0.0954f,0.9938f,-0.0574f,-0.3485f,-0.0229f,-0.0554f,-0.9982f,0.5816f,0f,0f,0f,1f],start_interpolation: 0,interpolation_duration: 1}
$data merge entity $(bone_magazine) {transformation: [-0.9952f,0.0965f,0.0175f,-0.0823f,0.0954f,0.9938f,-0.0574f,-0.4016f,-0.0229f,-0.0554f,-0.9982f,0.3854f,0f,0f,0f,1f],start_interpolation: 0,interpolation_duration: 1}
$data merge entity $(bone_grip) {transformation: [-0.9952f,0.0965f,0.0175f,-0.0823f,0.0954f,0.9938f,-0.0574f,-0.4016f,-0.0229f,-0.0554f,-0.9982f,0.3854f,0f,0f,0f,1f],start_interpolation: 0,interpolation_duration: 1}
$data merge entity $(bone_trigger) {transformation: [-0.9952f,0.0965f,0.0175f,-0.0824f,0.0954f,0.9938f,-0.0574f,-0.3955f,-0.0229f,-0.0554f,-0.9982f,0.4157f,0f,0f,0f,1f],start_interpolation: 0,interpolation_duration: 1}
$data merge entity $(bone_trigger_gaurd) {transformation: [-0.9952f,0.0965f,0.0175f,-0.0802f,0.0954f,0.9938f,-0.0574f,-0.365f,-0.0229f,-0.0554f,-0.9982f,0.4465f,0f,0f,0f,1f],start_interpolation: 0,interpolation_duration: 1}
$data merge entity $(bone_right_arm) {transformation: [-0.9952f,0.0175f,-0.0965f,-0.1128f,0.0954f,-0.0574f,-0.9938f,-0.4383f,-0.0229f,-0.9982f,0.0554f,0.0584f,0f,0f,0f,1f],start_interpolation: 0,interpolation_duration: 1}
$data merge entity $(bone_magazine1) {transformation: [0f,0f,0f,-0.1387f,0f,0f,0f,-0.3345f,0f,0f,0f,0.4029f,0f,0f,0f,1f],start_interpolation: 0,interpolation_duration: 1}
$data merge entity $(bone_left_arm) {transformation: [-0.8307f,0.4192f,0.3664f,0.065f,-0.4094f,-0.0141f,-0.9122f,-0.4453f,-0.3772f,-0.9078f,0.1833f,0.0745f,0f,0f,0f,1f],start_interpolation: 0,interpolation_duration: 1}
data modify entity @s data merge value {"cameras":{},"locators":{"barrel1":{"px":-0.10270971948253149,"py":-0.3006192405449232,"pz":0.739361980236335,"ry":1.0033325437779013,"rx":-3.289984859837194}}}