# This file was generated by Animated Java via MC-Build. It is not recommended to edit this file directly.
$data merge entity $(bone_muzzleflash) {transformation: [0f,0f,0f,-0.2296f,0f,0f,0f,-0.7347f,0f,0f,0f,0.421f,0f,0f,0f,1f],start_interpolation: 0,interpolation_duration: 1}
$data merge entity $(bone_slide) {transformation: [-0.9953f,0.0958f,0.0164f,-0.0712f,0.0948f,0.994f,-0.0551f,-0.2596f,-0.0216f,-0.0533f,-0.9983f,0.5746f,0f,0f,0f,1f],start_interpolation: 0,interpolation_duration: 1}
$data merge entity $(bone_barrel) {transformation: [-0.9953f,0.0958f,0.0164f,0.0299f,0.0948f,0.994f,-0.0551f,-0.3504f,-0.0216f,-0.0533f,-0.9983f,0.5813f,0f,0f,0f,1f],start_interpolation: 0,interpolation_duration: 1}
$data merge entity $(bone_magazine) {transformation: [-0.9953f,0.0958f,0.0164f,-0.0807f,0.0948f,0.994f,-0.0551f,-0.4031f,-0.0216f,-0.0533f,-0.9983f,0.3851f,0f,0f,0f,1f],start_interpolation: 0,interpolation_duration: 1}
$data merge entity $(bone_grip) {transformation: [-0.9953f,0.0958f,0.0164f,-0.0807f,0.0948f,0.994f,-0.0551f,-0.4031f,-0.0216f,-0.0533f,-0.9983f,0.3851f,0f,0f,0f,1f],start_interpolation: 0,interpolation_duration: 1}
$data merge entity $(bone_trigger) {transformation: [-0.9953f,0.0958f,0.0164f,-0.0808f,0.0948f,0.994f,-0.0551f,-0.3971f,-0.0216f,-0.0533f,-0.9983f,0.4155f,0f,0f,0f,1f],start_interpolation: 0,interpolation_duration: 1}
$data merge entity $(bone_trigger_gaurd) {transformation: [-0.9953f,0.0958f,0.0164f,-0.0786f,0.0948f,0.994f,-0.0551f,-0.3666f,-0.0216f,-0.0533f,-0.9983f,0.4463f,0f,0f,0f,1f],start_interpolation: 0,interpolation_duration: 1}
$data merge entity $(bone_right_arm) {transformation: [-0.9953f,0.0164f,-0.0958f,-0.1116f,0.0948f,-0.0551f,-0.994f,-0.4391f,-0.0216f,-0.9983f,0.0533f,0.058f,0f,0f,0f,1f],start_interpolation: 0,interpolation_duration: 1}
$data merge entity $(bone_magazine1) {transformation: [0f,0f,0f,-0.1372f,0f,0f,0f,-0.336f,0f,0f,0f,0.4028f,0f,0f,0f,1f],start_interpolation: 0,interpolation_duration: 1}
$data merge entity $(bone_left_arm) {transformation: [-0.8309f,0.4182f,0.3671f,0.0662f,-0.4091f,-0.0118f,-0.9124f,-0.446f,-0.3772f,-0.9083f,0.1809f,0.074f,0f,0f,0f,1f],start_interpolation: 0,interpolation_duration: 1}
data modify entity @s data merge value {"cameras":{},"locators":{"barrel1":{"px":-0.1008482466312606,"py":-0.3029314511483178,"pz":0.7393121875757667,"ry":0.9423949781999568,"rx":-3.1608142598898468}}}