# This file was generated by Animated Java via MC-Build. It is not recommended to edit this file directly.
$data merge entity $(bone_muzzleflash) {transformation: [0f,0f,0f,-0.2279f,0f,0f,0f,-0.7364f,0f,0f,0f,0.4201f,0f,0f,0f,1f],start_interpolation: 0,interpolation_duration: 1}
$data merge entity $(bone_slide) {transformation: [-0.9953f,0.0952f,0.0154f,-0.0695f,0.0942f,0.9941f,-0.0529f,-0.2615f,-0.0203f,-0.0512f,-0.9985f,0.5746f,0f,0f,0f,1f],start_interpolation: 0,interpolation_duration: 1}
$data merge entity $(bone_barrel) {transformation: [-0.9953f,0.0952f,0.0154f,0.0316f,0.0942f,0.9941f,-0.0529f,-0.3523f,-0.0203f,-0.0512f,-0.9985f,0.581f,0f,0f,0f,1f],start_interpolation: 0,interpolation_duration: 1}
$data merge entity $(bone_magazine) {transformation: [-0.9953f,0.0952f,0.0154f,-0.0792f,0.0942f,0.9941f,-0.0529f,-0.4047f,-0.0203f,-0.0512f,-0.9985f,0.3848f,0f,0f,0f,1f],start_interpolation: 0,interpolation_duration: 1}
$data merge entity $(bone_grip) {transformation: [-0.9953f,0.0952f,0.0154f,-0.0792f,0.0942f,0.9941f,-0.0529f,-0.4047f,-0.0203f,-0.0512f,-0.9985f,0.3848f,0f,0f,0f,1f],start_interpolation: 0,interpolation_duration: 1}
$data merge entity $(bone_trigger) {transformation: [-0.9953f,0.0952f,0.0154f,-0.0793f,0.0942f,0.9941f,-0.0529f,-0.3987f,-0.0203f,-0.0512f,-0.9985f,0.4152f,0f,0f,0f,1f],start_interpolation: 0,interpolation_duration: 1}
$data merge entity $(bone_trigger_gaurd) {transformation: [-0.9953f,0.0952f,0.0154f,-0.077f,0.0942f,0.9941f,-0.0529f,-0.3683f,-0.0203f,-0.0512f,-0.9985f,0.4461f,0f,0f,0f,1f],start_interpolation: 0,interpolation_duration: 1}
$data merge entity $(bone_right_arm) {transformation: [-0.9953f,0.0154f,-0.0952f,-0.1104f,0.0942f,-0.0529f,-0.9941f,-0.4398f,-0.0203f,-0.9985f,0.0512f,0.0577f,0f,0f,0f,1f],start_interpolation: 0,interpolation_duration: 1}
$data merge entity $(bone_magazine1) {transformation: [0f,0f,0f,-0.1357f,0f,0f,0f,-0.3376f,0f,0f,0f,0.4027f,0f,0f,0f,1f],start_interpolation: 0,interpolation_duration: 1}
$data merge entity $(bone_left_arm) {transformation: [-0.831f,0.4172f,0.3679f,0.0674f,-0.4088f,-0.0095f,-0.9126f,-0.4467f,-0.3773f,-0.9088f,0.1784f,0.0734f,0f,0f,0f,1f],start_interpolation: 0,interpolation_duration: 1}
data modify entity @s data merge value {"cameras":{},"locators":{"barrel1":{"px":-0.09901657693518741,"py":-0.3052586761611358,"pz":0.7392563241793122,"ry":0.8823360994540792,"rx":-3.0309370384326733}}}