# This file was generated by Animated Java via MC-Build. It is not recommended to edit this file directly.
$data merge entity $(bone_muzzleflash) {transformation: [0f,0f,0f,-0.2261f,0f,0f,0f,-0.7381f,0f,0f,0f,0.4192f,0f,0f,0f,1f],start_interpolation: 0,interpolation_duration: 1}
$data merge entity $(bone_slide) {transformation: [-0.9954f,0.0945f,0.0143f,-0.0679f,0.0937f,0.9943f,-0.0506f,-0.2635f,-0.019f,-0.049f,-0.9986f,0.5747f,0f,0f,0f,1f],start_interpolation: 0,interpolation_duration: 1}
$data merge entity $(bone_barrel) {transformation: [-0.9954f,0.0945f,0.0143f,0.0333f,0.0937f,0.9943f,-0.0506f,-0.3542f,-0.019f,-0.049f,-0.9986f,0.5807f,0f,0f,0f,1f],start_interpolation: 0,interpolation_duration: 1}
$data merge entity $(bone_magazine) {transformation: [-0.9954f,0.0945f,0.0143f,-0.0777f,0.0937f,0.9943f,-0.0506f,-0.4062f,-0.019f,-0.049f,-0.9986f,0.3845f,0f,0f,0f,1f],start_interpolation: 0,interpolation_duration: 1}
$data merge entity $(bone_grip) {transformation: [-0.9954f,0.0945f,0.0143f,-0.0777f,0.0937f,0.9943f,-0.0506f,-0.4062f,-0.019f,-0.049f,-0.9986f,0.3845f,0f,0f,0f,1f],start_interpolation: 0,interpolation_duration: 1}
$data merge entity $(bone_trigger) {transformation: [-0.9954f,0.0945f,0.0143f,-0.0778f,0.0937f,0.9943f,-0.0506f,-0.4003f,-0.019f,-0.049f,-0.9986f,0.4149f,0f,0f,0f,1f],start_interpolation: 0,interpolation_duration: 1}
$data merge entity $(bone_trigger_gaurd) {transformation: [-0.9954f,0.0945f,0.0143f,-0.0755f,0.0937f,0.9943f,-0.0506f,-0.3699f,-0.019f,-0.049f,-0.9986f,0.4459f,0f,0f,0f,1f],start_interpolation: 0,interpolation_duration: 1}
$data merge entity $(bone_right_arm) {transformation: [-0.9954f,0.0143f,-0.0945f,-0.1092f,0.0937f,-0.0506f,-0.9943f,-0.4406f,-0.019f,-0.9986f,0.049f,0.0573f,0f,0f,0f,1f],start_interpolation: 0,interpolation_duration: 1}
$data merge entity $(bone_magazine1) {transformation: [0f,0f,0f,-0.1342f,0f,0f,0f,-0.3392f,0f,0f,0f,0.4026f,0f,0f,0f,1f],start_interpolation: 0,interpolation_duration: 1}
$data merge entity $(bone_left_arm) {transformation: [-0.8312f,0.4163f,0.3686f,0.0686f,-0.4084f,-0.0071f,-0.9128f,-0.4474f,-0.3773f,-0.9092f,0.1759f,0.0729f,0f,0f,0f,1f],start_interpolation: 0,interpolation_duration: 1}
data modify entity @s data merge value {"cameras":{},"locators":{"barrel1":{"px":-0.09721676955854099,"py":-0.3075999909866958,"pz":0.7391943643552544,"ry":0.8232036253717467,"rx":-2.9003951467965385}}}