# This file was generated by Animated Java via MC-Build. It is not recommended to edit this file directly.
$data merge entity $(bone_muzzleflash) {transformation: [0f,0f,0f,-0.2244f,0f,0f,0f,-0.7398f,0f,0f,0f,0.4183f,0f,0f,0f,1f],start_interpolation: 0,interpolation_duration: 1}
$data merge entity $(bone_slide) {transformation: [-0.9955f,0.0939f,0.0133f,-0.0664f,0.0931f,0.9945f,-0.0483f,-0.2655f,-0.0178f,-0.0469f,-0.9987f,0.5747f,0f,0f,0f,1f],start_interpolation: 0,interpolation_duration: 1}
$data merge entity $(bone_barrel) {transformation: [-0.9955f,0.0939f,0.0133f,0.0349f,0.0931f,0.9945f,-0.0483f,-0.3561f,-0.0178f,-0.0469f,-0.9987f,0.5804f,0f,0f,0f,1f],start_interpolation: 0,interpolation_duration: 1}
$data merge entity $(bone_magazine) {transformation: [-0.9955f,0.0939f,0.0133f,-0.0763f,0.0931f,0.9945f,-0.0483f,-0.4077f,-0.0178f,-0.0469f,-0.9987f,0.3842f,0f,0f,0f,1f],start_interpolation: 0,interpolation_duration: 1}
$data merge entity $(bone_grip) {transformation: [-0.9955f,0.0939f,0.0133f,-0.0763f,0.0931f,0.9945f,-0.0483f,-0.4077f,-0.0178f,-0.0469f,-0.9987f,0.3842f,0f,0f,0f,1f],start_interpolation: 0,interpolation_duration: 1}
$data merge entity $(bone_trigger) {transformation: [-0.9955f,0.0939f,0.0133f,-0.0763f,0.0931f,0.9945f,-0.0483f,-0.4019f,-0.0178f,-0.0469f,-0.9987f,0.4146f,0f,0f,0f,1f],start_interpolation: 0,interpolation_duration: 1}
$data merge entity $(bone_trigger_gaurd) {transformation: [-0.9955f,0.0939f,0.0133f,-0.074f,0.0931f,0.9945f,-0.0483f,-0.3716f,-0.0178f,-0.0469f,-0.9987f,0.4456f,0f,0f,0f,1f],start_interpolation: 0,interpolation_duration: 1}
$data merge entity $(bone_right_arm) {transformation: [-0.9955f,0.0133f,-0.0939f,-0.1081f,0.0931f,-0.0483f,-0.9945f,-0.4415f,-0.0178f,-0.9987f,0.0469f,0.057f,0f,0f,0f,1f],start_interpolation: 0,interpolation_duration: 1}
$data merge entity $(bone_magazine1) {transformation: [0f,0f,0f,-0.1328f,0f,0f,0f,-0.3408f,0f,0f,0f,0.4025f,0f,0f,0f,1f],start_interpolation: 0,interpolation_duration: 1}
$data merge entity $(bone_left_arm) {transformation: [-0.8313f,0.4153f,0.3694f,0.0698f,-0.408f,-0.0048f,-0.913f,-0.4482f,-0.3774f,-0.9097f,0.1735f,0.0723f,0f,0f,0f,1f],start_interpolation: 0,interpolation_duration: 1}
data modify entity @s data merge value {"cameras":{},"locators":{"barrel1":{"px":-0.09545089542826646,"py":-0.30995447666665615,"pz":0.7391262889454979,"ry":0.7650462608208102,"rx":-2.769230111637742}}}