# This file was generated by Animated Java via MC-Build. It is not recommended to edit this file directly.
$data merge entity $(bone_muzzleflash) {transformation: [0f,0f,0f,-0.2202f,0f,0f,0f,-0.7449f,0f,0f,0f,0.4006f,0f,0f,0f,1f],start_interpolation: 0,interpolation_duration: 1}
$data merge entity $(bone_slide) {transformation: [-0.9925f,0.1219f,-0.0014f,-0.0464f,0.1219f,0.9925f,-0.0134f,-0.2811f,-0.0002f,-0.0134f,-0.9999f,0.5712f,0f,0f,0f,1f],start_interpolation: 0,interpolation_duration: 1}
$data merge entity $(bone_barrel) {transformation: [-0.9925f,0.1219f,-0.0014f,0.0523f,0.1219f,0.9925f,-0.0134f,-0.3747f,-0.0002f,-0.0134f,-0.9999f,0.5723f,0f,0f,0f,1f],start_interpolation: 0,interpolation_duration: 1}
$data merge entity $(bone_magazine) {transformation: [-0.9925f,0.1219f,-0.0014f,-0.063f,0.1219f,0.9925f,-0.0134f,-0.4162f,-0.0002f,-0.0134f,-0.9999f,0.3761f,0f,0f,0f,1f],start_interpolation: 0,interpolation_duration: 1}
$data merge entity $(bone_grip) {transformation: [-0.9925f,0.1219f,-0.0014f,-0.063f,0.1219f,0.9925f,-0.0134f,-0.4162f,-0.0002f,-0.0134f,-0.9999f,0.3761f,0f,0f,0f,1f],start_interpolation: 0,interpolation_duration: 1}
$data merge entity $(bone_trigger) {transformation: [-0.9925f,0.1219f,-0.0014f,-0.0624f,0.1219f,0.9925f,-0.0134f,-0.4114f,-0.0002f,-0.0134f,-0.9999f,0.4066f,0f,0f,0f,1f],start_interpolation: 0,interpolation_duration: 1}
$data merge entity $(bone_trigger_gaurd) {transformation: [-0.9925f,0.1219f,-0.0014f,-0.0588f,0.1219f,0.9925f,-0.0134f,-0.3823f,-0.0002f,-0.0134f,-0.9999f,0.4387f,0f,0f,0f,1f],start_interpolation: 0,interpolation_duration: 1}
$data merge entity $(bone_right_arm) {transformation: [-0.9925f,-0.0014f,-0.1219f,-0.1001f,0.1219f,-0.0134f,-0.9925f,-0.4374f,-0.0002f,-0.9999f,0.0134f,0.0483f,0f,0f,0f,1f],start_interpolation: 0,interpolation_duration: 1}
$data merge entity $(bone_magazine1) {transformation: [0f,0f,0f,-0.1173f,0f,0f,0f,-0.3484f,0f,0f,0f,0.3975f,0f,0f,0f,1f],start_interpolation: 0,interpolation_duration: 1}
$data merge entity $(bone_left_arm) {transformation: [-0.8477f,0.4028f,0.3452f,0.0777f,-0.3707f,0.0155f,-0.9286f,-0.4497f,-0.3794f,-0.9151f,0.1362f,0.0609f,0f,0f,0f,1f],start_interpolation: 0,interpolation_duration: 1}
data modify entity @s data merge value {"cameras":{},"locators":{"barrel1":{"px":-0.07456593437512869,"py":-0.3304914353529792,"pz":0.7344184010348975,"ry":359.91994969624636,"rx":-0.7654932426893144}}}