# This file was generated by Animated Java via MC-Build. It is not recommended to edit this file directly.
$data merge entity $(bone_muzzleflash) {transformation: [0f,0f,0f,-0.2228f,0f,0f,0f,-0.7415f,0f,0f,0f,0.4173f,0f,0f,0f,1f],start_interpolation: 0,interpolation_duration: 1}
$data merge entity $(bone_slide) {transformation: [-0.9956f,0.0933f,0.0123f,-0.0648f,0.0926f,0.9946f,-0.046f,-0.2674f,-0.0166f,-0.0447f,-0.9989f,0.5747f,0f,0f,0f,1f],start_interpolation: 0,interpolation_duration: 1}
$data merge entity $(bone_barrel) {transformation: [-0.9956f,0.0933f,0.0123f,0.0365f,0.0926f,0.9946f,-0.046f,-0.3581f,-0.0166f,-0.0447f,-0.9989f,0.5801f,0f,0f,0f,1f],start_interpolation: 0,interpolation_duration: 1}
$data merge entity $(bone_magazine) {transformation: [-0.9956f,0.0933f,0.0123f,-0.0749f,0.0926f,0.9946f,-0.046f,-0.4093f,-0.0166f,-0.0447f,-0.9989f,0.3839f,0f,0f,0f,1f],start_interpolation: 0,interpolation_duration: 1}
$data merge entity $(bone_grip) {transformation: [-0.9956f,0.0933f,0.0123f,-0.0749f,0.0926f,0.9946f,-0.046f,-0.4093f,-0.0166f,-0.0447f,-0.9989f,0.3839f,0f,0f,0f,1f],start_interpolation: 0,interpolation_duration: 1}
$data merge entity $(bone_trigger) {transformation: [-0.9956f,0.0933f,0.0123f,-0.0748f,0.0926f,0.9946f,-0.046f,-0.4035f,-0.0166f,-0.0447f,-0.9989f,0.4143f,0f,0f,0f,1f],start_interpolation: 0,interpolation_duration: 1}
$data merge entity $(bone_trigger_gaurd) {transformation: [-0.9956f,0.0933f,0.0123f,-0.0725f,0.0926f,0.9946f,-0.046f,-0.3733f,-0.0166f,-0.0447f,-0.9989f,0.4454f,0f,0f,0f,1f],start_interpolation: 0,interpolation_duration: 1}
$data merge entity $(bone_right_arm) {transformation: [-0.9956f,0.0123f,-0.0933f,-0.107f,0.0926f,-0.046f,-0.9946f,-0.4423f,-0.0166f,-0.9989f,0.0447f,0.0566f,0f,0f,0f,1f],start_interpolation: 0,interpolation_duration: 1}
$data merge entity $(bone_magazine1) {transformation: [0f,0f,0f,-0.1314f,0f,0f,0f,-0.3425f,0f,0f,0f,0.4024f,0f,0f,0f,1f],start_interpolation: 0,interpolation_duration: 1}
$data merge entity $(bone_left_arm) {transformation: [-0.8315f,0.4144f,0.37f,0.0709f,-0.4076f,-0.0025f,-0.9131f,-0.4489f,-0.3775f,-0.9101f,0.171f,0.0717f,0f,0f,0f,1f],start_interpolation: 0,interpolation_duration: 1}
data modify entity @s data merge value {"cameras":{},"locators":{"barrel1":{"px":-0.09372103720244088,"py":-0.3123212196146909,"pz":0.7390520852693767,"ry":0.707913701918983,"rx":-2.6374830567904435}}}