# This file was generated by Animated Java via MC-Build. It is not recommended to edit this file directly.
$data merge entity $(bone_muzzleflash) {transformation: [0f,0f,0f,-0.2212f,0f,0f,0f,-0.7432f,0f,0f,0f,0.4164f,0f,0f,0f,1f],start_interpolation: 0,interpolation_duration: 1}
$data merge entity $(bone_slide) {transformation: [-0.9956f,0.0927f,0.0114f,-0.0633f,0.0921f,0.9948f,-0.0437f,-0.2694f,-0.0154f,-0.0425f,-0.999f,0.5747f,0f,0f,0f,1f],start_interpolation: 0,interpolation_duration: 1}
$data merge entity $(bone_barrel) {transformation: [-0.9956f,0.0927f,0.0114f,0.0381f,0.0921f,0.9948f,-0.0437f,-0.36f,-0.0154f,-0.0425f,-0.999f,0.5798f,0f,0f,0f,1f],start_interpolation: 0,interpolation_duration: 1}
$data merge entity $(bone_magazine) {transformation: [-0.9956f,0.0927f,0.0114f,-0.0735f,0.0921f,0.9948f,-0.0437f,-0.4108f,-0.0154f,-0.0425f,-0.999f,0.3836f,0f,0f,0f,1f],start_interpolation: 0,interpolation_duration: 1}
$data merge entity $(bone_grip) {transformation: [-0.9956f,0.0927f,0.0114f,-0.0735f,0.0921f,0.9948f,-0.0437f,-0.4108f,-0.0154f,-0.0425f,-0.999f,0.3836f,0f,0f,0f,1f],start_interpolation: 0,interpolation_duration: 1}
$data merge entity $(bone_trigger) {transformation: [-0.9956f,0.0927f,0.0114f,-0.0734f,0.0921f,0.9948f,-0.0437f,-0.4051f,-0.0154f,-0.0425f,-0.999f,0.414f,0f,0f,0f,1f],start_interpolation: 0,interpolation_duration: 1}
$data merge entity $(bone_trigger_gaurd) {transformation: [-0.9956f,0.0927f,0.0114f,-0.0711f,0.0921f,0.9948f,-0.0437f,-0.375f,-0.0154f,-0.0425f,-0.999f,0.4452f,0f,0f,0f,1f],start_interpolation: 0,interpolation_duration: 1}
$data merge entity $(bone_right_arm) {transformation: [-0.9956f,0.0114f,-0.0927f,-0.1059f,0.0921f,-0.0437f,-0.9948f,-0.4431f,-0.0154f,-0.999f,0.0425f,0.0562f,0f,0f,0f,1f],start_interpolation: 0,interpolation_duration: 1}
$data merge entity $(bone_magazine1) {transformation: [0f,0f,0f,-0.13f,0f,0f,0f,-0.3441f,0f,0f,0f,0.4023f,0f,0f,0f,1f],start_interpolation: 0,interpolation_duration: 1}
$data merge entity $(bone_left_arm) {transformation: [-0.8316f,0.4135f,0.3707f,0.072f,-0.4072f,-0.0002f,-0.9133f,-0.4497f,-0.3776f,-0.9105f,0.1685f,0.0712f,0f,0f,0f,1f],start_interpolation: 0,interpolation_duration: 1}
data modify entity @s data merge value {"cameras":{},"locators":{"barrel1":{"px":-0.09202928922205161,"py":-0.3146993113270452,"pz":0.7389717470575035,"ry":0.6518566389775913,"rx":-2.50519472680707}}}