# This file was generated by Animated Java via MC-Build. It is not recommended to edit this file directly.
$data merge entity $(bone_muzzleflash) {transformation: [0f,0f,0f,-0.2196f,0f,0f,0f,-0.7449f,0f,0f,0f,0.4154f,0f,0f,0f,1f],start_interpolation: 0,interpolation_duration: 1}
$data merge entity $(bone_slide) {transformation: [-0.9957f,0.0921f,0.0104f,-0.0619f,0.0916f,0.9949f,-0.0414f,-0.2714f,-0.0142f,-0.0403f,-0.9991f,0.5746f,0f,0f,0f,1f],start_interpolation: 0,interpolation_duration: 1}
$data merge entity $(bone_barrel) {transformation: [-0.9957f,0.0921f,0.0104f,0.0396f,0.0916f,0.9949f,-0.0414f,-0.362f,-0.0142f,-0.0403f,-0.9991f,0.5795f,0f,0f,0f,1f],start_interpolation: 0,interpolation_duration: 1}
$data merge entity $(bone_magazine) {transformation: [-0.9957f,0.0921f,0.0104f,-0.0721f,0.0916f,0.9949f,-0.0414f,-0.4124f,-0.0142f,-0.0403f,-0.9991f,0.3832f,0f,0f,0f,1f],start_interpolation: 0,interpolation_duration: 1}
$data merge entity $(bone_grip) {transformation: [-0.9957f,0.0921f,0.0104f,-0.0721f,0.0916f,0.9949f,-0.0414f,-0.4124f,-0.0142f,-0.0403f,-0.9991f,0.3832f,0f,0f,0f,1f],start_interpolation: 0,interpolation_duration: 1}
$data merge entity $(bone_trigger) {transformation: [-0.9957f,0.0921f,0.0104f,-0.072f,0.0916f,0.9949f,-0.0414f,-0.4067f,-0.0142f,-0.0403f,-0.9991f,0.4137f,0f,0f,0f,1f],start_interpolation: 0,interpolation_duration: 1}
$data merge entity $(bone_trigger_gaurd) {transformation: [-0.9957f,0.0921f,0.0104f,-0.0697f,0.0916f,0.9949f,-0.0414f,-0.3767f,-0.0142f,-0.0403f,-0.9991f,0.4449f,0f,0f,0f,1f],start_interpolation: 0,interpolation_duration: 1}
$data merge entity $(bone_right_arm) {transformation: [-0.9957f,0.0104f,-0.0921f,-0.1049f,0.0916f,-0.0414f,-0.9949f,-0.4439f,-0.0142f,-0.9991f,0.0403f,0.0559f,0f,0f,0f,1f],start_interpolation: 0,interpolation_duration: 1}
$data merge entity $(bone_magazine1) {transformation: [0f,0f,0f,-0.1287f,0f,0f,0f,-0.3457f,0f,0f,0f,0.4022f,0f,0f,0f,1f],start_interpolation: 0,interpolation_duration: 1}
$data merge entity $(bone_left_arm) {transformation: [-0.8318f,0.4126f,0.3714f,0.0731f,-0.4068f,0.0021f,-0.9135f,-0.4504f,-0.3777f,-0.9109f,0.166f,0.0706f,0f,0f,0f,1f],start_interpolation: 0,interpolation_duration: 1}
data modify entity @s data merge value {"cameras":{},"locators":{"barrel1":{"px":-0.09037775744649777,"py":-0.31708784806958934,"pz":0.73888527437569,"ry":0.59692675819133,"rx":-2.372405512217049}}}