# This file was generated by Animated Java via MC-Build. It is not recommended to edit this file directly.
$data merge entity $(bone_muzzleflash) {transformation: [0f,0f,0f,-0.2181f,0f,0f,0f,-0.7467f,0f,0f,0f,0.4145f,0f,0f,0f,1f],start_interpolation: 0,interpolation_duration: 1}
$data merge entity $(bone_slide) {transformation: [-0.9958f,0.0916f,0.0095f,-0.0604f,0.0912f,0.9951f,-0.0391f,-0.2734f,-0.013f,-0.038f,-0.9992f,0.5746f,0f,0f,0f,1f],start_interpolation: 0,interpolation_duration: 1}
$data merge entity $(bone_barrel) {transformation: [-0.9958f,0.0916f,0.0095f,0.0411f,0.0912f,0.9951f,-0.0391f,-0.3639f,-0.013f,-0.038f,-0.9992f,0.5791f,0f,0f,0f,1f],start_interpolation: 0,interpolation_duration: 1}
$data merge entity $(bone_magazine) {transformation: [-0.9958f,0.0916f,0.0095f,-0.0708f,0.0912f,0.9951f,-0.0391f,-0.4139f,-0.013f,-0.038f,-0.9992f,0.3829f,0f,0f,0f,1f],start_interpolation: 0,interpolation_duration: 1}
$data merge entity $(bone_grip) {transformation: [-0.9958f,0.0916f,0.0095f,-0.0708f,0.0912f,0.9951f,-0.0391f,-0.4139f,-0.013f,-0.038f,-0.9992f,0.3829f,0f,0f,0f,1f],start_interpolation: 0,interpolation_duration: 1}
$data merge entity $(bone_trigger) {transformation: [-0.9958f,0.0916f,0.0095f,-0.0707f,0.0912f,0.9951f,-0.0391f,-0.4084f,-0.013f,-0.038f,-0.9992f,0.4133f,0f,0f,0f,1f],start_interpolation: 0,interpolation_duration: 1}
$data merge entity $(bone_trigger_gaurd) {transformation: [-0.9958f,0.0916f,0.0095f,-0.0684f,0.0912f,0.9951f,-0.0391f,-0.3784f,-0.013f,-0.038f,-0.9992f,0.4447f,0f,0f,0f,1f],start_interpolation: 0,interpolation_duration: 1}
$data merge entity $(bone_right_arm) {transformation: [-0.9958f,0.0095f,-0.0916f,-0.1039f,0.0912f,-0.0391f,-0.9951f,-0.4447f,-0.013f,-0.9992f,0.038f,0.0555f,0f,0f,0f,1f],start_interpolation: 0,interpolation_duration: 1}
$data merge entity $(bone_magazine1) {transformation: [0f,0f,0f,-0.1274f,0f,0f,0f,-0.3473f,0f,0f,0f,0.4021f,0f,0f,0f,1f],start_interpolation: 0,interpolation_duration: 1}
$data merge entity $(bone_left_arm) {transformation: [-0.8319f,0.4117f,0.372f,0.0741f,-0.4063f,0.0045f,-0.9137f,-0.4512f,-0.3778f,-0.9113f,0.1636f,0.0701f,0f,0f,0f,1f],start_interpolation: 0,interpolation_duration: 1}
data modify entity @s data merge value {"cameras":{},"locators":{"barrel1":{"px":-0.08876855937315889,"py":-0.31948593054100083,"pz":0.7387926735389607,"ry":0.5431767420881783,"rx":-2.239155476534299}}}