# This file was generated by Animated Java via MC-Build. It is not recommended to edit this file directly.
$data merge entity $(bone_muzzleflash) {transformation: [0f,0f,0f,-0.2167f,0f,0f,0f,-0.7484f,0f,0f,0f,0.4135f,0f,0f,0f,1f],start_interpolation: 0,interpolation_duration: 1}
$data merge entity $(bone_slide) {transformation: [-0.9958f,0.0911f,0.0086f,-0.059f,0.0907f,0.9952f,-0.0367f,-0.2754f,-0.0119f,-0.0358f,-0.9993f,0.5746f,0f,0f,0f,1f],start_interpolation: 0,interpolation_duration: 1}
$data merge entity $(bone_barrel) {transformation: [-0.9958f,0.0911f,0.0086f,0.0425f,0.0907f,0.9952f,-0.0367f,-0.3659f,-0.0119f,-0.0358f,-0.9993f,0.5788f,0f,0f,0f,1f],start_interpolation: 0,interpolation_duration: 1}
$data merge entity $(bone_magazine) {transformation: [-0.9958f,0.0911f,0.0086f,-0.0695f,0.0907f,0.9952f,-0.0367f,-0.4155f,-0.0119f,-0.0358f,-0.9993f,0.3826f,0f,0f,0f,1f],start_interpolation: 0,interpolation_duration: 1}
$data merge entity $(bone_grip) {transformation: [-0.9958f,0.0911f,0.0086f,-0.0695f,0.0907f,0.9952f,-0.0367f,-0.4155f,-0.0119f,-0.0358f,-0.9993f,0.3826f,0f,0f,0f,1f],start_interpolation: 0,interpolation_duration: 1}
$data merge entity $(bone_trigger) {transformation: [-0.9958f,0.0911f,0.0086f,-0.0694f,0.0907f,0.9952f,-0.0367f,-0.41f,-0.0119f,-0.0358f,-0.9993f,0.413f,0f,0f,0f,1f],start_interpolation: 0,interpolation_duration: 1}
$data merge entity $(bone_trigger_gaurd) {transformation: [-0.9958f,0.0911f,0.0086f,-0.067f,0.0907f,0.9952f,-0.0367f,-0.3801f,-0.0119f,-0.0358f,-0.9993f,0.4444f,0f,0f,0f,1f],start_interpolation: 0,interpolation_duration: 1}
$data merge entity $(bone_right_arm) {transformation: [-0.9958f,0.0086f,-0.0911f,-0.1029f,0.0907f,-0.0367f,-0.9952f,-0.4455f,-0.0119f,-0.9993f,0.0358f,0.0551f,0f,0f,0f,1f],start_interpolation: 0,interpolation_duration: 1}
$data merge entity $(bone_magazine1) {transformation: [0f,0f,0f,-0.1261f,0f,0f,0f,-0.349f,0f,0f,0f,0.4019f,0f,0f,0f,1f],start_interpolation: 0,interpolation_duration: 1}
$data merge entity $(bone_left_arm) {transformation: [-0.8321f,0.4108f,0.3726f,0.0751f,-0.4058f,0.0068f,-0.9139f,-0.452f,-0.378f,-0.9117f,0.1611f,0.0695f,0f,0f,0f,1f],start_interpolation: 0,interpolation_duration: 1}
data modify entity @s data merge value {"cameras":{},"locators":{"barrel1":{"px":-0.08720382394135304,"py":-0.3218926635117139,"pz":0.738693957015699,"ry":0.4906602687513555,"rx":-2.105484385043404}}}