# This file was generated by Animated Java via MC-Build. It is not recommended to edit this file directly.
$data merge entity $(bone_muzzleflash) {transformation: [0f,0f,0f,-0.2152f,0f,0f,0f,-0.7501f,0f,0f,0f,0.4125f,0f,0f,0f,1f],start_interpolation: 0,interpolation_duration: 1}
$data merge entity $(bone_slide) {transformation: [-0.9959f,0.0906f,0.0077f,-0.0577f,0.0903f,0.9953f,-0.0344f,-0.2774f,-0.0107f,-0.0336f,-0.9994f,0.5746f,0f,0f,0f,1f],start_interpolation: 0,interpolation_duration: 1}
$data merge entity $(bone_barrel) {transformation: [-0.9959f,0.0906f,0.0077f,0.0439f,0.0903f,0.9953f,-0.0344f,-0.3679f,-0.0107f,-0.0336f,-0.9994f,0.5785f,0f,0f,0f,1f],start_interpolation: 0,interpolation_duration: 1}
$data merge entity $(bone_magazine) {transformation: [-0.9959f,0.0906f,0.0077f,-0.0683f,0.0903f,0.9953f,-0.0344f,-0.4171f,-0.0107f,-0.0336f,-0.9994f,0.3822f,0f,0f,0f,1f],start_interpolation: 0,interpolation_duration: 1}
$data merge entity $(bone_grip) {transformation: [-0.9959f,0.0906f,0.0077f,-0.0683f,0.0903f,0.9953f,-0.0344f,-0.4171f,-0.0107f,-0.0336f,-0.9994f,0.3822f,0f,0f,0f,1f],start_interpolation: 0,interpolation_duration: 1}
$data merge entity $(bone_trigger) {transformation: [-0.9959f,0.0906f,0.0077f,-0.0681f,0.0903f,0.9953f,-0.0344f,-0.4117f,-0.0107f,-0.0336f,-0.9994f,0.4127f,0f,0f,0f,1f],start_interpolation: 0,interpolation_duration: 1}
$data merge entity $(bone_trigger_gaurd) {transformation: [-0.9959f,0.0906f,0.0077f,-0.0658f,0.0903f,0.9953f,-0.0344f,-0.3818f,-0.0107f,-0.0336f,-0.9994f,0.4441f,0f,0f,0f,1f],start_interpolation: 0,interpolation_duration: 1}
$data merge entity $(bone_right_arm) {transformation: [-0.9959f,0.0077f,-0.0906f,-0.1019f,0.0903f,-0.0344f,-0.9953f,-0.4464f,-0.0107f,-0.9994f,0.0336f,0.0547f,0f,0f,0f,1f],start_interpolation: 0,interpolation_duration: 1}
$data merge entity $(bone_magazine1) {transformation: [0f,0f,0f,-0.1249f,0f,0f,0f,-0.3506f,0f,0f,0f,0.4018f,0f,0f,0f,1f],start_interpolation: 0,interpolation_duration: 1}
$data merge entity $(bone_left_arm) {transformation: [-0.8323f,0.41f,0.3731f,0.0761f,-0.4053f,0.0091f,-0.9141f,-0.4527f,-0.3782f,-0.912f,0.1586f,0.069f,0f,0f,0f,1f],start_interpolation: 0,interpolation_duration: 1}
data modify entity @s data merge value {"cameras":{},"locators":{"barrel1":{"px":-0.0856856914209826,"py":-0.3243071554382833,"pz":0.7385891433219538,"ry":0.43943200982405983,"rx":-1.971431735394233}}}