# This file was generated by Animated Java via MC-Build. It is not recommended to edit this file directly.
$data merge entity $(bone_muzzleflash) {transformation: [0f,0f,0f,-0.2139f,0f,0f,0f,-0.7518f,0f,0f,0f,0.4115f,0f,0f,0f,1f],start_interpolation: 0,interpolation_duration: 1}
$data merge entity $(bone_slide) {transformation: [-0.9959f,0.0902f,0.0068f,-0.0564f,0.0899f,0.9954f,-0.0321f,-0.2795f,-0.0097f,-0.0313f,-0.9995f,0.5746f,0f,0f,0f,1f],start_interpolation: 0,interpolation_duration: 1}
$data merge entity $(bone_barrel) {transformation: [-0.9959f,0.0902f,0.0068f,0.0452f,0.0899f,0.9954f,-0.0321f,-0.3699f,-0.0097f,-0.0313f,-0.9995f,0.5782f,0f,0f,0f,1f],start_interpolation: 0,interpolation_duration: 1}
$data merge entity $(bone_magazine) {transformation: [-0.9959f,0.0902f,0.0068f,-0.0671f,0.0899f,0.9954f,-0.0321f,-0.4187f,-0.0097f,-0.0313f,-0.9995f,0.3819f,0f,0f,0f,1f],start_interpolation: 0,interpolation_duration: 1}
$data merge entity $(bone_grip) {transformation: [-0.9959f,0.0902f,0.0068f,-0.0671f,0.0899f,0.9954f,-0.0321f,-0.4187f,-0.0097f,-0.0313f,-0.9995f,0.3819f,0f,0f,0f,1f],start_interpolation: 0,interpolation_duration: 1}
$data merge entity $(bone_trigger) {transformation: [-0.9959f,0.0902f,0.0068f,-0.0669f,0.0899f,0.9954f,-0.0321f,-0.4133f,-0.0097f,-0.0313f,-0.9995f,0.4124f,0f,0f,0f,1f],start_interpolation: 0,interpolation_duration: 1}
$data merge entity $(bone_trigger_gaurd) {transformation: [-0.9959f,0.0902f,0.0068f,-0.0645f,0.0899f,0.9954f,-0.0321f,-0.3835f,-0.0097f,-0.0313f,-0.9995f,0.4439f,0f,0f,0f,1f],start_interpolation: 0,interpolation_duration: 1}
$data merge entity $(bone_right_arm) {transformation: [-0.9959f,0.0068f,-0.0902f,-0.101f,0.0899f,-0.0321f,-0.9954f,-0.4472f,-0.0097f,-0.9995f,0.0313f,0.0544f,0f,0f,0f,1f],start_interpolation: 0,interpolation_duration: 1}
$data merge entity $(bone_magazine1) {transformation: [0f,0f,0f,-0.1237f,0f,0f,0f,-0.3523f,0f,0f,0f,0.4017f,0f,0f,0f,1f],start_interpolation: 0,interpolation_duration: 1}
$data merge entity $(bone_left_arm) {transformation: [-0.8324f,0.4092f,0.3736f,0.077f,-0.4048f,0.0114f,-0.9143f,-0.4535f,-0.3784f,-0.9124f,0.1562f,0.0684f,0f,0f,0f,1f],start_interpolation: 0,interpolation_duration: 1}
data modify entity @s data merge value {"cameras":{},"locators":{"barrel1":{"px":-0.0842163132861413,"py":-0.32672851805282643,"pz":0.7384782569059509,"ry":0.389547627305177,"rx":-1.837036790034112}}}