# This file was generated by Animated Java via MC-Build. It is not recommended to edit this file directly.
$data merge entity $(bone_muzzleflash) {transformation: [0f,0f,0f,-0.2126f,0f,0f,0f,-0.7535f,0f,0f,0f,0.4105f,0f,0f,0f,1f],start_interpolation: 0,interpolation_duration: 1}
$data merge entity $(bone_slide) {transformation: [-0.9959f,0.0897f,0.006f,-0.0551f,0.0895f,0.9955f,-0.0297f,-0.2815f,-0.0086f,-0.0291f,-0.9995f,0.5745f,0f,0f,0f,1f],start_interpolation: 0,interpolation_duration: 1}
$data merge entity $(bone_barrel) {transformation: [-0.9959f,0.0897f,0.006f,0.0465f,0.0895f,0.9955f,-0.0297f,-0.3719f,-0.0086f,-0.0291f,-0.9995f,0.5778f,0f,0f,0f,1f],start_interpolation: 0,interpolation_duration: 1}
$data merge entity $(bone_magazine) {transformation: [-0.9959f,0.0897f,0.006f,-0.0659f,0.0895f,0.9955f,-0.0297f,-0.4202f,-0.0086f,-0.0291f,-0.9995f,0.3815f,0f,0f,0f,1f],start_interpolation: 0,interpolation_duration: 1}
$data merge entity $(bone_grip) {transformation: [-0.9959f,0.0897f,0.006f,-0.0659f,0.0895f,0.9955f,-0.0297f,-0.4202f,-0.0086f,-0.0291f,-0.9995f,0.3815f,0f,0f,0f,1f],start_interpolation: 0,interpolation_duration: 1}
$data merge entity $(bone_trigger) {transformation: [-0.9959f,0.0897f,0.006f,-0.0657f,0.0895f,0.9955f,-0.0297f,-0.415f,-0.0086f,-0.0291f,-0.9995f,0.412f,0f,0f,0f,1f],start_interpolation: 0,interpolation_duration: 1}
$data merge entity $(bone_trigger_gaurd) {transformation: [-0.9959f,0.0897f,0.006f,-0.0633f,0.0895f,0.9955f,-0.0297f,-0.3853f,-0.0086f,-0.0291f,-0.9995f,0.4436f,0f,0f,0f,1f],start_interpolation: 0,interpolation_duration: 1}
$data merge entity $(bone_right_arm) {transformation: [-0.9959f,0.006f,-0.0897f,-0.1001f,0.0895f,-0.0297f,-0.9955f,-0.448f,-0.0086f,-0.9995f,0.0291f,0.054f,0f,0f,0f,1f],start_interpolation: 0,interpolation_duration: 1}
$data merge entity $(bone_magazine1) {transformation: [0f,0f,0f,-0.1226f,0f,0f,0f,-0.3539f,0f,0f,0f,0.4015f,0f,0f,0f,1f],start_interpolation: 0,interpolation_duration: 1}
$data merge entity $(bone_left_arm) {transformation: [-0.8326f,0.4084f,0.3741f,0.0779f,-0.4042f,0.0137f,-0.9146f,-0.4543f,-0.3786f,-0.9127f,0.1537f,0.0679f,0f,0f,0f,1f],start_interpolation: 0,interpolation_duration: 1}
data modify entity @s data merge value {"cameras":{},"locators":{"barrel1":{"px":-0.082797852073927,"py":-0.3291558659272132,"pz":0.7383613280228414,"ry":0.34106376914161274,"rx":-1.7023386105063687}}}