# This file was generated by Animated Java via MC-Build. It is not recommended to edit this file directly.
$data merge entity $(bone_muzzleflash) {transformation: [0f,0f,0f,-0.2113f,0f,0f,0f,-0.7552f,0f,0f,0f,0.4095f,0f,0f,0f,1f],start_interpolation: 0,interpolation_duration: 1}
$data merge entity $(bone_slide) {transformation: [-0.996f,0.0893f,0.0051f,-0.0539f,0.0892f,0.9956f,-0.0274f,-0.2835f,-0.0076f,-0.0268f,-0.9996f,0.5745f,0f,0f,0f,1f],start_interpolation: 0,interpolation_duration: 1}
$data merge entity $(bone_barrel) {transformation: [-0.996f,0.0893f,0.0051f,0.0478f,0.0892f,0.9956f,-0.0274f,-0.3739f,-0.0076f,-0.0268f,-0.9996f,0.5775f,0f,0f,0f,1f],start_interpolation: 0,interpolation_duration: 1}
$data merge entity $(bone_magazine) {transformation: [-0.996f,0.0893f,0.0051f,-0.0648f,0.0892f,0.9956f,-0.0274f,-0.4218f,-0.0076f,-0.0268f,-0.9996f,0.3812f,0f,0f,0f,1f],start_interpolation: 0,interpolation_duration: 1}
$data merge entity $(bone_grip) {transformation: [-0.996f,0.0893f,0.0051f,-0.0648f,0.0892f,0.9956f,-0.0274f,-0.4218f,-0.0076f,-0.0268f,-0.9996f,0.3812f,0f,0f,0f,1f],start_interpolation: 0,interpolation_duration: 1}
$data merge entity $(bone_trigger) {transformation: [-0.996f,0.0893f,0.0051f,-0.0646f,0.0892f,0.9956f,-0.0274f,-0.4166f,-0.0076f,-0.0268f,-0.9996f,0.4117f,0f,0f,0f,1f],start_interpolation: 0,interpolation_duration: 1}
$data merge entity $(bone_trigger_gaurd) {transformation: [-0.996f,0.0893f,0.0051f,-0.0622f,0.0892f,0.9956f,-0.0274f,-0.387f,-0.0076f,-0.0268f,-0.9996f,0.4433f,0f,0f,0f,1f],start_interpolation: 0,interpolation_duration: 1}
$data merge entity $(bone_right_arm) {transformation: [-0.996f,0.0051f,-0.0893f,-0.0993f,0.0892f,-0.0274f,-0.9956f,-0.4488f,-0.0076f,-0.9996f,0.0268f,0.0536f,0f,0f,0f,1f],start_interpolation: 0,interpolation_duration: 1}
$data merge entity $(bone_magazine1) {transformation: [0f,0f,0f,-0.1215f,0f,0f,0f,-0.3556f,0f,0f,0f,0.4014f,0f,0f,0f,1f],start_interpolation: 0,interpolation_duration: 1}
$data merge entity $(bone_left_arm) {transformation: [-0.8328f,0.4077f,0.3746f,0.0787f,-0.4037f,0.016f,-0.9148f,-0.4551f,-0.3789f,-0.913f,0.1512f,0.0673f,0f,0f,0f,1f],start_interpolation: 0,interpolation_duration: 1}
data modify entity @s data merge value {"cameras":{},"locators":{"barrel1":{"px":-0.08143248122867747,"py":-0.3315883160116916,"pz":0.7382383925997353,"ry":0.2940380636214286,"rx":-1.5673760936433807}}}