# This file was generated by Animated Java via MC-Build. It is not recommended to edit this file directly.
$data merge entity $(bone_muzzleflash) {transformation: [0f,0f,0f,-0.2101f,0f,0f,0f,-0.7569f,0f,0f,0f,0.4085f,0f,0f,0f,1f],start_interpolation: 0,interpolation_duration: 1}
$data merge entity $(bone_slide) {transformation: [-0.996f,0.089f,0.0043f,-0.0528f,0.0889f,0.9957f,-0.025f,-0.2856f,-0.0065f,-0.0245f,-0.9997f,0.5745f,0f,0f,0f,1f],start_interpolation: 0,interpolation_duration: 1}
$data merge entity $(bone_barrel) {transformation: [-0.996f,0.089f,0.0043f,0.049f,0.0889f,0.9957f,-0.025f,-0.3759f,-0.0065f,-0.0245f,-0.9997f,0.5772f,0f,0f,0f,1f],start_interpolation: 0,interpolation_duration: 1}
$data merge entity $(bone_magazine) {transformation: [-0.996f,0.089f,0.0043f,-0.0638f,0.0889f,0.9957f,-0.025f,-0.4234f,-0.0065f,-0.0245f,-0.9997f,0.3808f,0f,0f,0f,1f],start_interpolation: 0,interpolation_duration: 1}
$data merge entity $(bone_grip) {transformation: [-0.996f,0.089f,0.0043f,-0.0638f,0.0889f,0.9957f,-0.025f,-0.4234f,-0.0065f,-0.0245f,-0.9997f,0.3808f,0f,0f,0f,1f],start_interpolation: 0,interpolation_duration: 1}
$data merge entity $(bone_trigger) {transformation: [-0.996f,0.089f,0.0043f,-0.0635f,0.0889f,0.9957f,-0.025f,-0.4183f,-0.0065f,-0.0245f,-0.9997f,0.4113f,0f,0f,0f,1f],start_interpolation: 0,interpolation_duration: 1}
$data merge entity $(bone_trigger_gaurd) {transformation: [-0.996f,0.089f,0.0043f,-0.0611f,0.0889f,0.9957f,-0.025f,-0.3887f,-0.0065f,-0.0245f,-0.9997f,0.4431f,0f,0f,0f,1f],start_interpolation: 0,interpolation_duration: 1}
$data merge entity $(bone_right_arm) {transformation: [-0.996f,0.0043f,-0.089f,-0.0985f,0.0889f,-0.025f,-0.9957f,-0.4497f,-0.0065f,-0.9997f,0.0245f,0.0532f,0f,0f,0f,1f],start_interpolation: 0,interpolation_duration: 1}
$data merge entity $(bone_magazine1) {transformation: [0f,0f,0f,-0.1205f,0f,0f,0f,-0.3572f,0f,0f,0f,0.4012f,0f,0f,0f,1f],start_interpolation: 0,interpolation_duration: 1}
$data merge entity $(bone_left_arm) {transformation: [-0.8329f,0.4069f,0.375f,0.0796f,-0.403f,0.0183f,-0.915f,-0.4559f,-0.3792f,-0.9133f,0.1488f,0.0668f,0f,0f,0f,1f],start_interpolation: 0,interpolation_duration: 1}
data modify entity @s data merge value {"cameras":{},"locators":{"barrel1":{"px":-0.08012238493181181,"py":-0.3340249871476487,"pz":0.7381094920910614,"ry":0.24852911256820676,"rx":-1.4321880096815534}}}