# This file was generated by Animated Java via MC-Build. It is not recommended to edit this file directly.
$data merge entity $(bone_muzzleflash) {transformation: [0f,0f,0f,-0.2207f,0f,0f,0f,-0.7451f,0f,0f,0f,0.4007f,0f,0f,0f,1f],start_interpolation: 0,interpolation_duration: 1}
$data merge entity $(bone_slide) {transformation: [-0.9924f,0.1229f,-0.0014f,-0.0465f,0.123f,0.9923f,-0.0126f,-0.2815f,-0.0002f,-0.0127f,-0.9999f,0.5716f,0f,0f,0f,1f],start_interpolation: 0,interpolation_duration: 1}
$data merge entity $(bone_barrel) {transformation: [-0.9924f,0.1229f,-0.0014f,0.0521f,0.123f,0.9923f,-0.0126f,-0.3753f,-0.0002f,-0.0127f,-0.9999f,0.5727f,0f,0f,0f,1f],start_interpolation: 0,interpolation_duration: 1}
$data merge entity $(bone_magazine) {transformation: [-0.9924f,0.1229f,-0.0014f,-0.0631f,0.123f,0.9923f,-0.0126f,-0.4165f,-0.0002f,-0.0127f,-0.9999f,0.3764f,0f,0f,0f,1f],start_interpolation: 0,interpolation_duration: 1}
$data merge entity $(bone_grip) {transformation: [-0.9924f,0.1229f,-0.0014f,-0.0631f,0.123f,0.9923f,-0.0126f,-0.4165f,-0.0002f,-0.0127f,-0.9999f,0.3764f,0f,0f,0f,1f],start_interpolation: 0,interpolation_duration: 1}
$data merge entity $(bone_trigger) {transformation: [-0.9924f,0.1229f,-0.0014f,-0.0626f,0.123f,0.9923f,-0.0126f,-0.4118f,-0.0002f,-0.0127f,-0.9999f,0.4069f,0f,0f,0f,1f],start_interpolation: 0,interpolation_duration: 1}
$data merge entity $(bone_trigger_gaurd) {transformation: [-0.9924f,0.1229f,-0.0014f,-0.059f,0.123f,0.9923f,-0.0126f,-0.3827f,-0.0002f,-0.0127f,-0.9999f,0.439f,0f,0f,0f,1f],start_interpolation: 0,interpolation_duration: 1}
$data merge entity $(bone_right_arm) {transformation: [-0.9924f,-0.0014f,-0.1229f,-0.1003f,0.123f,-0.0126f,-0.9923f,-0.4375f,-0.0002f,-0.9999f,0.0127f,0.0486f,0f,0f,0f,1f],start_interpolation: 0,interpolation_duration: 1}
$data merge entity $(bone_magazine1) {transformation: [0f,0f,0f,-0.1174f,0f,0f,0f,-0.3487f,0f,0f,0f,0.3979f,0f,0f,0f,1f],start_interpolation: 0,interpolation_duration: 1}
$data merge entity $(bone_left_arm) {transformation: [-0.8481f,0.4029f,0.3442f,0.0775f,-0.3695f,0.0158f,-0.9291f,-0.4499f,-0.3797f,-0.9151f,0.1355f,0.0612f,0f,0f,0f,1f],start_interpolation: 0,interpolation_duration: 1}
data modify entity @s data merge value {"cameras":{},"locators":{"barrel1":{"px":-0.0746663966386868,"py":-0.3310720605148536,"pz":0.7348108640203479,"ry":359.92062039167376,"rx":-0.7235820780414102}}}