# This file was generated by Animated Java via MC-Build. It is not recommended to edit this file directly.
$data merge entity $(bone_muzzleflash) {transformation: [0f,0f,0f,-0.209f,0f,0f,0f,-0.7586f,0f,0f,0f,0.4075f,0f,0f,0f,1f],start_interpolation: 0,interpolation_duration: 1}
$data merge entity $(bone_slide) {transformation: [-0.9961f,0.0887f,0.0036f,-0.0517f,0.0886f,0.9958f,-0.0226f,-0.2876f,-0.0056f,-0.0222f,-0.9997f,0.5744f,0f,0f,0f,1f],start_interpolation: 0,interpolation_duration: 1}
$data merge entity $(bone_barrel) {transformation: [-0.9961f,0.0887f,0.0036f,0.0501f,0.0886f,0.9958f,-0.0226f,-0.3779f,-0.0056f,-0.0222f,-0.9997f,0.5768f,0f,0f,0f,1f],start_interpolation: 0,interpolation_duration: 1}
$data merge entity $(bone_magazine) {transformation: [-0.9961f,0.0887f,0.0036f,-0.0628f,0.0886f,0.9958f,-0.0226f,-0.425f,-0.0056f,-0.0222f,-0.9997f,0.3805f,0f,0f,0f,1f],start_interpolation: 0,interpolation_duration: 1}
$data merge entity $(bone_grip) {transformation: [-0.9961f,0.0887f,0.0036f,-0.0628f,0.0886f,0.9958f,-0.0226f,-0.425f,-0.0056f,-0.0222f,-0.9997f,0.3805f,0f,0f,0f,1f],start_interpolation: 0,interpolation_duration: 1}
$data merge entity $(bone_trigger) {transformation: [-0.9961f,0.0887f,0.0036f,-0.0625f,0.0886f,0.9958f,-0.0226f,-0.4199f,-0.0056f,-0.0222f,-0.9997f,0.411f,0f,0f,0f,1f],start_interpolation: 0,interpolation_duration: 1}
$data merge entity $(bone_trigger_gaurd) {transformation: [-0.9961f,0.0887f,0.0036f,-0.0601f,0.0886f,0.9958f,-0.0226f,-0.3905f,-0.0056f,-0.0222f,-0.9997f,0.4428f,0f,0f,0f,1f],start_interpolation: 0,interpolation_duration: 1}
$data merge entity $(bone_right_arm) {transformation: [-0.9961f,0.0036f,-0.0887f,-0.0977f,0.0886f,-0.0226f,-0.9958f,-0.4505f,-0.0056f,-0.9997f,0.0222f,0.0528f,0f,0f,0f,1f],start_interpolation: 0,interpolation_duration: 1}
$data merge entity $(bone_magazine1) {transformation: [0f,0f,0f,-0.1195f,0f,0f,0f,-0.3589f,0f,0f,0f,0.4011f,0f,0f,0f,1f],start_interpolation: 0,interpolation_duration: 1}
$data merge entity $(bone_left_arm) {transformation: [-0.8331f,0.4062f,0.3754f,0.0803f,-0.4024f,0.0206f,-0.9152f,-0.4567f,-0.3795f,-0.9136f,0.1463f,0.0662f,0f,0f,0f,1f],start_interpolation: 0,interpolation_duration: 1}
data modify entity @s data merge value {"cameras":{},"locators":{"barrel1":{"px":-0.07886975791742881,"py":-0.336464999554217,"pz":0.7379746733242987,"ry":0.20459648333525138,"rx":-1.2968130423252455}}}