# This file was generated by Animated Java via MC-Build. It is not recommended to edit this file directly.
$data merge entity $(bone_muzzleflash) {transformation: [0f,0f,0f,-0.208f,0f,0f,0f,-0.7603f,0f,0f,0f,0.4064f,0f,0f,0f,1f],start_interpolation: 0,interpolation_duration: 1}
$data merge entity $(bone_slide) {transformation: [-0.9961f,0.0884f,0.0028f,-0.0506f,0.0883f,0.9959f,-0.0203f,-0.2897f,-0.0046f,-0.0199f,-0.9998f,0.5744f,0f,0f,0f,1f],start_interpolation: 0,interpolation_duration: 1}
$data merge entity $(bone_barrel) {transformation: [-0.9961f,0.0884f,0.0028f,0.0512f,0.0883f,0.9959f,-0.0203f,-0.3799f,-0.0046f,-0.0199f,-0.9998f,0.5765f,0f,0f,0f,1f],start_interpolation: 0,interpolation_duration: 1}
$data merge entity $(bone_magazine) {transformation: [-0.9961f,0.0884f,0.0028f,-0.0618f,0.0883f,0.9959f,-0.0203f,-0.4266f,-0.0046f,-0.0199f,-0.9998f,0.3801f,0f,0f,0f,1f],start_interpolation: 0,interpolation_duration: 1}
$data merge entity $(bone_grip) {transformation: [-0.9961f,0.0884f,0.0028f,-0.0618f,0.0883f,0.9959f,-0.0203f,-0.4266f,-0.0046f,-0.0199f,-0.9998f,0.3801f,0f,0f,0f,1f],start_interpolation: 0,interpolation_duration: 1}
$data merge entity $(bone_trigger) {transformation: [-0.9961f,0.0884f,0.0028f,-0.0615f,0.0883f,0.9959f,-0.0203f,-0.4216f,-0.0046f,-0.0199f,-0.9998f,0.4106f,0f,0f,0f,1f],start_interpolation: 0,interpolation_duration: 1}
$data merge entity $(bone_trigger_gaurd) {transformation: [-0.9961f,0.0884f,0.0028f,-0.0591f,0.0883f,0.9959f,-0.0203f,-0.3922f,-0.0046f,-0.0199f,-0.9998f,0.4425f,0f,0f,0f,1f],start_interpolation: 0,interpolation_duration: 1}
$data merge entity $(bone_right_arm) {transformation: [-0.9961f,0.0028f,-0.0884f,-0.097f,0.0883f,-0.0203f,-0.9959f,-0.4513f,-0.0046f,-0.9998f,0.0199f,0.0524f,0f,0f,0f,1f],start_interpolation: 0,interpolation_duration: 1}
$data merge entity $(bone_magazine1) {transformation: [0f,0f,0f,-0.1185f,0f,0f,0f,-0.3606f,0f,0f,0f,0.4009f,0f,0f,0f,1f],start_interpolation: 0,interpolation_duration: 1}
$data merge entity $(bone_left_arm) {transformation: [-0.8333f,0.4055f,0.3758f,0.0811f,-0.4017f,0.0228f,-0.9155f,-0.4575f,-0.3798f,-0.9138f,0.1439f,0.0657f,0f,0f,0f,1f],start_interpolation: 0,interpolation_duration: 1}
data modify entity @s data merge value {"cameras":{},"locators":{"barrel1":{"px":-0.07767680527377374,"py":-0.3389074742884609,"pz":0.73783398833613,"ry":0.16230069959519255,"rx":-1.161289830785291}}}