# This file was generated by Animated Java via MC-Build. It is not recommended to edit this file directly.
$data merge entity $(bone_muzzleflash) {transformation: [0f,0f,0f,-0.207f,0f,0f,0f,-0.762f,0f,0f,0f,0.4054f,0f,0f,0f,1f],start_interpolation: 0,interpolation_duration: 1}
$data merge entity $(bone_slide) {transformation: [-0.9961f,0.0882f,0.0021f,-0.0496f,0.0881f,0.996f,-0.0179f,-0.2917f,-0.0037f,-0.0176f,-0.9998f,0.5743f,0f,0f,0f,1f],start_interpolation: 0,interpolation_duration: 1}
$data merge entity $(bone_barrel) {transformation: [-0.9961f,0.0882f,0.0021f,0.0522f,0.0881f,0.996f,-0.0179f,-0.382f,-0.0037f,-0.0176f,-0.9998f,0.5762f,0f,0f,0f,1f],start_interpolation: 0,interpolation_duration: 1}
$data merge entity $(bone_magazine) {transformation: [-0.9961f,0.0882f,0.0021f,-0.0609f,0.0881f,0.996f,-0.0179f,-0.4282f,-0.0037f,-0.0176f,-0.9998f,0.3798f,0f,0f,0f,1f],start_interpolation: 0,interpolation_duration: 1}
$data merge entity $(bone_grip) {transformation: [-0.9961f,0.0882f,0.0021f,-0.0609f,0.0881f,0.996f,-0.0179f,-0.4282f,-0.0037f,-0.0176f,-0.9998f,0.3798f,0f,0f,0f,1f],start_interpolation: 0,interpolation_duration: 1}
$data merge entity $(bone_trigger) {transformation: [-0.9961f,0.0882f,0.0021f,-0.0606f,0.0881f,0.996f,-0.0179f,-0.4233f,-0.0037f,-0.0176f,-0.9998f,0.4103f,0f,0f,0f,1f],start_interpolation: 0,interpolation_duration: 1}
$data merge entity $(bone_trigger_gaurd) {transformation: [-0.9961f,0.0882f,0.0021f,-0.0581f,0.0881f,0.996f,-0.0179f,-0.3939f,-0.0037f,-0.0176f,-0.9998f,0.4422f,0f,0f,0f,1f],start_interpolation: 0,interpolation_duration: 1}
$data merge entity $(bone_right_arm) {transformation: [-0.9961f,0.0021f,-0.0882f,-0.0964f,0.0881f,-0.0179f,-0.996f,-0.4522f,-0.0037f,-0.9998f,0.0176f,0.052f,0f,0f,0f,1f],start_interpolation: 0,interpolation_duration: 1}
$data merge entity $(bone_magazine1) {transformation: [0f,0f,0f,-0.1176f,0f,0f,0f,-0.3622f,0f,0f,0f,0.4007f,0f,0f,0f,1f],start_interpolation: 0,interpolation_duration: 1}
$data merge entity $(bone_left_arm) {transformation: [-0.8335f,0.4049f,0.3761f,0.0817f,-0.401f,0.0251f,-0.9157f,-0.4583f,-0.3802f,-0.914f,0.1414f,0.0651f,0f,0f,0f,1f],start_interpolation: 0,interpolation_duration: 1}
data modify entity @s data merge value {"cameras":{},"locators":{"barrel1":{"px":-0.07654574223065076,"py":-0.3413515326788831,"pz":0.7376874941990632,"ry":0.12170323091669388,"rx":-1.0256570138175642}}}