# This file was generated by Animated Java via MC-Build. It is not recommended to edit this file directly.
$data merge entity $(bone_muzzleflash) {transformation: [0f,0f,0f,-0.2061f,0f,0f,0f,-0.7637f,0f,0f,0f,0.4043f,0f,0f,0f,1f],start_interpolation: 0,interpolation_duration: 1}
$data merge entity $(bone_slide) {transformation: [-0.9961f,0.088f,0.0014f,-0.0486f,0.0879f,0.996f,-0.0155f,-0.2938f,-0.0028f,-0.0153f,-0.9999f,0.5743f,0f,0f,0f,1f],start_interpolation: 0,interpolation_duration: 1}
$data merge entity $(bone_barrel) {transformation: [-0.9961f,0.088f,0.0014f,0.0532f,0.0879f,0.996f,-0.0155f,-0.384f,-0.0028f,-0.0153f,-0.9999f,0.5758f,0f,0f,0f,1f],start_interpolation: 0,interpolation_duration: 1}
$data merge entity $(bone_magazine) {transformation: [-0.9961f,0.088f,0.0014f,-0.0601f,0.0879f,0.996f,-0.0155f,-0.4298f,-0.0028f,-0.0153f,-0.9999f,0.3794f,0f,0f,0f,1f],start_interpolation: 0,interpolation_duration: 1}
$data merge entity $(bone_grip) {transformation: [-0.9961f,0.088f,0.0014f,-0.0601f,0.0879f,0.996f,-0.0155f,-0.4298f,-0.0028f,-0.0153f,-0.9999f,0.3794f,0f,0f,0f,1f],start_interpolation: 0,interpolation_duration: 1}
$data merge entity $(bone_trigger) {transformation: [-0.9961f,0.088f,0.0014f,-0.0598f,0.0879f,0.996f,-0.0155f,-0.4249f,-0.0028f,-0.0153f,-0.9999f,0.4099f,0f,0f,0f,1f],start_interpolation: 0,interpolation_duration: 1}
$data merge entity $(bone_trigger_gaurd) {transformation: [-0.9961f,0.088f,0.0014f,-0.0573f,0.0879f,0.996f,-0.0155f,-0.3957f,-0.0028f,-0.0153f,-0.9999f,0.4419f,0f,0f,0f,1f],start_interpolation: 0,interpolation_duration: 1}
$data merge entity $(bone_right_arm) {transformation: [-0.9961f,0.0014f,-0.088f,-0.0957f,0.0879f,-0.0155f,-0.996f,-0.453f,-0.0028f,-0.9999f,0.0153f,0.0516f,0f,0f,0f,1f],start_interpolation: 0,interpolation_duration: 1}
$data merge entity $(bone_magazine1) {transformation: [0f,0f,0f,-0.1168f,0f,0f,0f,-0.3639f,0f,0f,0f,0.4006f,0f,0f,0f,1f],start_interpolation: 0,interpolation_duration: 1}
$data merge entity $(bone_left_arm) {transformation: [-0.8336f,0.4042f,0.3763f,0.0824f,-0.4003f,0.0273f,-0.916f,-0.4592f,-0.3806f,-0.9142f,0.139f,0.0646f,0f,0f,0f,1f],start_interpolation: 0,interpolation_duration: 1}
data modify entity @s data merge value {"cameras":{},"locators":{"barrel1":{"px":-0.07547879393281473,"py":-0.3437962957320139,"pz":0.7375352528385757,"ry":0.08286648111820227,"rx":-0.8899532757855885}}}