# This file was generated by Animated Java via MC-Build. It is not recommended to edit this file directly.
$data merge entity $(bone_muzzleflash) {transformation: [0f,0f,0f,-0.2052f,0f,0f,0f,-0.7653f,0f,0f,0f,0.4032f,0f,0f,0f,1f],start_interpolation: 0,interpolation_duration: 1}
$data merge entity $(bone_slide) {transformation: [-0.9961f,0.0878f,0.0008f,-0.0478f,0.0878f,0.9961f,-0.0132f,-0.2958f,-0.002f,-0.013f,-0.9999f,0.5742f,0f,0f,0f,1f],start_interpolation: 0,interpolation_duration: 1}
$data merge entity $(bone_barrel) {transformation: [-0.9961f,0.0878f,0.0008f,0.0541f,0.0878f,0.9961f,-0.0132f,-0.386f,-0.002f,-0.013f,-0.9999f,0.5755f,0f,0f,0f,1f],start_interpolation: 0,interpolation_duration: 1}
$data merge entity $(bone_magazine) {transformation: [-0.9961f,0.0878f,0.0008f,-0.0593f,0.0878f,0.9961f,-0.0132f,-0.4314f,-0.002f,-0.013f,-0.9999f,0.379f,0f,0f,0f,1f],start_interpolation: 0,interpolation_duration: 1}
$data merge entity $(bone_grip) {transformation: [-0.9961f,0.0878f,0.0008f,-0.0593f,0.0878f,0.9961f,-0.0132f,-0.4314f,-0.002f,-0.013f,-0.9999f,0.379f,0f,0f,0f,1f],start_interpolation: 0,interpolation_duration: 1}
$data merge entity $(bone_trigger) {transformation: [-0.9961f,0.0878f,0.0008f,-0.059f,0.0878f,0.9961f,-0.0132f,-0.4266f,-0.002f,-0.013f,-0.9999f,0.4096f,0f,0f,0f,1f],start_interpolation: 0,interpolation_duration: 1}
$data merge entity $(bone_trigger_gaurd) {transformation: [-0.9961f,0.0878f,0.0008f,-0.0564f,0.0878f,0.9961f,-0.0132f,-0.3974f,-0.002f,-0.013f,-0.9999f,0.4417f,0f,0f,0f,1f],start_interpolation: 0,interpolation_duration: 1}
$data merge entity $(bone_right_arm) {transformation: [-0.9961f,0.0008f,-0.0878f,-0.0952f,0.0878f,-0.0132f,-0.9961f,-0.4538f,-0.002f,-0.9999f,0.013f,0.0512f,0f,0f,0f,1f],start_interpolation: 0,interpolation_duration: 1}
$data merge entity $(bone_magazine1) {transformation: [0f,0f,0f,-0.116f,0f,0f,0f,-0.3655f,0f,0f,0f,0.4004f,0f,0f,0f,1f],start_interpolation: 0,interpolation_duration: 1}
$data merge entity $(bone_left_arm) {transformation: [-0.8338f,0.4036f,0.3766f,0.0829f,-0.3995f,0.0296f,-0.9163f,-0.46f,-0.381f,-0.9144f,0.1366f,0.0641f,0f,0f,0f,1f],start_interpolation: 0,interpolation_duration: 1}
data modify entity @s data merge value {"cameras":{},"locators":{"barrel1":{"px":-0.07447819519933344,"py":-0.3462408835118623,"pz":0.7373773308408267,"ry":0.045853775383108086,"rx":-0.7542173947703809}}}