# This file was generated by Animated Java via MC-Build. It is not recommended to edit this file directly.
$data merge entity $(bone_muzzleflash) {transformation: [0f,0f,0f,-0.2044f,0f,0f,0f,-0.767f,0f,0f,0f,0.4022f,0f,0f,0f,1f],start_interpolation: 0,interpolation_duration: 1}
$data merge entity $(bone_slide) {transformation: [-0.9961f,0.0877f,0.0002f,-0.0469f,0.0877f,0.9961f,-0.0108f,-0.2979f,-0.0011f,-0.0107f,-0.9999f,0.5742f,0f,0f,0f,1f],start_interpolation: 0,interpolation_duration: 1}
$data merge entity $(bone_barrel) {transformation: [-0.9961f,0.0877f,0.0002f,0.0549f,0.0877f,0.9961f,-0.0108f,-0.3881f,-0.0011f,-0.0107f,-0.9999f,0.5752f,0f,0f,0f,1f],start_interpolation: 0,interpolation_duration: 1}
$data merge entity $(bone_magazine) {transformation: [-0.9961f,0.0877f,0.0002f,-0.0586f,0.0877f,0.9961f,-0.0108f,-0.433f,-0.0011f,-0.0107f,-0.9999f,0.3786f,0f,0f,0f,1f],start_interpolation: 0,interpolation_duration: 1}
$data merge entity $(bone_grip) {transformation: [-0.9961f,0.0877f,0.0002f,-0.0586f,0.0877f,0.9961f,-0.0108f,-0.433f,-0.0011f,-0.0107f,-0.9999f,0.3786f,0f,0f,0f,1f],start_interpolation: 0,interpolation_duration: 1}
$data merge entity $(bone_trigger) {transformation: [-0.9961f,0.0877f,0.0002f,-0.0582f,0.0877f,0.9961f,-0.0108f,-0.4283f,-0.0011f,-0.0107f,-0.9999f,0.4092f,0f,0f,0f,1f],start_interpolation: 0,interpolation_duration: 1}
$data merge entity $(bone_trigger_gaurd) {transformation: [-0.9961f,0.0877f,0.0002f,-0.0557f,0.0877f,0.9961f,-0.0108f,-0.3992f,-0.0011f,-0.0107f,-0.9999f,0.4414f,0f,0f,0f,1f],start_interpolation: 0,interpolation_duration: 1}
$data merge entity $(bone_right_arm) {transformation: [-0.9961f,0.0002f,-0.0877f,-0.0946f,0.0877f,-0.0108f,-0.9961f,-0.4546f,-0.0011f,-0.9999f,0.0107f,0.0508f,0f,0f,0f,1f],start_interpolation: 0,interpolation_duration: 1}
$data merge entity $(bone_magazine1) {transformation: [0f,0f,0f,-0.1153f,0f,0f,0f,-0.3672f,0f,0f,0f,0.4002f,0f,0f,0f,1f],start_interpolation: 0,interpolation_duration: 1}
$data merge entity $(bone_left_arm) {transformation: [-0.834f,0.4031f,0.3768f,0.0835f,-0.3987f,0.0318f,-0.9165f,-0.4608f,-0.3814f,-0.9146f,0.1342f,0.0635f,0f,0f,0f,1f],start_interpolation: 0,interpolation_duration: 1}
data modify entity @s data merge value {"cameras":{},"locators":{"barrel1":{"px":-0.07354619026886862,"py":-0.34868441449202137,"pz":0.7372137992509985,"ry":0.01072934611988785,"rx":-0.6184882927496682}}}