# This file was generated by Animated Java via MC-Build. It is not recommended to edit this file directly.
$data merge entity $(bone_muzzleflash) {transformation: [0f,0f,0f,-0.2037f,0f,0f,0f,-0.7687f,0f,0f,0f,0.4011f,0f,0f,0f,1f],start_interpolation: 0,interpolation_duration: 1}
$data merge entity $(bone_slide) {transformation: [-0.9962f,0.0876f,-0.0004f,-0.0462f,0.0876f,0.9961f,-0.0084f,-0.2999f,-0.0003f,-0.0084f,-1f,0.5741f,0f,0f,0f,1f],start_interpolation: 0,interpolation_duration: 1}
$data merge entity $(bone_barrel) {transformation: [-0.9962f,0.0876f,-0.0004f,0.0557f,0.0876f,0.9961f,-0.0084f,-0.3901f,-0.0003f,-0.0084f,-1f,0.5748f,0f,0f,0f,1f],start_interpolation: 0,interpolation_duration: 1}
$data merge entity $(bone_magazine) {transformation: [-0.9962f,0.0876f,-0.0004f,-0.0579f,0.0876f,0.9961f,-0.0084f,-0.4346f,-0.0003f,-0.0084f,-1f,0.3783f,0f,0f,0f,1f],start_interpolation: 0,interpolation_duration: 1}
$data merge entity $(bone_grip) {transformation: [-0.9962f,0.0876f,-0.0004f,-0.0579f,0.0876f,0.9961f,-0.0084f,-0.4346f,-0.0003f,-0.0084f,-1f,0.3783f,0f,0f,0f,1f],start_interpolation: 0,interpolation_duration: 1}
$data merge entity $(bone_trigger) {transformation: [-0.9962f,0.0876f,-0.0004f,-0.0575f,0.0876f,0.9961f,-0.0084f,-0.4299f,-0.0003f,-0.0084f,-1f,0.4089f,0f,0f,0f,1f],start_interpolation: 0,interpolation_duration: 1}
$data merge entity $(bone_trigger_gaurd) {transformation: [-0.9962f,0.0876f,-0.0004f,-0.055f,0.0876f,0.9961f,-0.0084f,-0.4009f,-0.0003f,-0.0084f,-1f,0.4411f,0f,0f,0f,1f],start_interpolation: 0,interpolation_duration: 1}
$data merge entity $(bone_right_arm) {transformation: [-0.9962f,-0.0004f,-0.0876f,-0.0942f,0.0876f,-0.0084f,-0.9961f,-0.4554f,-0.0003f,-1f,0.0084f,0.0504f,0f,0f,0f,1f],start_interpolation: 0,interpolation_duration: 1}
$data merge entity $(bone_magazine1) {transformation: [0f,0f,0f,-0.1146f,0f,0f,0f,-0.3688f,0f,0f,0f,0.4f,0f,0f,0f,1f],start_interpolation: 0,interpolation_duration: 1}
$data merge entity $(bone_left_arm) {transformation: [-0.8342f,0.4025f,0.3769f,0.084f,-0.3978f,0.034f,-0.9168f,-0.4617f,-0.3819f,-0.9148f,0.1318f,0.063f,0f,0f,0f,1f],start_interpolation: 0,interpolation_duration: 1}
data modify entity @s data merge value {"cameras":{},"locators":{"barrel1":{"px":-0.07268503253077245,"py":-0.3511260048802456,"pz":0.737044733362312,"ry":359.97755831754375,"rx":-0.48280508786718146}}}