# This file was generated by Animated Java via MC-Build. It is not recommended to edit this file directly.
$data merge entity $(bone_muzzleflash) {transformation: [0f,0f,0f,-0.2024f,0f,0f,0f,-0.7725f,0f,0f,0f,0.3985f,0f,0f,0f,1f],start_interpolation: 0,interpolation_duration: 1}
$data merge entity $(bone_slide) {transformation: [-0.9962f,0.0876f,-0.0016f,-0.0446f,0.0876f,0.9962f,-0.0028f,-0.3048f,0.0014f,-0.003f,-1f,0.5739f,0f,0f,0f,1f],start_interpolation: 0,interpolation_duration: 1}
$data merge entity $(bone_barrel) {transformation: [-0.9962f,0.0876f,-0.0016f,0.0572f,0.0876f,0.9962f,-0.0028f,-0.395f,0.0014f,-0.003f,-1f,0.574f,0f,0f,0f,1f],start_interpolation: 0,interpolation_duration: 1}
$data merge entity $(bone_magazine) {transformation: [-0.9962f,0.0876f,-0.0016f,-0.0566f,0.0876f,0.9962f,-0.0028f,-0.4383f,0.0014f,-0.003f,-1f,0.3774f,0f,0f,0f,1f],start_interpolation: 0,interpolation_duration: 1}
$data merge entity $(bone_grip) {transformation: [-0.9962f,0.0876f,-0.0016f,-0.0566f,0.0876f,0.9962f,-0.0028f,-0.4383f,0.0014f,-0.003f,-1f,0.3774f,0f,0f,0f,1f],start_interpolation: 0,interpolation_duration: 1}
$data merge entity $(bone_trigger) {transformation: [-0.9962f,0.0876f,-0.0016f,-0.0562f,0.0876f,0.9962f,-0.0028f,-0.4339f,0.0014f,-0.003f,-1f,0.408f,0f,0f,0f,1f],start_interpolation: 0,interpolation_duration: 1}
$data merge entity $(bone_trigger_gaurd) {transformation: [-0.9962f,0.0876f,-0.0016f,-0.0536f,0.0876f,0.9962f,-0.0028f,-0.405f,0.0014f,-0.003f,-1f,0.4403f,0f,0f,0f,1f],start_interpolation: 0,interpolation_duration: 1}
$data merge entity $(bone_right_arm) {transformation: [-0.9962f,-0.0016f,-0.0876f,-0.0933f,0.0876f,-0.0028f,-0.9962f,-0.4574f,0.0014f,-1f,0.003f,0.0494f,0f,0f,0f,1f],start_interpolation: 0,interpolation_duration: 1}
$data merge entity $(bone_magazine1) {transformation: [0f,0f,0f,-0.1133f,0f,0f,0f,-0.3727f,0f,0f,0f,0.3995f,0f,0f,0f,1f],start_interpolation: 0,interpolation_duration: 1}
$data merge entity $(bone_left_arm) {transformation: [-0.8347f,0.4014f,0.3771f,0.0849f,-0.3957f,0.0391f,-0.9175f,-0.4636f,-0.3831f,-0.9151f,0.1262f,0.0618f,0f,0f,0f,1f],start_interpolation: 0,interpolation_duration: 1}
data modify entity @s data merge value {"cameras":{},"locators":{"barrel1":{"px":-0.07093924153535783,"py":-0.35688337420684,"pz":0.7366075247004474,"ry":359.90797468301673,"rx":-0.16242196927692845}}}