# This file was generated by Animated Java via MC-Build. It is not recommended to edit this file directly.
$data merge entity $(bone_muzzleflash) {transformation: [0f,0f,0f,-0.2017f,0f,0f,0f,-0.7749f,0f,0f,0f,0.3968f,0f,0f,0f,1f],start_interpolation: 0,interpolation_duration: 1}
$data merge entity $(bone_slide) {transformation: [-0.9962f,0.0876f,-0.0022f,-0.0438f,0.0876f,0.9962f,0.0006f,-0.3078f,0.0023f,0.0004f,-1f,0.5738f,0f,0f,0f,1f],start_interpolation: 0,interpolation_duration: 1}
$data merge entity $(bone_barrel) {transformation: [-0.9962f,0.0876f,-0.0022f,0.058f,0.0876f,0.9962f,0.0006f,-0.398f,0.0023f,0.0004f,-1f,0.5735f,0f,0f,0f,1f],start_interpolation: 0,interpolation_duration: 1}
$data merge entity $(bone_magazine) {transformation: [-0.9962f,0.0876f,-0.0022f,-0.056f,0.0876f,0.9962f,0.0006f,-0.4406f,0.0023f,0.0004f,-1f,0.3767f,0f,0f,0f,1f],start_interpolation: 0,interpolation_duration: 1}
$data merge entity $(bone_grip) {transformation: [-0.9962f,0.0876f,-0.0022f,-0.056f,0.0876f,0.9962f,0.0006f,-0.4406f,0.0023f,0.0004f,-1f,0.3767f,0f,0f,0f,1f],start_interpolation: 0,interpolation_duration: 1}
$data merge entity $(bone_trigger) {transformation: [-0.9962f,0.0876f,-0.0022f,-0.0555f,0.0876f,0.9962f,0.0006f,-0.4363f,0.0023f,0.0004f,-1f,0.4074f,0f,0f,0f,1f],start_interpolation: 0,interpolation_duration: 1}
$data merge entity $(bone_trigger_gaurd) {transformation: [-0.9962f,0.0876f,-0.0022f,-0.0529f,0.0876f,0.9962f,0.0006f,-0.4075f,0.0023f,0.0004f,-1f,0.4398f,0f,0f,0f,1f],start_interpolation: 0,interpolation_duration: 1}
$data merge entity $(bone_right_arm) {transformation: [-0.9962f,-0.0022f,-0.0876f,-0.0928f,0.0876f,0.0006f,-0.9962f,-0.4585f,0.0023f,-1f,-0.0004f,0.0488f,0f,0f,0f,1f],start_interpolation: 0,interpolation_duration: 1}
$data merge entity $(bone_magazine1) {transformation: [0f,0f,0f,-0.1126f,0f,0f,0f,-0.3751f,0f,0f,0f,0.3992f,0f,0f,0f,1f],start_interpolation: 0,interpolation_duration: 1}
$data merge entity $(bone_left_arm) {transformation: [-0.8349f,0.4009f,0.3771f,0.0854f,-0.3944f,0.0422f,-0.918f,-0.4649f,-0.3839f,-0.9152f,0.1228f,0.061f,0f,0f,0f,1f],start_interpolation: 0,interpolation_duration: 1}
data modify entity @s data merge value {"cameras":{},"locators":{"barrel1":{"px":-0.07004316245457458,"py":-0.36041189461695433,"pz":0.7362870026951338,"ry":359.8720016516343,"rx":0.03445093247877323}}}