# This file was generated by Animated Java via MC-Build. It is not recommended to edit this file directly.
$data merge entity $(bone_muzzleflash) {transformation: [0f,0f,0f,-0.2212f,0f,0f,0f,-0.7453f,0f,0f,0f,0.4008f,0f,0f,0f,1f],start_interpolation: 0,interpolation_duration: 1}
$data merge entity $(bone_slide) {transformation: [-0.9923f,0.124f,-0.0014f,-0.0465f,0.124f,0.9922f,-0.0119f,-0.282f,-0.0001f,-0.012f,-0.9999f,0.572f,0f,0f,0f,1f],start_interpolation: 0,interpolation_duration: 1}
$data merge entity $(bone_barrel) {transformation: [-0.9923f,0.124f,-0.0014f,0.052f,0.124f,0.9922f,-0.0119f,-0.3759f,-0.0001f,-0.012f,-0.9999f,0.573f,0f,0f,0f,1f],start_interpolation: 0,interpolation_duration: 1}
$data merge entity $(bone_magazine) {transformation: [-0.9923f,0.124f,-0.0014f,-0.0633f,0.124f,0.9922f,-0.0119f,-0.4168f,-0.0001f,-0.012f,-0.9999f,0.3767f,0f,0f,0f,1f],start_interpolation: 0,interpolation_duration: 1}
$data merge entity $(bone_grip) {transformation: [-0.9923f,0.124f,-0.0014f,-0.0633f,0.124f,0.9922f,-0.0119f,-0.4168f,-0.0001f,-0.012f,-0.9999f,0.3767f,0f,0f,0f,1f],start_interpolation: 0,interpolation_duration: 1}
$data merge entity $(bone_trigger) {transformation: [-0.9923f,0.124f,-0.0014f,-0.0627f,0.124f,0.9922f,-0.0119f,-0.4121f,-0.0001f,-0.012f,-0.9999f,0.4073f,0f,0f,0f,1f],start_interpolation: 0,interpolation_duration: 1}
$data merge entity $(bone_trigger_gaurd) {transformation: [-0.9923f,0.124f,-0.0014f,-0.0591f,0.124f,0.9922f,-0.0119f,-0.3831f,-0.0001f,-0.012f,-0.9999f,0.4394f,0f,0f,0f,1f],start_interpolation: 0,interpolation_duration: 1}
$data merge entity $(bone_right_arm) {transformation: [-0.9923f,-0.0014f,-0.124f,-0.1005f,0.124f,-0.0119f,-0.9922f,-0.4375f,-0.0001f,-0.9999f,0.012f,0.0489f,0f,0f,0f,1f],start_interpolation: 0,interpolation_duration: 1}
$data merge entity $(bone_magazine1) {transformation: [0f,0f,0f,-0.1175f,0f,0f,0f,-0.349f,0f,0f,0f,0.3982f,0f,0f,0f,1f],start_interpolation: 0,interpolation_duration: 1}
$data merge entity $(bone_left_arm) {transformation: [-0.8485f,0.4029f,0.3432f,0.0773f,-0.3684f,0.016f,-0.9295f,-0.4502f,-0.38f,-0.9151f,0.1348f,0.0615f,0f,0f,0f,1f],start_interpolation: 0,interpolation_duration: 1}
data modify entity @s data merge value {"cameras":{},"locators":{"barrel1":{"px":-0.07476504056441592,"py":-0.3316597352322731,"pz":0.7351823348810188,"ry":359.9214109814532,"rx":-0.6815505544329084}}}