# This file was generated by Animated Java via MC-Build. It is not recommended to edit this file directly.
$data merge entity $(bone_muzzleflash) {transformation: [0f,0f,0f,-0.2011f,0f,0f,0f,-0.7774f,0f,0f,0f,0.395f,0f,0f,0f,1f],start_interpolation: 0,interpolation_duration: 1}
$data merge entity $(bone_slide) {transformation: [-0.9962f,0.0876f,-0.0028f,-0.0431f,0.0876f,0.9961f,0.0042f,-0.3109f,0.0032f,0.004f,-1f,0.5736f,0f,0f,0f,1f],start_interpolation: 0,interpolation_duration: 1}
$data merge entity $(bone_barrel) {transformation: [-0.9962f,0.0876f,-0.0028f,0.0588f,0.0876f,0.9961f,0.0042f,-0.4011f,0.0032f,0.004f,-1f,0.5729f,0f,0f,0f,1f],start_interpolation: 0,interpolation_duration: 1}
$data merge entity $(bone_magazine) {transformation: [-0.9962f,0.0876f,-0.0028f,-0.0553f,0.0876f,0.9961f,0.0042f,-0.443f,0.0032f,0.004f,-1f,0.3761f,0f,0f,0f,1f],start_interpolation: 0,interpolation_duration: 1}
$data merge entity $(bone_grip) {transformation: [-0.9962f,0.0876f,-0.0028f,-0.0553f,0.0876f,0.9961f,0.0042f,-0.443f,0.0032f,0.004f,-1f,0.3761f,0f,0f,0f,1f],start_interpolation: 0,interpolation_duration: 1}
$data merge entity $(bone_trigger) {transformation: [-0.9962f,0.0876f,-0.0028f,-0.0549f,0.0876f,0.9961f,0.0042f,-0.4388f,0.0032f,0.004f,-1f,0.4067f,0f,0f,0f,1f],start_interpolation: 0,interpolation_duration: 1}
$data merge entity $(bone_trigger_gaurd) {transformation: [-0.9962f,0.0876f,-0.0028f,-0.0522f,0.0876f,0.9961f,0.0042f,-0.4102f,0.0032f,0.004f,-1f,0.4393f,0f,0f,0f,1f],start_interpolation: 0,interpolation_duration: 1}
$data merge entity $(bone_right_arm) {transformation: [-0.9962f,-0.0028f,-0.0876f,-0.0924f,0.0876f,0.0042f,-0.9961f,-0.4597f,0.0032f,-1f,-0.004f,0.0481f,0f,0f,0f,1f],start_interpolation: 0,interpolation_duration: 1}
$data merge entity $(bone_magazine1) {transformation: [0f,0f,0f,-0.1119f,0f,0f,0f,-0.3776f,0f,0f,0f,0.3988f,0f,0f,0f,1f],start_interpolation: 0,interpolation_duration: 1}
$data merge entity $(bone_left_arm) {transformation: [-0.8351f,0.4003f,0.3772f,0.0858f,-0.393f,0.0456f,-0.9184f,-0.4661f,-0.3848f,-0.9152f,0.1193f,0.0602f,0f,0f,0f,1f],start_interpolation: 0,interpolation_duration: 1}
data modify entity @s data merge value {"cameras":{},"locators":{"barrel1":{"px":-0.06920726770116674,"py":-0.3641415345185064,"pz":0.7359095044333706,"ry":359.83842749156986,"rx":0.24290165253849988}}}