# This file was generated by Animated Java via MC-Build. It is not recommended to edit this file directly.
$data merge entity $(bone_muzzleflash) {transformation: [0f,0f,0f,-0.2005f,0f,0f,0f,-0.78f,0f,0f,0f,0.3931f,0f,0f,0f,1f],start_interpolation: 0,interpolation_duration: 1}
$data merge entity $(bone_slide) {transformation: [-0.9962f,0.0876f,-0.0034f,-0.0424f,0.0876f,0.9961f,0.0081f,-0.3142f,0.0041f,0.0077f,-1f,0.5733f,0f,0f,0f,1f],start_interpolation: 0,interpolation_duration: 1}
$data merge entity $(bone_barrel) {transformation: [-0.9962f,0.0876f,-0.0034f,0.0595f,0.0876f,0.9961f,0.0081f,-0.4044f,0.0041f,0.0077f,-1f,0.5722f,0f,0f,0f,1f],start_interpolation: 0,interpolation_duration: 1}
$data merge entity $(bone_magazine) {transformation: [-0.9962f,0.0876f,-0.0034f,-0.0548f,0.0876f,0.9961f,0.0081f,-0.4456f,0.0041f,0.0077f,-1f,0.3753f,0f,0f,0f,1f],start_interpolation: 0,interpolation_duration: 1}
$data merge entity $(bone_grip) {transformation: [-0.9962f,0.0876f,-0.0034f,-0.0548f,0.0876f,0.9961f,0.0081f,-0.4456f,0.0041f,0.0077f,-1f,0.3753f,0f,0f,0f,1f],start_interpolation: 0,interpolation_duration: 1}
$data merge entity $(bone_trigger) {transformation: [-0.9962f,0.0876f,-0.0034f,-0.0543f,0.0876f,0.9961f,0.0081f,-0.4415f,0.0041f,0.0077f,-1f,0.406f,0f,0f,0f,1f],start_interpolation: 0,interpolation_duration: 1}
$data merge entity $(bone_trigger_gaurd) {transformation: [-0.9962f,0.0876f,-0.0034f,-0.0516f,0.0876f,0.9961f,0.0081f,-0.413f,0.0041f,0.0077f,-1f,0.4387f,0f,0f,0f,1f],start_interpolation: 0,interpolation_duration: 1}
$data merge entity $(bone_right_arm) {transformation: [-0.9962f,-0.0034f,-0.0876f,-0.092f,0.0876f,0.0081f,-0.9961f,-0.461f,0.0041f,-1f,-0.0077f,0.0473f,0f,0f,0f,1f],start_interpolation: 0,interpolation_duration: 1}
$data merge entity $(bone_magazine1) {transformation: [0f,0f,0f,-0.1113f,0f,0f,0f,-0.3802f,0f,0f,0f,0.3983f,0f,0f,0f,1f],start_interpolation: 0,interpolation_duration: 1}
$data merge entity $(bone_left_arm) {transformation: [-0.8354f,0.3998f,0.3773f,0.0862f,-0.3915f,0.0491f,-0.9189f,-0.4675f,-0.3859f,-0.9153f,0.1155f,0.0593f,0f,0f,0f,1f],start_interpolation: 0,interpolation_duration: 1}
data modify entity @s data merge value {"cameras":{},"locators":{"barrel1":{"px":-0.06843007400614355,"py":-0.368063488823881,"pz":0.735475886098842,"ry":359.8071920997191,"rx":0.4624202869846125}}}