# This file was generated by Animated Java via MC-Build. It is not recommended to edit this file directly.
$data merge entity $(bone_muzzleflash) {transformation: [0f,0f,0f,-0.1999f,0f,0f,0f,-0.7827f,0f,0f,0f,0.391f,0f,0f,0f,1f],start_interpolation: 0,interpolation_duration: 1}
$data merge entity $(bone_slide) {transformation: [-0.9961f,0.0876f,-0.0039f,-0.0418f,0.0876f,0.9961f,0.0121f,-0.3176f,0.0049f,0.0117f,-0.9999f,0.573f,0f,0f,0f,1f],start_interpolation: 0,interpolation_duration: 1}
$data merge entity $(bone_barrel) {transformation: [-0.9961f,0.0876f,-0.0039f,0.0601f,0.0876f,0.9961f,0.0121f,-0.4078f,0.0049f,0.0117f,-0.9999f,0.5715f,0f,0f,0f,1f],start_interpolation: 0,interpolation_duration: 1}
$data merge entity $(bone_magazine) {transformation: [-0.9961f,0.0876f,-0.0039f,-0.0542f,0.0876f,0.9961f,0.0121f,-0.4482f,0.0049f,0.0117f,-0.9999f,0.3745f,0f,0f,0f,1f],start_interpolation: 0,interpolation_duration: 1}
$data merge entity $(bone_grip) {transformation: [-0.9961f,0.0876f,-0.0039f,-0.0542f,0.0876f,0.9961f,0.0121f,-0.4482f,0.0049f,0.0117f,-0.9999f,0.3745f,0f,0f,0f,1f],start_interpolation: 0,interpolation_duration: 1}
$data merge entity $(bone_trigger) {transformation: [-0.9961f,0.0876f,-0.0039f,-0.0537f,0.0876f,0.9961f,0.0121f,-0.4442f,0.0049f,0.0117f,-0.9999f,0.4052f,0f,0f,0f,1f],start_interpolation: 0,interpolation_duration: 1}
$data merge entity $(bone_trigger_gaurd) {transformation: [-0.9961f,0.0876f,-0.0039f,-0.0511f,0.0876f,0.9961f,0.0121f,-0.4159f,0.0049f,0.0117f,-0.9999f,0.438f,0f,0f,0f,1f],start_interpolation: 0,interpolation_duration: 1}
$data merge entity $(bone_right_arm) {transformation: [-0.9961f,-0.0039f,-0.0876f,-0.0916f,0.0876f,0.0121f,-0.9961f,-0.4624f,0.0049f,-0.9999f,-0.0117f,0.0464f,0f,0f,0f,1f],start_interpolation: 0,interpolation_duration: 1}
$data merge entity $(bone_magazine1) {transformation: [0f,0f,0f,-0.1108f,0f,0f,0f,-0.3829f,0f,0f,0f,0.3978f,0f,0f,0f,1f],start_interpolation: 0,interpolation_duration: 1}
$data merge entity $(bone_left_arm) {transformation: [-0.8356f,0.3994f,0.3773f,0.0866f,-0.3899f,0.0527f,-0.9193f,-0.4688f,-0.387f,-0.9153f,0.1117f,0.0583f,0f,0f,0f,1f],start_interpolation: 0,interpolation_duration: 1}
data modify entity @s data merge value {"cameras":{},"locators":{"barrel1":{"px":-0.06771009409043655,"py":-0.3721689428884376,"pz":0.7349870150668663,"ry":359.7782353740282,"rx":0.6924969318986641}}}