# This file was generated by Animated Java via MC-Build. It is not recommended to edit this file directly.
$data merge entity $(bone_muzzleflash) {transformation: [0f,0f,0f,-0.1995f,0f,0f,0f,-0.7856f,0f,0f,0f,0.3888f,0f,0f,0f,1f],start_interpolation: 0,interpolation_duration: 1}
$data merge entity $(bone_slide) {transformation: [-0.9961f,0.0876f,-0.0043f,-0.0412f,0.0876f,0.996f,0.0163f,-0.3212f,0.0057f,0.0158f,-0.9999f,0.5727f,0f,0f,0f,1f],start_interpolation: 0,interpolation_duration: 1}
$data merge entity $(bone_barrel) {transformation: [-0.9961f,0.0876f,-0.0043f,0.0607f,0.0876f,0.996f,0.0163f,-0.4114f,0.0057f,0.0158f,-0.9999f,0.5708f,0f,0f,0f,1f],start_interpolation: 0,interpolation_duration: 1}
$data merge entity $(bone_magazine) {transformation: [-0.9961f,0.0876f,-0.0043f,-0.0537f,0.0876f,0.996f,0.0163f,-0.451f,0.0057f,0.0158f,-0.9999f,0.3737f,0f,0f,0f,1f],start_interpolation: 0,interpolation_duration: 1}
$data merge entity $(bone_grip) {transformation: [-0.9961f,0.0876f,-0.0043f,-0.0537f,0.0876f,0.996f,0.0163f,-0.451f,0.0057f,0.0158f,-0.9999f,0.3737f,0f,0f,0f,1f],start_interpolation: 0,interpolation_duration: 1}
$data merge entity $(bone_trigger) {transformation: [-0.9961f,0.0876f,-0.0043f,-0.0532f,0.0876f,0.996f,0.0163f,-0.4471f,0.0057f,0.0158f,-0.9999f,0.4043f,0f,0f,0f,1f],start_interpolation: 0,interpolation_duration: 1}
$data merge entity $(bone_trigger_gaurd) {transformation: [-0.9961f,0.0876f,-0.0043f,-0.0505f,0.0876f,0.996f,0.0163f,-0.4189f,0.0057f,0.0158f,-0.9999f,0.4373f,0f,0f,0f,1f],start_interpolation: 0,interpolation_duration: 1}
$data merge entity $(bone_right_arm) {transformation: [-0.9961f,-0.0043f,-0.0876f,-0.0912f,0.0876f,0.0163f,-0.996f,-0.4638f,0.0057f,-0.9999f,-0.0158f,0.0455f,0f,0f,0f,1f],start_interpolation: 0,interpolation_duration: 1}
$data merge entity $(bone_magazine1) {transformation: [0f,0f,0f,-0.1103f,0f,0f,0f,-0.3858f,0f,0f,0f,0.3973f,0f,0f,0f,1f],start_interpolation: 0,interpolation_duration: 1}
$data merge entity $(bone_left_arm) {transformation: [-0.8357f,0.3989f,0.3774f,0.0869f,-0.3883f,0.0566f,-0.9198f,-0.4703f,-0.3883f,-0.9152f,0.1076f,0.0573f,0f,0f,0f,1f],start_interpolation: 0,interpolation_duration: 1}
data modify entity @s data merge value {"cameras":{},"locators":{"barrel1":{"px":-0.0670458366075034,"py":-0.37644907354021967,"pz":0.7344437822810392,"ry":359.751497214364,"rx":0.9326216833613572}}}