# This file was generated by Animated Java via MC-Build. It is not recommended to edit this file directly.
$data merge entity $(bone_muzzleflash) {transformation: [0f,0f,0f,-0.199f,0f,0f,0f,-0.7885f,0f,0f,0f,0.3865f,0f,0f,0f,1f],start_interpolation: 0,interpolation_duration: 1}
$data merge entity $(bone_slide) {transformation: [-0.9961f,0.0877f,-0.0048f,-0.0406f,0.0875f,0.9959f,0.0206f,-0.325f,0.0066f,0.0201f,-0.9998f,0.5723f,0f,0f,0f,1f],start_interpolation: 0,interpolation_duration: 1}
$data merge entity $(bone_barrel) {transformation: [-0.9961f,0.0877f,-0.0048f,0.0612f,0.0875f,0.9959f,0.0206f,-0.4152f,0.0066f,0.0201f,-0.9998f,0.57f,0f,0f,0f,1f],start_interpolation: 0,interpolation_duration: 1}
$data merge entity $(bone_magazine) {transformation: [-0.9961f,0.0877f,-0.0048f,-0.0533f,0.0875f,0.9959f,0.0206f,-0.4539f,0.0066f,0.0201f,-0.9998f,0.3727f,0f,0f,0f,1f],start_interpolation: 0,interpolation_duration: 1}
$data merge entity $(bone_grip) {transformation: [-0.9961f,0.0877f,-0.0048f,-0.0533f,0.0875f,0.9959f,0.0206f,-0.4539f,0.0066f,0.0201f,-0.9998f,0.3727f,0f,0f,0f,1f],start_interpolation: 0,interpolation_duration: 1}
$data merge entity $(bone_trigger) {transformation: [-0.9961f,0.0877f,-0.0048f,-0.0527f,0.0875f,0.9959f,0.0206f,-0.4501f,0.0066f,0.0201f,-0.9998f,0.4034f,0f,0f,0f,1f],start_interpolation: 0,interpolation_duration: 1}
$data merge entity $(bone_trigger_gaurd) {transformation: [-0.9961f,0.0877f,-0.0048f,-0.05f,0.0875f,0.9959f,0.0206f,-0.4221f,0.0066f,0.0201f,-0.9998f,0.4365f,0f,0f,0f,1f],start_interpolation: 0,interpolation_duration: 1}
$data merge entity $(bone_right_arm) {transformation: [-0.9961f,-0.0048f,-0.0877f,-0.0909f,0.0875f,0.0206f,-0.9959f,-0.4652f,0.0066f,-0.9998f,-0.0201f,0.0446f,0f,0f,0f,1f],start_interpolation: 0,interpolation_duration: 1}
$data merge entity $(bone_magazine1) {transformation: [0f,0f,0f,-0.1098f,0f,0f,0f,-0.3888f,0f,0f,0f,0.3966f,0f,0f,0f,1f],start_interpolation: 0,interpolation_duration: 1}
$data merge entity $(bone_left_arm) {transformation: [-0.8359f,0.3985f,0.3774f,0.0872f,-0.3866f,0.0606f,-0.9203f,-0.4718f,-0.3896f,-0.9152f,0.1035f,0.0562f,0f,0f,0f,1f],start_interpolation: 0,interpolation_duration: 1}
data modify entity @s data merge value {"cameras":{},"locators":{"barrel1":{"px":-0.06643580607973808,"py":-0.38089505024443165,"pz":0.7338471140421114,"ry":359.7269175233398,"rx":1.1822846374525793}}}