# This file was generated by Animated Java via MC-Build. It is not recommended to edit this file directly.
$data merge entity $(bone_muzzleflash) {transformation: [0f,0f,0f,-0.1986f,0f,0f,0f,-0.7915f,0f,0f,0f,0.384f,0f,0f,0f,1f],start_interpolation: 0,interpolation_duration: 1}
$data merge entity $(bone_slide) {transformation: [-0.9961f,0.0877f,-0.0052f,-0.0401f,0.0875f,0.9958f,0.0251f,-0.3289f,0.0073f,0.0246f,-0.9997f,0.5719f,0f,0f,0f,1f],start_interpolation: 0,interpolation_duration: 1}
$data merge entity $(bone_barrel) {transformation: [-0.9961f,0.0877f,-0.0052f,0.0617f,0.0875f,0.9958f,0.0251f,-0.419f,0.0073f,0.0246f,-0.9997f,0.5691f,0f,0f,0f,1f],start_interpolation: 0,interpolation_duration: 1}
$data merge entity $(bone_magazine) {transformation: [-0.9961f,0.0877f,-0.0052f,-0.0529f,0.0875f,0.9958f,0.0251f,-0.4568f,0.0073f,0.0246f,-0.9997f,0.3718f,0f,0f,0f,1f],start_interpolation: 0,interpolation_duration: 1}
$data merge entity $(bone_grip) {transformation: [-0.9961f,0.0877f,-0.0052f,-0.0529f,0.0875f,0.9958f,0.0251f,-0.4568f,0.0073f,0.0246f,-0.9997f,0.3718f,0f,0f,0f,1f],start_interpolation: 0,interpolation_duration: 1}
$data merge entity $(bone_trigger) {transformation: [-0.9961f,0.0877f,-0.0052f,-0.0523f,0.0875f,0.9958f,0.0251f,-0.4533f,0.0073f,0.0246f,-0.9997f,0.4025f,0f,0f,0f,1f],start_interpolation: 0,interpolation_duration: 1}
$data merge entity $(bone_trigger_gaurd) {transformation: [-0.9961f,0.0877f,-0.0052f,-0.0496f,0.0875f,0.9958f,0.0251f,-0.4253f,0.0073f,0.0246f,-0.9997f,0.4356f,0f,0f,0f,1f],start_interpolation: 0,interpolation_duration: 1}
$data merge entity $(bone_right_arm) {transformation: [-0.9961f,-0.0052f,-0.0877f,-0.0906f,0.0875f,0.0251f,-0.9958f,-0.4667f,0.0073f,-0.9997f,-0.0246f,0.0436f,0f,0f,0f,1f],start_interpolation: 0,interpolation_duration: 1}
$data merge entity $(bone_magazine1) {transformation: [0f,0f,0f,-0.1094f,0f,0f,0f,-0.3919f,0f,0f,0f,0.396f,0f,0f,0f,1f],start_interpolation: 0,interpolation_duration: 1}
$data merge entity $(bone_left_arm) {transformation: [-0.8361f,0.3982f,0.3774f,0.0875f,-0.3848f,0.0647f,-0.9207f,-0.4733f,-0.391f,-0.915f,0.0991f,0.0551f,0f,0f,0f,1f],start_interpolation: 0,interpolation_duration: 1}
data modify entity @s data merge value {"cameras":{},"locators":{"barrel1":{"px":-0.06587850283913664,"py":-0.38549803640818264,"pz":0.7331979832062021,"ry":359.70443620709614,"rx":1.4409758902513174}}}