# This file was generated by Animated Java via MC-Build. It is not recommended to edit this file directly.
$data merge entity $(bone_muzzleflash) {transformation: [0f,0f,0f,-0.1982f,0f,0f,0f,-0.7946f,0f,0f,0f,0.3815f,0f,0f,0f,1f],start_interpolation: 0,interpolation_duration: 1}
$data merge entity $(bone_slide) {transformation: [-0.9961f,0.0877f,-0.0055f,-0.0397f,0.0875f,0.9957f,0.0298f,-0.3329f,0.0081f,0.0292f,-0.9995f,0.5715f,0f,0f,0f,1f],start_interpolation: 0,interpolation_duration: 1}
$data merge entity $(bone_barrel) {transformation: [-0.9961f,0.0877f,-0.0055f,0.0622f,0.0875f,0.9957f,0.0298f,-0.423f,0.0081f,0.0292f,-0.9995f,0.5682f,0f,0f,0f,1f],start_interpolation: 0,interpolation_duration: 1}
$data merge entity $(bone_magazine) {transformation: [-0.9961f,0.0877f,-0.0055f,-0.0525f,0.0875f,0.9957f,0.0298f,-0.4599f,0.0081f,0.0292f,-0.9995f,0.3707f,0f,0f,0f,1f],start_interpolation: 0,interpolation_duration: 1}
$data merge entity $(bone_grip) {transformation: [-0.9961f,0.0877f,-0.0055f,-0.0525f,0.0875f,0.9957f,0.0298f,-0.4599f,0.0081f,0.0292f,-0.9995f,0.3707f,0f,0f,0f,1f],start_interpolation: 0,interpolation_duration: 1}
$data merge entity $(bone_trigger) {transformation: [-0.9961f,0.0877f,-0.0055f,-0.0519f,0.0875f,0.9957f,0.0298f,-0.4565f,0.0081f,0.0292f,-0.9995f,0.4015f,0f,0f,0f,1f],start_interpolation: 0,interpolation_duration: 1}
$data merge entity $(bone_trigger_gaurd) {transformation: [-0.9961f,0.0877f,-0.0055f,-0.0492f,0.0875f,0.9957f,0.0298f,-0.4287f,0.0081f,0.0292f,-0.9995f,0.4347f,0f,0f,0f,1f],start_interpolation: 0,interpolation_duration: 1}
$data merge entity $(bone_right_arm) {transformation: [-0.9961f,-0.0055f,-0.0877f,-0.0904f,0.0875f,0.0298f,-0.9957f,-0.4682f,0.0081f,-0.9995f,-0.0292f,0.0425f,0f,0f,0f,1f],start_interpolation: 0,interpolation_duration: 1}
$data merge entity $(bone_magazine1) {transformation: [0f,0f,0f,-0.109f,0f,0f,0f,-0.395f,0f,0f,0f,0.3953f,0f,0f,0f,1f],start_interpolation: 0,interpolation_duration: 1}
$data merge entity $(bone_left_arm) {transformation: [-0.8362f,0.3979f,0.3774f,0.0878f,-0.383f,0.0689f,-0.9212f,-0.4749f,-0.3925f,-0.9149f,0.0947f,0.0539f,0f,0f,0f,1f],start_interpolation: 0,interpolation_duration: 1}
data modify entity @s data merge value {"cameras":{},"locators":{"barrel1":{"px":-0.0653724229813769,"py":-0.3902491908281897,"pz":0.7324974197895076,"ry":359.68399317603786,"rx":1.7081855378357282}}}