# This file was generated by Animated Java via MC-Build. It is not recommended to edit this file directly.
$data merge entity $(bone_muzzleflash) {transformation: [0f,0f,0f,-0.1979f,0f,0f,0f,-0.7978f,0f,0f,0f,0.3789f,0f,0f,0f,1f],start_interpolation: 0,interpolation_duration: 1}
$data merge entity $(bone_slide) {transformation: [-0.9961f,0.0877f,-0.0058f,-0.0393f,0.0875f,0.9956f,0.0346f,-0.337f,0.0088f,0.034f,-0.9994f,0.571f,0f,0f,0f,1f],start_interpolation: 0,interpolation_duration: 1}
$data merge entity $(bone_barrel) {transformation: [-0.9961f,0.0877f,-0.0058f,0.0626f,0.0875f,0.9956f,0.0346f,-0.4271f,0.0088f,0.034f,-0.9994f,0.5673f,0f,0f,0f,1f],start_interpolation: 0,interpolation_duration: 1}
$data merge entity $(bone_magazine) {transformation: [-0.9961f,0.0877f,-0.0058f,-0.0521f,0.0875f,0.9956f,0.0346f,-0.4631f,0.0088f,0.034f,-0.9994f,0.3696f,0f,0f,0f,1f],start_interpolation: 0,interpolation_duration: 1}
$data merge entity $(bone_grip) {transformation: [-0.9961f,0.0877f,-0.0058f,-0.0521f,0.0875f,0.9956f,0.0346f,-0.4631f,0.0088f,0.034f,-0.9994f,0.3696f,0f,0f,0f,1f],start_interpolation: 0,interpolation_duration: 1}
$data merge entity $(bone_trigger) {transformation: [-0.9961f,0.0877f,-0.0058f,-0.0516f,0.0875f,0.9956f,0.0346f,-0.4598f,0.0088f,0.034f,-0.9994f,0.4004f,0f,0f,0f,1f],start_interpolation: 0,interpolation_duration: 1}
$data merge entity $(bone_trigger_gaurd) {transformation: [-0.9961f,0.0877f,-0.0058f,-0.0489f,0.0875f,0.9956f,0.0346f,-0.4321f,0.0088f,0.034f,-0.9994f,0.4338f,0f,0f,0f,1f],start_interpolation: 0,interpolation_duration: 1}
$data merge entity $(bone_right_arm) {transformation: [-0.9961f,-0.0058f,-0.0877f,-0.0902f,0.0875f,0.0346f,-0.9956f,-0.4698f,0.0088f,-0.9994f,-0.034f,0.0414f,0f,0f,0f,1f],start_interpolation: 0,interpolation_duration: 1}
$data merge entity $(bone_magazine1) {transformation: [0f,0f,0f,-0.1087f,0f,0f,0f,-0.3983f,0f,0f,0f,0.3945f,0f,0f,0f,1f],start_interpolation: 0,interpolation_duration: 1}
$data merge entity $(bone_left_arm) {transformation: [-0.8364f,0.3976f,0.3774f,0.088f,-0.3811f,0.0733f,-0.9216f,-0.4766f,-0.3941f,-0.9146f,0.0902f,0.0527f,0f,0f,0f,1f],start_interpolation: 0,interpolation_duration: 1}
data modify entity @s data merge value {"cameras":{},"locators":{"barrel1":{"px":-0.06491605834123285,"py":-0.39513966928143635,"pz":0.7317465209767526,"ry":359.66552834552965,"rx":1.9834036762831304}}}