# This file was generated by Animated Java via MC-Build. It is not recommended to edit this file directly.
$data merge entity $(bone_muzzleflash) {transformation: [0f,0f,0f,-0.1976f,0f,0f,0f,-0.8011f,0f,0f,0f,0.3761f,0f,0f,0f,1f],start_interpolation: 0,interpolation_duration: 1}
$data merge entity $(bone_slide) {transformation: [-0.9961f,0.0878f,-0.0061f,-0.0389f,0.0875f,0.9954f,0.0395f,-0.3412f,0.0096f,0.0389f,-0.9992f,0.5705f,0f,0f,0f,1f],start_interpolation: 0,interpolation_duration: 1}
$data merge entity $(bone_barrel) {transformation: [-0.9961f,0.0878f,-0.0061f,0.0629f,0.0875f,0.9954f,0.0395f,-0.4313f,0.0096f,0.0389f,-0.9992f,0.5663f,0f,0f,0f,1f],start_interpolation: 0,interpolation_duration: 1}
$data merge entity $(bone_magazine) {transformation: [-0.9961f,0.0878f,-0.0061f,-0.0518f,0.0875f,0.9954f,0.0395f,-0.4663f,0.0096f,0.0389f,-0.9992f,0.3685f,0f,0f,0f,1f],start_interpolation: 0,interpolation_duration: 1}
$data merge entity $(bone_grip) {transformation: [-0.9961f,0.0878f,-0.0061f,-0.0518f,0.0875f,0.9954f,0.0395f,-0.4663f,0.0096f,0.0389f,-0.9992f,0.3685f,0f,0f,0f,1f],start_interpolation: 0,interpolation_duration: 1}
$data merge entity $(bone_trigger) {transformation: [-0.9961f,0.0878f,-0.0061f,-0.0513f,0.0875f,0.9954f,0.0395f,-0.4631f,0.0096f,0.0389f,-0.9992f,0.3993f,0f,0f,0f,1f],start_interpolation: 0,interpolation_duration: 1}
$data merge entity $(bone_trigger_gaurd) {transformation: [-0.9961f,0.0878f,-0.0061f,-0.0485f,0.0875f,0.9954f,0.0395f,-0.4357f,0.0096f,0.0389f,-0.9992f,0.4328f,0f,0f,0f,1f],start_interpolation: 0,interpolation_duration: 1}
$data merge entity $(bone_right_arm) {transformation: [-0.9961f,-0.0061f,-0.0878f,-0.0899f,0.0875f,0.0395f,-0.9954f,-0.4714f,0.0096f,-0.9992f,-0.0389f,0.0402f,0f,0f,0f,1f],start_interpolation: 0,interpolation_duration: 1}
$data merge entity $(bone_magazine1) {transformation: [0f,0f,0f,-0.1083f,0f,0f,0f,-0.4017f,0f,0f,0f,0.3937f,0f,0f,0f,1f],start_interpolation: 0,interpolation_duration: 1}
$data merge entity $(bone_left_arm) {transformation: [-0.8365f,0.3973f,0.3774f,0.0882f,-0.3791f,0.0778f,-0.9221f,-0.4782f,-0.3957f,-0.9144f,0.0855f,0.0515f,0f,0f,0f,1f],start_interpolation: 0,interpolation_duration: 1}
data modify entity @s data merge value {"cameras":{},"locators":{"barrel1":{"px":-0.06450789649605021,"py":-0.40016062625625903,"pz":0.7309464605307596,"ry":359.6489816365488,"rx":2.2661204016700514}}}