# This file was generated by Animated Java via MC-Build. It is not recommended to edit this file directly.
$data merge entity $(bone_muzzleflash) {transformation: [0f,0f,0f,-0.1973f,0f,0f,0f,-0.8045f,0f,0f,0f,0.3733f,0f,0f,0f,1f],start_interpolation: 0,interpolation_duration: 1}
$data merge entity $(bone_slide) {transformation: [-0.9961f,0.0878f,-0.0064f,-0.0386f,0.0875f,0.9952f,0.0446f,-0.3455f,0.0103f,0.0439f,-0.999f,0.5699f,0f,0f,0f,1f],start_interpolation: 0,interpolation_duration: 1}
$data merge entity $(bone_barrel) {transformation: [-0.9961f,0.0878f,-0.0064f,0.0633f,0.0875f,0.9952f,0.0446f,-0.4357f,0.0103f,0.0439f,-0.999f,0.5653f,0f,0f,0f,1f],start_interpolation: 0,interpolation_duration: 1}
$data merge entity $(bone_magazine) {transformation: [-0.9961f,0.0878f,-0.0064f,-0.0516f,0.0875f,0.9952f,0.0446f,-0.4696f,0.0103f,0.0439f,-0.999f,0.3673f,0f,0f,0f,1f],start_interpolation: 0,interpolation_duration: 1}
$data merge entity $(bone_grip) {transformation: [-0.9961f,0.0878f,-0.0064f,-0.0516f,0.0875f,0.9952f,0.0446f,-0.4696f,0.0103f,0.0439f,-0.999f,0.3673f,0f,0f,0f,1f],start_interpolation: 0,interpolation_duration: 1}
$data merge entity $(bone_trigger) {transformation: [-0.9961f,0.0878f,-0.0064f,-0.051f,0.0875f,0.9952f,0.0446f,-0.4666f,0.0103f,0.0439f,-0.999f,0.3981f,0f,0f,0f,1f],start_interpolation: 0,interpolation_duration: 1}
$data merge entity $(bone_trigger_gaurd) {transformation: [-0.9961f,0.0878f,-0.0064f,-0.0482f,0.0875f,0.9952f,0.0446f,-0.4393f,0.0103f,0.0439f,-0.999f,0.4318f,0f,0f,0f,1f],start_interpolation: 0,interpolation_duration: 1}
$data merge entity $(bone_right_arm) {transformation: [-0.9961f,-0.0064f,-0.0878f,-0.0898f,0.0875f,0.0446f,-0.9952f,-0.4731f,0.0103f,-0.999f,-0.0439f,0.039f,0f,0f,0f,1f],start_interpolation: 0,interpolation_duration: 1}
$data merge entity $(bone_magazine1) {transformation: [0f,0f,0f,-0.1081f,0f,0f,0f,-0.4051f,0f,0f,0f,0.3929f,0f,0f,0f,1f],start_interpolation: 0,interpolation_duration: 1}
$data merge entity $(bone_left_arm) {transformation: [-0.8366f,0.3971f,0.3774f,0.0884f,-0.3771f,0.0824f,-0.9225f,-0.4799f,-0.3974f,-0.9141f,0.0808f,0.0502f,0f,0f,0f,1f],start_interpolation: 0,interpolation_duration: 1}
data modify entity @s data merge value {"cameras":{},"locators":{"barrel1":{"px":-0.06414642080286644,"py":-0.4053032168189318,"pz":0.7300984976006896,"ry":359.6342929762984,"rx":2.5558258100723386}}}