# This file was generated by Animated Java via MC-Build. It is not recommended to edit this file directly.
$data merge entity $(bone_muzzleflash) {transformation: [0f,0f,0f,-0.2217f,0f,0f,0f,-0.7455f,0f,0f,0f,0.4008f,0f,0f,0f,1f],start_interpolation: 0,interpolation_duration: 1}
$data merge entity $(bone_slide) {transformation: [-0.9922f,0.125f,-0.0014f,-0.0465f,0.125f,0.9921f,-0.0112f,-0.2825f,0f,-0.0112f,-0.9999f,0.5724f,0f,0f,0f,1f],start_interpolation: 0,interpolation_duration: 1}
$data merge entity $(bone_barrel) {transformation: [-0.9922f,0.125f,-0.0014f,0.0519f,0.125f,0.9921f,-0.0112f,-0.3765f,0f,-0.0112f,-0.9999f,0.5733f,0f,0f,0f,1f],start_interpolation: 0,interpolation_duration: 1}
$data merge entity $(bone_magazine) {transformation: [-0.9922f,0.125f,-0.0014f,-0.0635f,0.125f,0.9921f,-0.0112f,-0.4172f,0f,-0.0112f,-0.9999f,0.377f,0f,0f,0f,1f],start_interpolation: 0,interpolation_duration: 1}
$data merge entity $(bone_grip) {transformation: [-0.9922f,0.125f,-0.0014f,-0.0635f,0.125f,0.9921f,-0.0112f,-0.4172f,0f,-0.0112f,-0.9999f,0.377f,0f,0f,0f,1f],start_interpolation: 0,interpolation_duration: 1}
$data merge entity $(bone_trigger) {transformation: [-0.9922f,0.125f,-0.0014f,-0.0629f,0.125f,0.9921f,-0.0112f,-0.4125f,0f,-0.0112f,-0.9999f,0.4075f,0f,0f,0f,1f],start_interpolation: 0,interpolation_duration: 1}
$data merge entity $(bone_trigger_gaurd) {transformation: [-0.9922f,0.125f,-0.0014f,-0.0593f,0.125f,0.9921f,-0.0112f,-0.3835f,0f,-0.0112f,-0.9999f,0.4397f,0f,0f,0f,1f],start_interpolation: 0,interpolation_duration: 1}
$data merge entity $(bone_right_arm) {transformation: [-0.9922f,-0.0014f,-0.125f,-0.1007f,0.125f,-0.0112f,-0.9921f,-0.4376f,0f,-0.9999f,0.0112f,0.0492f,0f,0f,0f,1f],start_interpolation: 0,interpolation_duration: 1}
$data merge entity $(bone_magazine1) {transformation: [0f,0f,0f,-0.1176f,0f,0f,0f,-0.3493f,0f,0f,0f,0.3986f,0f,0f,0f,1f],start_interpolation: 0,interpolation_duration: 1}
$data merge entity $(bone_left_arm) {transformation: [-0.8488f,0.4029f,0.3423f,0.0771f,-0.3673f,0.0163f,-0.93f,-0.4504f,-0.3803f,-0.9151f,0.1341f,0.0617f,0f,0f,0f,1f],start_interpolation: 0,interpolation_duration: 1}
data modify entity @s data merge value {"cameras":{},"locators":{"barrel1":{"px":-0.07486142670165312,"py":-0.33224813808500153,"pz":0.7355284867462256,"ry":359.92230853968863,"rx":-0.6396817795123141}}}