# This file was generated by Animated Java via MC-Build. It is not recommended to edit this file directly.
$data merge entity $(bone_muzzleflash) {transformation: [0f,0f,0f,-0.1971f,0f,0f,0f,-0.8079f,0f,0f,0f,0.3704f,0f,0f,0f,1f],start_interpolation: 0,interpolation_duration: 1}
$data merge entity $(bone_slide) {transformation: [-0.9961f,0.0879f,-0.0066f,-0.0383f,0.0874f,0.9949f,0.0498f,-0.35f,0.0109f,0.049f,-0.9987f,0.5693f,0f,0f,0f,1f],start_interpolation: 0,interpolation_duration: 1}
$data merge entity $(bone_barrel) {transformation: [-0.9961f,0.0879f,-0.0066f,0.0635f,0.0874f,0.9949f,0.0498f,-0.4401f,0.0109f,0.049f,-0.9987f,0.5642f,0f,0f,0f,1f],start_interpolation: 0,interpolation_duration: 1}
$data merge entity $(bone_magazine) {transformation: [-0.9961f,0.0879f,-0.0066f,-0.0513f,0.0874f,0.9949f,0.0498f,-0.473f,0.0109f,0.049f,-0.9987f,0.3661f,0f,0f,0f,1f],start_interpolation: 0,interpolation_duration: 1}
$data merge entity $(bone_grip) {transformation: [-0.9961f,0.0879f,-0.0066f,-0.0513f,0.0874f,0.9949f,0.0498f,-0.473f,0.0109f,0.049f,-0.9987f,0.3661f,0f,0f,0f,1f],start_interpolation: 0,interpolation_duration: 1}
$data merge entity $(bone_trigger) {transformation: [-0.9961f,0.0879f,-0.0066f,-0.0507f,0.0874f,0.9949f,0.0498f,-0.4701f,0.0109f,0.049f,-0.9987f,0.3969f,0f,0f,0f,1f],start_interpolation: 0,interpolation_duration: 1}
$data merge entity $(bone_trigger_gaurd) {transformation: [-0.9961f,0.0879f,-0.0066f,-0.048f,0.0874f,0.9949f,0.0498f,-0.443f,0.0109f,0.049f,-0.9987f,0.4307f,0f,0f,0f,1f],start_interpolation: 0,interpolation_duration: 1}
$data merge entity $(bone_right_arm) {transformation: [-0.9961f,-0.0066f,-0.0879f,-0.0896f,0.0874f,0.0498f,-0.9949f,-0.4748f,0.0109f,-0.9987f,-0.049f,0.0378f,0f,0f,0f,1f],start_interpolation: 0,interpolation_duration: 1}
$data merge entity $(bone_magazine1) {transformation: [0f,0f,0f,-0.1078f,0f,0f,0f,-0.4086f,0f,0f,0f,0.392f,0f,0f,0f,1f],start_interpolation: 0,interpolation_duration: 1}
$data merge entity $(bone_left_arm) {transformation: [-0.8367f,0.3969f,0.3774f,0.0886f,-0.375f,0.0871f,-0.9229f,-0.4817f,-0.3992f,-0.9137f,0.0759f,0.0489f,0f,0f,0f,1f],start_interpolation: 0,interpolation_duration: 1}
data modify entity @s data merge value {"cameras":{},"locators":{"barrel1":{"px":-0.06383011047366201,"py":-0.41055859860857424,"pz":0.7292039849267247,"ry":359.6214022987811,"rx":2.8520099975651236}}}