# This file was generated by Animated Java via MC-Build. It is not recommended to edit this file directly.
$data merge entity $(bone_muzzleflash) {transformation: [0f,0f,0f,-0.1969f,0f,0f,0f,-0.8113f,0f,0f,0f,0.3673f,0f,0f,0f,1f],start_interpolation: 0,interpolation_duration: 1}
$data merge entity $(bone_slide) {transformation: [-0.9961f,0.0879f,-0.0068f,-0.0381f,0.0874f,0.9947f,0.055f,-0.3545f,0.0116f,0.0542f,-0.9985f,0.5687f,0f,0f,0f,1f],start_interpolation: 0,interpolation_duration: 1}
$data merge entity $(bone_barrel) {transformation: [-0.9961f,0.0879f,-0.0068f,0.0638f,0.0874f,0.9947f,0.055f,-0.4446f,0.0116f,0.0542f,-0.9985f,0.5631f,0f,0f,0f,1f],start_interpolation: 0,interpolation_duration: 1}
$data merge entity $(bone_magazine) {transformation: [-0.9961f,0.0879f,-0.0068f,-0.0511f,0.0874f,0.9947f,0.055f,-0.4764f,0.0116f,0.0542f,-0.9985f,0.3648f,0f,0f,0f,1f],start_interpolation: 0,interpolation_duration: 1}
$data merge entity $(bone_grip) {transformation: [-0.9961f,0.0879f,-0.0068f,-0.0511f,0.0874f,0.9947f,0.055f,-0.4764f,0.0116f,0.0542f,-0.9985f,0.3648f,0f,0f,0f,1f],start_interpolation: 0,interpolation_duration: 1}
$data merge entity $(bone_trigger) {transformation: [-0.9961f,0.0879f,-0.0068f,-0.0505f,0.0874f,0.9947f,0.055f,-0.4738f,0.0116f,0.0542f,-0.9985f,0.3956f,0f,0f,0f,1f],start_interpolation: 0,interpolation_duration: 1}
$data merge entity $(bone_trigger_gaurd) {transformation: [-0.9961f,0.0879f,-0.0068f,-0.0478f,0.0874f,0.9947f,0.055f,-0.4468f,0.0116f,0.0542f,-0.9985f,0.4296f,0f,0f,0f,1f],start_interpolation: 0,interpolation_duration: 1}
$data merge entity $(bone_right_arm) {transformation: [-0.9961f,-0.0068f,-0.0879f,-0.0895f,0.0874f,0.055f,-0.9947f,-0.4765f,0.0116f,-0.9985f,-0.0542f,0.0365f,0f,0f,0f,1f],start_interpolation: 0,interpolation_duration: 1}
$data merge entity $(bone_magazine1) {transformation: [0f,0f,0f,-0.1076f,0f,0f,0f,-0.4122f,0f,0f,0f,0.3911f,0f,0f,0f,1f],start_interpolation: 0,interpolation_duration: 1}
$data merge entity $(bone_left_arm) {transformation: [-0.8368f,0.3967f,0.3774f,0.0887f,-0.3728f,0.092f,-0.9233f,-0.4835f,-0.401f,-0.9133f,0.071f,0.0476f,0f,0f,0f,1f],start_interpolation: 0,interpolation_duration: 1}
data modify entity @s data merge value {"cameras":{},"locators":{"barrel1":{"px":-0.06355744069218253,"py":-0.4159179339511163,"pz":0.7282643764392343,"ry":359.61024954533434,"rx":3.1541630602229587}}}