# This file was generated by Animated Java via MC-Build. It is not recommended to edit this file directly.
$data merge entity $(bone_muzzleflash) {transformation: [0f,0f,0f,-0.1967f,0f,0f,0f,-0.8148f,0f,0f,0f,0.3643f,0f,0f,0f,1f],start_interpolation: 0,interpolation_duration: 1}
$data merge entity $(bone_slide) {transformation: [-0.9961f,0.0879f,-0.007f,-0.0379f,0.0874f,0.9943f,0.0604f,-0.3591f,0.0122f,0.0595f,-0.9982f,0.5681f,0f,0f,0f,1f],start_interpolation: 0,interpolation_duration: 1}
$data merge entity $(bone_barrel) {transformation: [-0.9961f,0.0879f,-0.007f,0.064f,0.0874f,0.9943f,0.0604f,-0.4491f,0.0122f,0.0595f,-0.9982f,0.5619f,0f,0f,0f,1f],start_interpolation: 0,interpolation_duration: 1}
$data merge entity $(bone_magazine) {transformation: [-0.9961f,0.0879f,-0.007f,-0.051f,0.0874f,0.9943f,0.0604f,-0.4799f,0.0122f,0.0595f,-0.9982f,0.3635f,0f,0f,0f,1f],start_interpolation: 0,interpolation_duration: 1}
$data merge entity $(bone_grip) {transformation: [-0.9961f,0.0879f,-0.007f,-0.051f,0.0874f,0.9943f,0.0604f,-0.4799f,0.0122f,0.0595f,-0.9982f,0.3635f,0f,0f,0f,1f],start_interpolation: 0,interpolation_duration: 1}
$data merge entity $(bone_trigger) {transformation: [-0.9961f,0.0879f,-0.007f,-0.0504f,0.0874f,0.9943f,0.0604f,-0.4774f,0.0122f,0.0595f,-0.9982f,0.3944f,0f,0f,0f,1f],start_interpolation: 0,interpolation_duration: 1}
$data merge entity $(bone_trigger_gaurd) {transformation: [-0.9961f,0.0879f,-0.007f,-0.0476f,0.0874f,0.9943f,0.0604f,-0.4507f,0.0122f,0.0595f,-0.9982f,0.4285f,0f,0f,0f,1f],start_interpolation: 0,interpolation_duration: 1}
$data merge entity $(bone_right_arm) {transformation: [-0.9961f,-0.007f,-0.0879f,-0.0894f,0.0874f,0.0604f,-0.9943f,-0.4782f,0.0122f,-0.9982f,-0.0595f,0.0353f,0f,0f,0f,1f],start_interpolation: 0,interpolation_duration: 1}
$data merge entity $(bone_magazine1) {transformation: [0f,0f,0f,-0.1074f,0f,0f,0f,-0.4158f,0f,0f,0f,0.3901f,0f,0f,0f,1f],start_interpolation: 0,interpolation_duration: 1}
$data merge entity $(bone_left_arm) {transformation: [-0.8369f,0.3965f,0.3774f,0.0888f,-0.3707f,0.0968f,-0.9237f,-0.4853f,-0.4028f,-0.9129f,0.0659f,0.0462f,0f,0f,0f,1f],start_interpolation: 0,interpolation_duration: 1}
data modify entity @s data merge value {"cameras":{},"locators":{"barrel1":{"px":-0.06332688277477344,"py":-0.42137239208109284,"pz":0.7272812342507822,"ry":359.6007746651291,"rx":3.4617750941199184}}}