# This file was generated by Animated Java via MC-Build. It is not recommended to edit this file directly.
$data merge entity $(bone_muzzleflash) {transformation: [0f,0f,0f,-0.1966f,0f,0f,0f,-0.8184f,0f,0f,0f,0.3611f,0f,0f,0f,1f],start_interpolation: 0,interpolation_duration: 1}
$data merge entity $(bone_slide) {transformation: [-0.9961f,0.088f,-0.0071f,-0.0377f,0.0873f,0.994f,0.0658f,-0.3638f,0.0128f,0.065f,-0.9978f,0.5674f,0f,0f,0f,1f],start_interpolation: 0,interpolation_duration: 1}
$data merge entity $(bone_barrel) {transformation: [-0.9961f,0.088f,-0.0071f,0.0641f,0.0873f,0.994f,0.0658f,-0.4538f,0.0128f,0.065f,-0.9978f,0.5607f,0f,0f,0f,1f],start_interpolation: 0,interpolation_duration: 1}
$data merge entity $(bone_magazine) {transformation: [-0.9961f,0.088f,-0.0071f,-0.0508f,0.0873f,0.994f,0.0658f,-0.4835f,0.0128f,0.065f,-0.9978f,0.3622f,0f,0f,0f,1f],start_interpolation: 0,interpolation_duration: 1}
$data merge entity $(bone_grip) {transformation: [-0.9961f,0.088f,-0.0071f,-0.0508f,0.0873f,0.994f,0.0658f,-0.4835f,0.0128f,0.065f,-0.9978f,0.3622f,0f,0f,0f,1f],start_interpolation: 0,interpolation_duration: 1}
$data merge entity $(bone_trigger) {transformation: [-0.9961f,0.088f,-0.0071f,-0.0502f,0.0873f,0.994f,0.0658f,-0.4811f,0.0128f,0.065f,-0.9978f,0.393f,0f,0f,0f,1f],start_interpolation: 0,interpolation_duration: 1}
$data merge entity $(bone_trigger_gaurd) {transformation: [-0.9961f,0.088f,-0.0071f,-0.0475f,0.0873f,0.994f,0.0658f,-0.4546f,0.0128f,0.065f,-0.9978f,0.4273f,0f,0f,0f,1f],start_interpolation: 0,interpolation_duration: 1}
$data merge entity $(bone_right_arm) {transformation: [-0.9961f,-0.0071f,-0.088f,-0.0893f,0.0873f,0.0658f,-0.994f,-0.48f,0.0128f,-0.9978f,-0.065f,0.0339f,0f,0f,0f,1f],start_interpolation: 0,interpolation_duration: 1}
$data merge entity $(bone_magazine1) {transformation: [0f,0f,0f,-0.1073f,0f,0f,0f,-0.4195f,0f,0f,0f,0.3891f,0f,0f,0f,1f],start_interpolation: 0,interpolation_duration: 1}
$data merge entity $(bone_left_arm) {transformation: [-0.8369f,0.3964f,0.3774f,0.0889f,-0.3684f,0.1018f,-0.9241f,-0.4871f,-0.4047f,-0.9124f,0.0608f,0.0448f,0f,0f,0f,1f],start_interpolation: 0,interpolation_duration: 1}
data modify entity @s data merge value {"cameras":{},"locators":{"barrel1":{"px":-0.06313690437672367,"py":-0.426913151458244,"pz":0.7262562350396997,"ry":359.59291761563225,"rx":3.774336195329658}}}