# This file was generated by Animated Java via MC-Build. It is not recommended to edit this file directly.
$data merge entity $(bone_muzzleflash) {transformation: [0f,0f,0f,-0.1965f,0f,0f,0f,-0.822f,0f,0f,0f,0.3579f,0f,0f,0f,1f],start_interpolation: 0,interpolation_duration: 1}
$data merge entity $(bone_slide) {transformation: [-0.9961f,0.088f,-0.0072f,-0.0376f,0.0873f,0.9936f,0.0713f,-0.3685f,0.0134f,0.0704f,-0.9974f,0.5667f,0f,0f,0f,1f],start_interpolation: 0,interpolation_duration: 1}
$data merge entity $(bone_barrel) {transformation: [-0.9961f,0.088f,-0.0072f,0.0643f,0.0873f,0.9936f,0.0713f,-0.4585f,0.0134f,0.0704f,-0.9974f,0.5595f,0f,0f,0f,1f],start_interpolation: 0,interpolation_duration: 1}
$data merge entity $(bone_magazine) {transformation: [-0.9961f,0.088f,-0.0072f,-0.0507f,0.0873f,0.9936f,0.0713f,-0.4871f,0.0134f,0.0704f,-0.9974f,0.3608f,0f,0f,0f,1f],start_interpolation: 0,interpolation_duration: 1}
$data merge entity $(bone_grip) {transformation: [-0.9961f,0.088f,-0.0072f,-0.0507f,0.0873f,0.9936f,0.0713f,-0.4871f,0.0134f,0.0704f,-0.9974f,0.3608f,0f,0f,0f,1f],start_interpolation: 0,interpolation_duration: 1}
$data merge entity $(bone_trigger) {transformation: [-0.9961f,0.088f,-0.0072f,-0.0501f,0.0873f,0.9936f,0.0713f,-0.4849f,0.0134f,0.0704f,-0.9974f,0.3917f,0f,0f,0f,1f],start_interpolation: 0,interpolation_duration: 1}
$data merge entity $(bone_trigger_gaurd) {transformation: [-0.9961f,0.088f,-0.0072f,-0.0473f,0.0873f,0.9936f,0.0713f,-0.4585f,0.0134f,0.0704f,-0.9974f,0.4261f,0f,0f,0f,1f],start_interpolation: 0,interpolation_duration: 1}
$data merge entity $(bone_right_arm) {transformation: [-0.9961f,-0.0072f,-0.088f,-0.0892f,0.0873f,0.0713f,-0.9936f,-0.4818f,0.0134f,-0.9974f,-0.0704f,0.0326f,0f,0f,0f,1f],start_interpolation: 0,interpolation_duration: 1}
$data merge entity $(bone_magazine1) {transformation: [0f,0f,0f,-0.1072f,0f,0f,0f,-0.4233f,0f,0f,0f,0.3881f,0f,0f,0f,1f],start_interpolation: 0,interpolation_duration: 1}
$data merge entity $(bone_left_arm) {transformation: [-0.837f,0.3963f,0.3773f,0.089f,-0.3662f,0.1068f,-0.9244f,-0.489f,-0.4067f,-0.9119f,0.0557f,0.0434f,0f,0f,0f,1f],start_interpolation: 0,interpolation_duration: 1}
data modify entity @s data merge value {"cameras":{},"locators":{"barrel1":{"px":-0.06298596974471332,"py":-0.4325314021642507,"pz":0.7251911758243585,"ry":359.5866183630335,"rx":4.091336459925631}}}