# This file was generated by Animated Java via MC-Build. It is not recommended to edit this file directly.
$data merge entity $(bone_muzzleflash) {transformation: [0f,0f,0f,-0.1965f,0f,0f,0f,-0.8256f,0f,0f,0f,0.3546f,0f,0f,0f,1f],start_interpolation: 0,interpolation_duration: 1}
$data merge entity $(bone_slide) {transformation: [-0.9961f,0.0881f,-0.0073f,-0.0374f,0.0872f,0.9932f,0.0769f,-0.3733f,0.014f,0.076f,-0.997f,0.5659f,0f,0f,0f,1f],start_interpolation: 0,interpolation_duration: 1}
$data merge entity $(bone_barrel) {transformation: [-0.9961f,0.0881f,-0.0073f,0.0644f,0.0872f,0.9932f,0.0769f,-0.4632f,0.014f,0.076f,-0.997f,0.5582f,0f,0f,0f,1f],start_interpolation: 0,interpolation_duration: 1}
$data merge entity $(bone_magazine) {transformation: [-0.9961f,0.0881f,-0.0073f,-0.0506f,0.0872f,0.9932f,0.0769f,-0.4907f,0.014f,0.076f,-0.997f,0.3594f,0f,0f,0f,1f],start_interpolation: 0,interpolation_duration: 1}
$data merge entity $(bone_grip) {transformation: [-0.9961f,0.0881f,-0.0073f,-0.0506f,0.0872f,0.9932f,0.0769f,-0.4907f,0.014f,0.076f,-0.997f,0.3594f,0f,0f,0f,1f],start_interpolation: 0,interpolation_duration: 1}
$data merge entity $(bone_trigger) {transformation: [-0.9961f,0.0881f,-0.0073f,-0.05f,0.0872f,0.9932f,0.0769f,-0.4887f,0.014f,0.076f,-0.997f,0.3903f,0f,0f,0f,1f],start_interpolation: 0,interpolation_duration: 1}
$data merge entity $(bone_trigger_gaurd) {transformation: [-0.9961f,0.0881f,-0.0073f,-0.0473f,0.0872f,0.9932f,0.0769f,-0.4626f,0.014f,0.076f,-0.997f,0.4248f,0f,0f,0f,1f],start_interpolation: 0,interpolation_duration: 1}
$data merge entity $(bone_right_arm) {transformation: [-0.9961f,-0.0073f,-0.0881f,-0.0891f,0.0872f,0.0769f,-0.9932f,-0.4836f,0.014f,-0.997f,-0.076f,0.0312f,0f,0f,0f,1f],start_interpolation: 0,interpolation_duration: 1}
$data merge entity $(bone_magazine1) {transformation: [0f,0f,0f,-0.1071f,0f,0f,0f,-0.4271f,0f,0f,0f,0.3871f,0f,0f,0f,1f],start_interpolation: 0,interpolation_duration: 1}
$data merge entity $(bone_left_arm) {transformation: [-0.837f,0.3963f,0.3773f,0.0891f,-0.3638f,0.1119f,-0.9247f,-0.4908f,-0.4087f,-0.9113f,0.0505f,0.042f,0f,0f,0f,1f],start_interpolation: 0,interpolation_duration: 1}
data modify entity @s data merge value {"cameras":{},"locators":{"barrel1":{"px":-0.06287254001511905,"py":-0.4382183483634256,"pz":0.7240879791277349,"ry":359.5818168826389,"rx":4.41226598398107}}}