# This file was generated by Animated Java via MC-Build. It is not recommended to edit this file directly.
$data merge entity $(bone_muzzleflash) {transformation: [0f,0f,0f,-0.1964f,0f,0f,0f,-0.8292f,0f,0f,0f,0.3513f,0f,0f,0f,1f],start_interpolation: 0,interpolation_duration: 1}
$data merge entity $(bone_slide) {transformation: [-0.9961f,0.0881f,-0.0073f,-0.0374f,0.0872f,0.9928f,0.0826f,-0.3782f,0.0146f,0.0816f,-0.9966f,0.5652f,0f,0f,0f,1f],start_interpolation: 0,interpolation_duration: 1}
$data merge entity $(bone_barrel) {transformation: [-0.9961f,0.0881f,-0.0073f,0.0644f,0.0872f,0.9928f,0.0826f,-0.4681f,0.0146f,0.0816f,-0.9966f,0.557f,0f,0f,0f,1f],start_interpolation: 0,interpolation_duration: 1}
$data merge entity $(bone_magazine) {transformation: [-0.9961f,0.0881f,-0.0073f,-0.0506f,0.0872f,0.9928f,0.0826f,-0.4944f,0.0146f,0.0816f,-0.9966f,0.358f,0f,0f,0f,1f],start_interpolation: 0,interpolation_duration: 1}
$data merge entity $(bone_grip) {transformation: [-0.9961f,0.0881f,-0.0073f,-0.0506f,0.0872f,0.9928f,0.0826f,-0.4944f,0.0146f,0.0816f,-0.9966f,0.358f,0f,0f,0f,1f],start_interpolation: 0,interpolation_duration: 1}
$data merge entity $(bone_trigger) {transformation: [-0.9961f,0.0881f,-0.0073f,-0.05f,0.0872f,0.9928f,0.0826f,-0.4926f,0.0146f,0.0816f,-0.9966f,0.3889f,0f,0f,0f,1f],start_interpolation: 0,interpolation_duration: 1}
$data merge entity $(bone_trigger_gaurd) {transformation: [-0.9961f,0.0881f,-0.0073f,-0.0472f,0.0872f,0.9928f,0.0826f,-0.4666f,0.0146f,0.0816f,-0.9966f,0.4235f,0f,0f,0f,1f],start_interpolation: 0,interpolation_duration: 1}
$data merge entity $(bone_right_arm) {transformation: [-0.9961f,-0.0073f,-0.0881f,-0.0891f,0.0872f,0.0826f,-0.9928f,-0.4854f,0.0146f,-0.9966f,-0.0816f,0.0298f,0f,0f,0f,1f],start_interpolation: 0,interpolation_duration: 1}
$data merge entity $(bone_magazine1) {transformation: [0f,0f,0f,-0.107f,0f,0f,0f,-0.4309f,0f,0f,0f,0.386f,0f,0f,0f,1f],start_interpolation: 0,interpolation_duration: 1}
$data merge entity $(bone_left_arm) {transformation: [-0.8371f,0.3962f,0.3773f,0.0891f,-0.3615f,0.1171f,-0.925f,-0.4927f,-0.4107f,-0.9107f,0.0452f,0.0406f,0f,0f,0f,1f],start_interpolation: 0,interpolation_duration: 1}
data modify entity @s data merge value {"cameras":{},"locators":{"barrel1":{"px":-0.06279507355713557,"py":-0.44396521080984847,"pz":0.7229486975323427,"ry":359.5784531592306,"rx":4.736614863569217}}}