# This file was generated by Animated Java via MC-Build. It is not recommended to edit this file directly.
$data merge entity $(bone_muzzleflash) {transformation: [0f,0f,0f,-0.1964f,0f,0f,0f,-0.8329f,0f,0f,0f,0.348f,0f,0f,0f,1f],start_interpolation: 0,interpolation_duration: 1}
$data merge entity $(bone_slide) {transformation: [-0.9961f,0.0881f,-0.0074f,-0.0373f,0.0872f,0.9923f,0.0883f,-0.3831f,0.0151f,0.0873f,-0.9961f,0.5644f,0f,0f,0f,1f],start_interpolation: 0,interpolation_duration: 1}
$data merge entity $(bone_barrel) {transformation: [-0.9961f,0.0881f,-0.0074f,0.0645f,0.0872f,0.9923f,0.0883f,-0.4729f,0.0151f,0.0873f,-0.9961f,0.5556f,0f,0f,0f,1f],start_interpolation: 0,interpolation_duration: 1}
$data merge entity $(bone_magazine) {transformation: [-0.9961f,0.0881f,-0.0074f,-0.0506f,0.0872f,0.9923f,0.0883f,-0.4981f,0.0151f,0.0873f,-0.9961f,0.3565f,0f,0f,0f,1f],start_interpolation: 0,interpolation_duration: 1}
$data merge entity $(bone_grip) {transformation: [-0.9961f,0.0881f,-0.0074f,-0.0506f,0.0872f,0.9923f,0.0883f,-0.4981f,0.0151f,0.0873f,-0.9961f,0.3565f,0f,0f,0f,1f],start_interpolation: 0,interpolation_duration: 1}
$data merge entity $(bone_trigger) {transformation: [-0.9961f,0.0881f,-0.0074f,-0.0499f,0.0872f,0.9923f,0.0883f,-0.4965f,0.0151f,0.0873f,-0.9961f,0.3874f,0f,0f,0f,1f],start_interpolation: 0,interpolation_duration: 1}
$data merge entity $(bone_trigger_gaurd) {transformation: [-0.9961f,0.0881f,-0.0074f,-0.0472f,0.0872f,0.9923f,0.0883f,-0.4707f,0.0151f,0.0873f,-0.9961f,0.4222f,0f,0f,0f,1f],start_interpolation: 0,interpolation_duration: 1}
$data merge entity $(bone_right_arm) {transformation: [-0.9961f,-0.0074f,-0.0881f,-0.0891f,0.0872f,0.0883f,-0.9923f,-0.4872f,0.0151f,-0.9961f,-0.0873f,0.0284f,0f,0f,0f,1f],start_interpolation: 0,interpolation_duration: 1}
$data merge entity $(bone_magazine1) {transformation: [0f,0f,0f,-0.107f,0f,0f,0f,-0.4348f,0f,0f,0f,0.3849f,0f,0f,0f,1f],start_interpolation: 0,interpolation_duration: 1}
$data merge entity $(bone_left_arm) {transformation: [-0.8371f,0.3962f,0.3773f,0.0891f,-0.3591f,0.1223f,-0.9252f,-0.4946f,-0.4127f,-0.91f,0.0399f,0.0391f,0f,0f,0f,1f],start_interpolation: 0,interpolation_duration: 1}
data modify entity @s data merge value {"cameras":{},"locators":{"barrel1":{"px":-0.06275202635892821,"py":-0.44976322938222885,"pz":0.7217755176261489,"ry":359.57646718739295,"rx":5.0638731947634446}}}