# This file was generated by Animated Java via MC-Build. It is not recommended to edit this file directly.
$data merge entity $(bone_muzzleflash) {transformation: [0f,0f,0f,-0.1964f,0f,0f,0f,-0.8366f,0f,0f,0f,0.3446f,0f,0f,0f,1f],start_interpolation: 0,interpolation_duration: 1}
$data merge entity $(bone_slide) {transformation: [-0.9961f,0.0882f,-0.0074f,-0.0373f,0.0871f,0.9918f,0.094f,-0.388f,0.0156f,0.093f,-0.9955f,0.5635f,0f,0f,0f,1f],start_interpolation: 0,interpolation_duration: 1}
$data merge entity $(bone_barrel) {transformation: [-0.9961f,0.0882f,-0.0074f,0.0645f,0.0871f,0.9918f,0.094f,-0.4778f,0.0156f,0.093f,-0.9955f,0.5543f,0f,0f,0f,1f],start_interpolation: 0,interpolation_duration: 1}
$data merge entity $(bone_magazine) {transformation: [-0.9961f,0.0882f,-0.0074f,-0.0506f,0.0871f,0.9918f,0.094f,-0.5019f,0.0156f,0.093f,-0.9955f,0.355f,0f,0f,0f,1f],start_interpolation: 0,interpolation_duration: 1}
$data merge entity $(bone_grip) {transformation: [-0.9961f,0.0882f,-0.0074f,-0.0506f,0.0871f,0.9918f,0.094f,-0.5019f,0.0156f,0.093f,-0.9955f,0.355f,0f,0f,0f,1f],start_interpolation: 0,interpolation_duration: 1}
$data merge entity $(bone_trigger) {transformation: [-0.9961f,0.0882f,-0.0074f,-0.0499f,0.0871f,0.9918f,0.094f,-0.5004f,0.0156f,0.093f,-0.9955f,0.3859f,0f,0f,0f,1f],start_interpolation: 0,interpolation_duration: 1}
$data merge entity $(bone_trigger_gaurd) {transformation: [-0.9961f,0.0882f,-0.0074f,-0.0472f,0.0871f,0.9918f,0.094f,-0.4748f,0.0156f,0.093f,-0.9955f,0.4209f,0f,0f,0f,1f],start_interpolation: 0,interpolation_duration: 1}
$data merge entity $(bone_right_arm) {transformation: [-0.9961f,-0.0074f,-0.0882f,-0.0891f,0.0871f,0.094f,-0.9918f,-0.4891f,0.0156f,-0.9955f,-0.093f,0.027f,0f,0f,0f,1f],start_interpolation: 0,interpolation_duration: 1}
$data merge entity $(bone_magazine1) {transformation: [0f,0f,0f,-0.107f,0f,0f,0f,-0.4387f,0f,0f,0f,0.3838f,0f,0f,0f,1f],start_interpolation: 0,interpolation_duration: 1}
$data merge entity $(bone_left_arm) {transformation: [-0.8371f,0.3962f,0.3772f,0.0891f,-0.3567f,0.1275f,-0.9255f,-0.4965f,-0.4147f,-0.9093f,0.0346f,0.0377f,0f,0f,0f,1f],start_interpolation: 0,interpolation_duration: 1}
data modify entity @s data merge value {"cameras":{},"locators":{"barrel1":{"px":-0.06274185245434742,"py":-0.45560366562674415,"pz":0.720570763340632,"ry":359.57579897180767,"rx":5.3935310736373605}}}