# This file was generated by Animated Java via MC-Build. It is not recommended to edit this file directly.
$data merge entity $(bone_muzzleflash) {transformation: [0f,0f,0f,-0.1964f,0f,0f,0f,-0.8403f,0f,0f,0f,0.3411f,0f,0f,0f,1f],start_interpolation: 0,interpolation_duration: 1}
$data merge entity $(bone_slide) {transformation: [-0.9961f,0.0882f,-0.0074f,-0.0373f,0.0871f,0.9912f,0.0998f,-0.393f,0.0161f,0.0987f,-0.995f,0.5627f,0f,0f,0f,1f],start_interpolation: 0,interpolation_duration: 1}
$data merge entity $(bone_barrel) {transformation: [-0.9961f,0.0882f,-0.0074f,0.0645f,0.0871f,0.9912f,0.0998f,-0.4827f,0.0161f,0.0987f,-0.995f,0.5529f,0f,0f,0f,1f],start_interpolation: 0,interpolation_duration: 1}
$data merge entity $(bone_magazine) {transformation: [-0.9961f,0.0882f,-0.0074f,-0.0506f,0.0871f,0.9912f,0.0998f,-0.5056f,0.0161f,0.0987f,-0.995f,0.3535f,0f,0f,0f,1f],start_interpolation: 0,interpolation_duration: 1}
$data merge entity $(bone_grip) {transformation: [-0.9961f,0.0882f,-0.0074f,-0.0506f,0.0871f,0.9912f,0.0998f,-0.5056f,0.0161f,0.0987f,-0.995f,0.3535f,0f,0f,0f,1f],start_interpolation: 0,interpolation_duration: 1}
$data merge entity $(bone_trigger) {transformation: [-0.9961f,0.0882f,-0.0074f,-0.05f,0.0871f,0.9912f,0.0998f,-0.5043f,0.0161f,0.0987f,-0.995f,0.3844f,0f,0f,0f,1f],start_interpolation: 0,interpolation_duration: 1}
$data merge entity $(bone_trigger_gaurd) {transformation: [-0.9961f,0.0882f,-0.0074f,-0.0472f,0.0871f,0.9912f,0.0998f,-0.479f,0.0161f,0.0987f,-0.995f,0.4196f,0f,0f,0f,1f],start_interpolation: 0,interpolation_duration: 1}
$data merge entity $(bone_right_arm) {transformation: [-0.9961f,-0.0074f,-0.0882f,-0.0891f,0.0871f,0.0998f,-0.9912f,-0.4909f,0.0161f,-0.995f,-0.0987f,0.0256f,0f,0f,0f,1f],start_interpolation: 0,interpolation_duration: 1}
$data merge entity $(bone_magazine1) {transformation: [0f,0f,0f,-0.107f,0f,0f,0f,-0.4426f,0f,0f,0f,0.3827f,0f,0f,0f,1f],start_interpolation: 0,interpolation_duration: 1}
$data merge entity $(bone_left_arm) {transformation: [-0.8371f,0.3962f,0.3772f,0.0891f,-0.3543f,0.1327f,-0.9257f,-0.4985f,-0.4168f,-0.9085f,0.0292f,0.0362f,0f,0f,0f,1f],start_interpolation: 0,interpolation_duration: 1}
data modify entity @s data merge value {"cameras":{},"locators":{"barrel1":{"px":-0.06276300438709789,"py":-0.4614778052872199,"pz":0.7193368986827313,"ry":359.57638852751586,"rx":5.725078596265077}}}