# This file was generated by Animated Java via MC-Build. It is not recommended to edit this file directly.
$data merge entity $(bone_muzzleflash) {transformation: [0f,0f,0f,-0.2222f,0f,0f,0f,-0.7457f,0f,0f,0f,0.4008f,0f,0f,0f,1f],start_interpolation: 0,interpolation_duration: 1}
$data merge entity $(bone_slide) {transformation: [-0.992f,0.1259f,-0.0013f,-0.0466f,0.1259f,0.992f,-0.0104f,-0.283f,0f,-0.0105f,-0.9999f,0.5728f,0f,0f,0f,1f],start_interpolation: 0,interpolation_duration: 1}
$data merge entity $(bone_barrel) {transformation: [-0.992f,0.1259f,-0.0013f,0.0517f,0.1259f,0.992f,-0.0104f,-0.3771f,0f,-0.0105f,-0.9999f,0.5736f,0f,0f,0f,1f],start_interpolation: 0,interpolation_duration: 1}
$data merge entity $(bone_magazine) {transformation: [-0.992f,0.1259f,-0.0013f,-0.0637f,0.1259f,0.992f,-0.0104f,-0.4175f,0f,-0.0105f,-0.9999f,0.3772f,0f,0f,0f,1f],start_interpolation: 0,interpolation_duration: 1}
$data merge entity $(bone_grip) {transformation: [-0.992f,0.1259f,-0.0013f,-0.0637f,0.1259f,0.992f,-0.0104f,-0.4175f,0f,-0.0105f,-0.9999f,0.3772f,0f,0f,0f,1f],start_interpolation: 0,interpolation_duration: 1}
$data merge entity $(bone_trigger) {transformation: [-0.992f,0.1259f,-0.0013f,-0.0631f,0.1259f,0.992f,-0.0104f,-0.4128f,0f,-0.0105f,-0.9999f,0.4078f,0f,0f,0f,1f],start_interpolation: 0,interpolation_duration: 1}
$data merge entity $(bone_trigger_gaurd) {transformation: [-0.992f,0.1259f,-0.0013f,-0.0594f,0.1259f,0.992f,-0.0104f,-0.3839f,0f,-0.0105f,-0.9999f,0.44f,0f,0f,0f,1f],start_interpolation: 0,interpolation_duration: 1}
$data merge entity $(bone_right_arm) {transformation: [-0.992f,-0.0013f,-0.1259f,-0.1009f,0.1259f,-0.0104f,-0.992f,-0.4376f,0f,-0.9999f,0.0105f,0.0494f,0f,0f,0f,1f],start_interpolation: 0,interpolation_duration: 1}
$data merge entity $(bone_magazine1) {transformation: [0f,0f,0f,-0.1177f,0f,0f,0f,-0.3496f,0f,0f,0f,0.3989f,0f,0f,0f,1f],start_interpolation: 0,interpolation_duration: 1}
$data merge entity $(bone_left_arm) {transformation: [-0.8492f,0.403f,0.3414f,0.0769f,-0.3662f,0.0166f,-0.9304f,-0.4507f,-0.3806f,-0.9151f,0.1335f,0.062f,0f,0f,0f,1f],start_interpolation: 0,interpolation_duration: 1}
data modify entity @s data merge value {"cameras":{},"locators":{"barrel1":{"px":-0.07495509544760048,"py":-0.33283095044780914,"pz":0.7358450030029864,"ry":359.92329848786073,"rx":-0.5982587842466043}}}