# This file was generated by Animated Java via MC-Build. It is not recommended to edit this file directly.
$data merge entity $(bone_muzzleflash) {transformation: [0f,0f,0f,-0.1965f,0f,0f,0f,-0.8439f,0f,0f,0f,0.3377f,0f,0f,0f,1f],start_interpolation: 0,interpolation_duration: 1}
$data merge entity $(bone_slide) {transformation: [-0.9961f,0.0883f,-0.0073f,-0.0374f,0.087f,0.9906f,0.1055f,-0.398f,0.0166f,0.1045f,-0.9944f,0.5618f,0f,0f,0f,1f],start_interpolation: 0,interpolation_duration: 1}
$data merge entity $(bone_barrel) {transformation: [-0.9961f,0.0883f,-0.0073f,0.0644f,0.087f,0.9906f,0.1055f,-0.4876f,0.0166f,0.1045f,-0.9944f,0.5516f,0f,0f,0f,1f],start_interpolation: 0,interpolation_duration: 1}
$data merge entity $(bone_magazine) {transformation: [-0.9961f,0.0883f,-0.0073f,-0.0506f,0.087f,0.9906f,0.1055f,-0.5094f,0.0166f,0.1045f,-0.9944f,0.352f,0f,0f,0f,1f],start_interpolation: 0,interpolation_duration: 1}
$data merge entity $(bone_grip) {transformation: [-0.9961f,0.0883f,-0.0073f,-0.0506f,0.087f,0.9906f,0.1055f,-0.5094f,0.0166f,0.1045f,-0.9944f,0.352f,0f,0f,0f,1f],start_interpolation: 0,interpolation_duration: 1}
$data merge entity $(bone_trigger) {transformation: [-0.9961f,0.0883f,-0.0073f,-0.05f,0.087f,0.9906f,0.1055f,-0.5083f,0.0166f,0.1045f,-0.9944f,0.3829f,0f,0f,0f,1f],start_interpolation: 0,interpolation_duration: 1}
$data merge entity $(bone_trigger_gaurd) {transformation: [-0.9961f,0.0883f,-0.0073f,-0.0472f,0.087f,0.9906f,0.1055f,-0.4831f,0.0166f,0.1045f,-0.9944f,0.4182f,0f,0f,0f,1f],start_interpolation: 0,interpolation_duration: 1}
$data merge entity $(bone_right_arm) {transformation: [-0.9961f,-0.0073f,-0.0883f,-0.0891f,0.087f,0.1055f,-0.9906f,-0.4928f,0.0166f,-0.9944f,-0.1045f,0.0242f,0f,0f,0f,1f],start_interpolation: 0,interpolation_duration: 1}
$data merge entity $(bone_magazine1) {transformation: [0f,0f,0f,-0.1071f,0f,0f,0f,-0.4466f,0f,0f,0f,0.3815f,0f,0f,0f,1f],start_interpolation: 0,interpolation_duration: 1}
$data merge entity $(bone_left_arm) {transformation: [-0.8371f,0.3962f,0.3771f,0.0891f,-0.3518f,0.138f,-0.9258f,-0.5004f,-0.4189f,-0.9077f,0.0239f,0.0348f,0f,0f,0f,1f],start_interpolation: 0,interpolation_duration: 1}
data modify entity @s data merge value {"cameras":{},"locators":{"barrel1":{"px":-0.06281393370867643,"py":-0.4673769608012738,"pz":0.7180765298630231,"ry":359.5781758801486,"rx":6.0580058587212156}}}