# This file was generated by Animated Java via MC-Build. It is not recommended to edit this file directly.
$data merge entity $(bone_muzzleflash) {transformation: [0f,0f,0f,-0.1966f,0f,0f,0f,-0.8476f,0f,0f,0f,0.3342f,0f,0f,0f,1f],start_interpolation: 0,interpolation_duration: 1}
$data merge entity $(bone_slide) {transformation: [-0.9961f,0.0883f,-0.0073f,-0.0375f,0.0869f,0.99f,0.1113f,-0.403f,0.017f,0.1103f,-0.9938f,0.561f,0f,0f,0f,1f],start_interpolation: 0,interpolation_duration: 1}
$data merge entity $(bone_barrel) {transformation: [-0.9961f,0.0883f,-0.0073f,0.0643f,0.0869f,0.99f,0.1113f,-0.4926f,0.017f,0.1103f,-0.9938f,0.5502f,0f,0f,0f,1f],start_interpolation: 0,interpolation_duration: 1}
$data merge entity $(bone_magazine) {transformation: [-0.9961f,0.0883f,-0.0073f,-0.0507f,0.0869f,0.99f,0.1113f,-0.5132f,0.017f,0.1103f,-0.9938f,0.3505f,0f,0f,0f,1f],start_interpolation: 0,interpolation_duration: 1}
$data merge entity $(bone_grip) {transformation: [-0.9961f,0.0883f,-0.0073f,-0.0507f,0.0869f,0.99f,0.1113f,-0.5132f,0.017f,0.1103f,-0.9938f,0.3505f,0f,0f,0f,1f],start_interpolation: 0,interpolation_duration: 1}
$data merge entity $(bone_trigger) {transformation: [-0.9961f,0.0883f,-0.0073f,-0.0501f,0.0869f,0.99f,0.1113f,-0.5123f,0.017f,0.1103f,-0.9938f,0.3814f,0f,0f,0f,1f],start_interpolation: 0,interpolation_duration: 1}
$data merge entity $(bone_trigger_gaurd) {transformation: [-0.9961f,0.0883f,-0.0073f,-0.0473f,0.0869f,0.99f,0.1113f,-0.4873f,0.017f,0.1103f,-0.9938f,0.4169f,0f,0f,0f,1f],start_interpolation: 0,interpolation_duration: 1}
$data merge entity $(bone_right_arm) {transformation: [-0.9961f,-0.0073f,-0.0883f,-0.0892f,0.0869f,0.1113f,-0.99f,-0.4947f,0.017f,-0.9938f,-0.1103f,0.0228f,0f,0f,0f,1f],start_interpolation: 0,interpolation_duration: 1}
$data merge entity $(bone_magazine1) {transformation: [0f,0f,0f,-0.1071f,0f,0f,0f,-0.4505f,0f,0f,0f,0.3804f,0f,0f,0f,1f],start_interpolation: 0,interpolation_duration: 1}
$data merge entity $(bone_left_arm) {transformation: [-0.8371f,0.3963f,0.3771f,0.089f,-0.3493f,0.1433f,-0.926f,-0.5023f,-0.421f,-0.9069f,0.0185f,0.0333f,0f,0f,0f,1f],start_interpolation: 0,interpolation_duration: 1}
data modify entity @s data merge value {"cameras":{},"locators":{"barrel1":{"px":-0.06289309150586685,"py":-0.47329247374048267,"pz":0.7167924068230673,"ry":359.58110106612554,"rx":6.391802957081164}}}