# This file was generated by Animated Java via MC-Build. It is not recommended to edit this file directly.
$data merge entity $(bone_muzzleflash) {transformation: [0f,0f,0f,-0.1967f,0f,0f,0f,-0.8513f,0f,0f,0f,0.3307f,0f,0f,0f,1f],start_interpolation: 0,interpolation_duration: 1}
$data merge entity $(bone_slide) {transformation: [-0.9961f,0.0883f,-0.0072f,-0.0375f,0.0869f,0.9893f,0.1171f,-0.408f,0.0175f,0.116f,-0.9931f,0.5601f,0f,0f,0f,1f],start_interpolation: 0,interpolation_duration: 1}
$data merge entity $(bone_barrel) {transformation: [-0.9961f,0.0883f,-0.0072f,0.0642f,0.0869f,0.9893f,0.1171f,-0.4976f,0.0175f,0.116f,-0.9931f,0.5488f,0f,0f,0f,1f],start_interpolation: 0,interpolation_duration: 1}
$data merge entity $(bone_magazine) {transformation: [-0.9961f,0.0883f,-0.0072f,-0.0508f,0.0869f,0.9893f,0.1171f,-0.517f,0.0175f,0.116f,-0.9931f,0.349f,0f,0f,0f,1f],start_interpolation: 0,interpolation_duration: 1}
$data merge entity $(bone_grip) {transformation: [-0.9961f,0.0883f,-0.0072f,-0.0508f,0.0869f,0.9893f,0.1171f,-0.517f,0.0175f,0.116f,-0.9931f,0.349f,0f,0f,0f,1f],start_interpolation: 0,interpolation_duration: 1}
$data merge entity $(bone_trigger) {transformation: [-0.9961f,0.0883f,-0.0072f,-0.0501f,0.0869f,0.9893f,0.1171f,-0.5162f,0.0175f,0.116f,-0.9931f,0.3799f,0f,0f,0f,1f],start_interpolation: 0,interpolation_duration: 1}
$data merge entity $(bone_trigger_gaurd) {transformation: [-0.9961f,0.0883f,-0.0072f,-0.0474f,0.0869f,0.9893f,0.1171f,-0.4915f,0.0175f,0.116f,-0.9931f,0.4155f,0f,0f,0f,1f],start_interpolation: 0,interpolation_duration: 1}
$data merge entity $(bone_right_arm) {transformation: [-0.9961f,-0.0072f,-0.0883f,-0.0892f,0.0869f,0.1171f,-0.9893f,-0.4965f,0.0175f,-0.9931f,-0.116f,0.0214f,0f,0f,0f,1f],start_interpolation: 0,interpolation_duration: 1}
$data merge entity $(bone_magazine1) {transformation: [0f,0f,0f,-0.1072f,0f,0f,0f,-0.4545f,0f,0f,0f,0.3792f,0f,0f,0f,1f],start_interpolation: 0,interpolation_duration: 1}
$data merge entity $(bone_left_arm) {transformation: [-0.8371f,0.3963f,0.3771f,0.089f,-0.3468f,0.1485f,-0.9261f,-0.5043f,-0.4231f,-0.906f,0.0131f,0.0319f,0f,0f,0f,1f],start_interpolation: 0,interpolation_duration: 1}
data modify entity @s data merge value {"cameras":{},"locators":{"barrel1":{"px":-0.06299892895310881,"py":-0.4792157171721896,"pz":0.7154874241654734,"ry":359.58510413282124,"rx":6.725959987421196}}}