# This file was generated by Animated Java via MC-Build. It is not recommended to edit this file directly.
$data merge entity $(bone_muzzleflash) {transformation: [0f,0f,0f,-0.1968f,0f,0f,0f,-0.855f,0f,0f,0f,0.3272f,0f,0f,0f,1f],start_interpolation: 0,interpolation_duration: 1}
$data merge entity $(bone_slide) {transformation: [-0.9961f,0.0883f,-0.0071f,-0.0377f,0.0868f,0.9886f,0.1229f,-0.413f,0.0179f,0.1218f,-0.9924f,0.5592f,0f,0f,0f,1f],start_interpolation: 0,interpolation_duration: 1}
$data merge entity $(bone_barrel) {transformation: [-0.9961f,0.0883f,-0.0071f,0.0641f,0.0868f,0.9886f,0.1229f,-0.5025f,0.0179f,0.1218f,-0.9924f,0.5474f,0f,0f,0f,1f],start_interpolation: 0,interpolation_duration: 1}
$data merge entity $(bone_magazine) {transformation: [-0.9961f,0.0883f,-0.0071f,-0.0509f,0.0868f,0.9886f,0.1229f,-0.5208f,0.0179f,0.1218f,-0.9924f,0.3474f,0f,0f,0f,1f],start_interpolation: 0,interpolation_duration: 1}
$data merge entity $(bone_grip) {transformation: [-0.9961f,0.0883f,-0.0071f,-0.0509f,0.0868f,0.9886f,0.1229f,-0.5208f,0.0179f,0.1218f,-0.9924f,0.3474f,0f,0f,0f,1f],start_interpolation: 0,interpolation_duration: 1}
$data merge entity $(bone_trigger) {transformation: [-0.9961f,0.0883f,-0.0071f,-0.0502f,0.0868f,0.9886f,0.1229f,-0.5202f,0.0179f,0.1218f,-0.9924f,0.3784f,0f,0f,0f,1f],start_interpolation: 0,interpolation_duration: 1}
$data merge entity $(bone_trigger_gaurd) {transformation: [-0.9961f,0.0883f,-0.0071f,-0.0475f,0.0868f,0.9886f,0.1229f,-0.4956f,0.0179f,0.1218f,-0.9924f,0.4141f,0f,0f,0f,1f],start_interpolation: 0,interpolation_duration: 1}
$data merge entity $(bone_right_arm) {transformation: [-0.9961f,-0.0071f,-0.0883f,-0.0893f,0.0868f,0.1229f,-0.9886f,-0.4984f,0.0179f,-0.9924f,-0.1218f,0.0199f,0f,0f,0f,1f],start_interpolation: 0,interpolation_duration: 1}
$data merge entity $(bone_magazine1) {transformation: [0f,0f,0f,-0.1073f,0f,0f,0f,-0.4584f,0f,0f,0f,0.378f,0f,0f,0f,1f],start_interpolation: 0,interpolation_duration: 1}
$data merge entity $(bone_left_arm) {transformation: [-0.8371f,0.3964f,0.377f,0.0889f,-0.3443f,0.1538f,-0.9262f,-0.5062f,-0.4251f,-0.9051f,0.0078f,0.0304f,0f,0f,0f,1f],start_interpolation: 0,interpolation_duration: 1}
data modify entity @s data merge value {"cameras":{},"locators":{"barrel1":{"px":-0.06312989788464109,"py":-0.4851380979202994,"pz":0.7141646214908322,"ry":359.5901251386988,"rx":7.059967045818643}}}