# This file was generated by Animated Java via MC-Build. It is not recommended to edit this file directly.
$data merge entity $(bone_muzzleflash) {transformation: [0f,0f,0f,-0.1969f,0f,0f,0f,-0.8586f,0f,0f,0f,0.3237f,0f,0f,0f,1f],start_interpolation: 0,interpolation_duration: 1}
$data merge entity $(bone_slide) {transformation: [-0.9961f,0.0884f,-0.007f,-0.0378f,0.0867f,0.9879f,0.1287f,-0.418f,0.0183f,0.1276f,-0.9917f,0.5583f,0f,0f,0f,1f],start_interpolation: 0,interpolation_duration: 1}
$data merge entity $(bone_barrel) {transformation: [-0.9961f,0.0884f,-0.007f,0.064f,0.0867f,0.9879f,0.1287f,-0.5075f,0.0183f,0.1276f,-0.9917f,0.5459f,0f,0f,0f,1f],start_interpolation: 0,interpolation_duration: 1}
$data merge entity $(bone_magazine) {transformation: [-0.9961f,0.0884f,-0.007f,-0.051f,0.0867f,0.9879f,0.1287f,-0.5245f,0.0183f,0.1276f,-0.9917f,0.3459f,0f,0f,0f,1f],start_interpolation: 0,interpolation_duration: 1}
$data merge entity $(bone_grip) {transformation: [-0.9961f,0.0884f,-0.007f,-0.051f,0.0867f,0.9879f,0.1287f,-0.5245f,0.0183f,0.1276f,-0.9917f,0.3459f,0f,0f,0f,1f],start_interpolation: 0,interpolation_duration: 1}
$data merge entity $(bone_trigger) {transformation: [-0.9961f,0.0884f,-0.007f,-0.0504f,0.0867f,0.9879f,0.1287f,-0.5241f,0.0183f,0.1276f,-0.9917f,0.3768f,0f,0f,0f,1f],start_interpolation: 0,interpolation_duration: 1}
$data merge entity $(bone_trigger_gaurd) {transformation: [-0.9961f,0.0884f,-0.007f,-0.0476f,0.0867f,0.9879f,0.1287f,-0.4998f,0.0183f,0.1276f,-0.9917f,0.4127f,0f,0f,0f,1f],start_interpolation: 0,interpolation_duration: 1}
$data merge entity $(bone_right_arm) {transformation: [-0.9961f,-0.007f,-0.0884f,-0.0894f,0.0867f,0.1287f,-0.9879f,-0.5003f,0.0183f,-0.9917f,-0.1276f,0.0185f,0f,0f,0f,1f],start_interpolation: 0,interpolation_duration: 1}
$data merge entity $(bone_magazine1) {transformation: [0f,0f,0f,-0.1074f,0f,0f,0f,-0.4624f,0f,0f,0f,0.3768f,0f,0f,0f,1f],start_interpolation: 0,interpolation_duration: 1}
$data merge entity $(bone_left_arm) {transformation: [-0.837f,0.3965f,0.377f,0.0888f,-0.3418f,0.159f,-0.9262f,-0.5082f,-0.4272f,-0.9041f,0.0024f,0.029f,0f,0f,0f,1f],start_interpolation: 0,interpolation_duration: 1}
data modify entity @s data merge value {"cameras":{},"locators":{"barrel1":{"px":-0.06328445138096116,"py":-0.4910510587022891,"pz":0.7128271831462474,"ry":359.5961041534108,"rx":7.393314228352085}}}