# This file was generated by Animated Java via MC-Build. It is not recommended to edit this file directly.
$data merge entity $(bone_muzzleflash) {transformation: [0f,0f,0f,-0.197f,0f,0f,0f,-0.8623f,0f,0f,0f,0.3202f,0f,0f,0f,1f],start_interpolation: 0,interpolation_duration: 1}
$data merge entity $(bone_slide) {transformation: [-0.9961f,0.0884f,-0.0069f,-0.038f,0.0867f,0.9871f,0.1344f,-0.423f,0.0187f,0.1333f,-0.9909f,0.5573f,0f,0f,0f,1f],start_interpolation: 0,interpolation_duration: 1}
$data merge entity $(bone_barrel) {transformation: [-0.9961f,0.0884f,-0.0069f,0.0638f,0.0867f,0.9871f,0.1344f,-0.5124f,0.0187f,0.1333f,-0.9909f,0.5445f,0f,0f,0f,1f],start_interpolation: 0,interpolation_duration: 1}
$data merge entity $(bone_magazine) {transformation: [-0.9961f,0.0884f,-0.0069f,-0.0511f,0.0867f,0.9871f,0.1344f,-0.5283f,0.0187f,0.1333f,-0.9909f,0.3444f,0f,0f,0f,1f],start_interpolation: 0,interpolation_duration: 1}
$data merge entity $(bone_grip) {transformation: [-0.9961f,0.0884f,-0.0069f,-0.0511f,0.0867f,0.9871f,0.1344f,-0.5283f,0.0187f,0.1333f,-0.9909f,0.3444f,0f,0f,0f,1f],start_interpolation: 0,interpolation_duration: 1}
$data merge entity $(bone_trigger) {transformation: [-0.9961f,0.0884f,-0.0069f,-0.0505f,0.0867f,0.9871f,0.1344f,-0.5281f,0.0187f,0.1333f,-0.9909f,0.3753f,0f,0f,0f,1f],start_interpolation: 0,interpolation_duration: 1}
$data merge entity $(bone_trigger_gaurd) {transformation: [-0.9961f,0.0884f,-0.0069f,-0.0477f,0.0867f,0.9871f,0.1344f,-0.504f,0.0187f,0.1333f,-0.9909f,0.4113f,0f,0f,0f,1f],start_interpolation: 0,interpolation_duration: 1}
$data merge entity $(bone_right_arm) {transformation: [-0.9961f,-0.0069f,-0.0884f,-0.0895f,0.0867f,0.1344f,-0.9871f,-0.5022f,0.0187f,-0.9909f,-0.1333f,0.0171f,0f,0f,0f,1f],start_interpolation: 0,interpolation_duration: 1}
$data merge entity $(bone_magazine1) {transformation: [0f,0f,0f,-0.1076f,0f,0f,0f,-0.4663f,0f,0f,0f,0.3757f,0f,0f,0f,1f],start_interpolation: 0,interpolation_duration: 1}
$data merge entity $(bone_left_arm) {transformation: [-0.837f,0.3966f,0.377f,0.0887f,-0.3393f,0.1643f,-0.9262f,-0.5101f,-0.4293f,-0.9032f,-0.0029f,0.0276f,0f,0f,0f,1f],start_interpolation: 0,interpolation_duration: 1}
data modify entity @s data merge value {"cameras":{},"locators":{"barrel1":{"px":-0.06346104436383555,"py":-0.4969460801196727,"pz":0.711478437390757,"ry":359.60298125786517,"rx":7.725491631101443}}}