# This file was generated by Animated Java via MC-Build. It is not recommended to edit this file directly.
$data merge entity $(bone_muzzleflash) {transformation: [0f,0f,0f,-0.1972f,0f,0f,0f,-0.8659f,0f,0f,0f,0.3167f,0f,0f,0f,1f],start_interpolation: 0,interpolation_duration: 1}
$data merge entity $(bone_slide) {transformation: [-0.9961f,0.0884f,-0.0067f,-0.0381f,0.0866f,0.9863f,0.1401f,-0.428f,0.019f,0.139f,-0.9901f,0.5564f,0f,0f,0f,1f],start_interpolation: 0,interpolation_duration: 1}
$data merge entity $(bone_barrel) {transformation: [-0.9961f,0.0884f,-0.0067f,0.0637f,0.0866f,0.9863f,0.1401f,-0.5173f,0.019f,0.139f,-0.9901f,0.5431f,0f,0f,0f,1f],start_interpolation: 0,interpolation_duration: 1}
$data merge entity $(bone_magazine) {transformation: [-0.9961f,0.0884f,-0.0067f,-0.0513f,0.0866f,0.9863f,0.1401f,-0.532f,0.019f,0.139f,-0.9901f,0.3428f,0f,0f,0f,1f],start_interpolation: 0,interpolation_duration: 1}
$data merge entity $(bone_grip) {transformation: [-0.9961f,0.0884f,-0.0067f,-0.0513f,0.0866f,0.9863f,0.1401f,-0.532f,0.019f,0.139f,-0.9901f,0.3428f,0f,0f,0f,1f],start_interpolation: 0,interpolation_duration: 1}
$data merge entity $(bone_trigger) {transformation: [-0.9961f,0.0884f,-0.0067f,-0.0507f,0.0866f,0.9863f,0.1401f,-0.532f,0.019f,0.139f,-0.9901f,0.3738f,0f,0f,0f,1f],start_interpolation: 0,interpolation_duration: 1}
$data merge entity $(bone_trigger_gaurd) {transformation: [-0.9961f,0.0884f,-0.0067f,-0.0479f,0.0866f,0.9863f,0.1401f,-0.5081f,0.019f,0.139f,-0.9901f,0.4099f,0f,0f,0f,1f],start_interpolation: 0,interpolation_duration: 1}
$data merge entity $(bone_right_arm) {transformation: [-0.9961f,-0.0067f,-0.0884f,-0.0896f,0.0866f,0.1401f,-0.9863f,-0.504f,0.019f,-0.9901f,-0.139f,0.0158f,0f,0f,0f,1f],start_interpolation: 0,interpolation_duration: 1}
$data merge entity $(bone_magazine1) {transformation: [0f,0f,0f,-0.1077f,0f,0f,0f,-0.4703f,0f,0f,0f,0.3745f,0f,0f,0f,1f],start_interpolation: 0,interpolation_duration: 1}
$data merge entity $(bone_left_arm) {transformation: [-0.837f,0.3968f,0.3769f,0.0886f,-0.3368f,0.1695f,-0.9262f,-0.512f,-0.4314f,-0.9021f,-0.0082f,0.0262f,0f,0f,0f,1f],start_interpolation: 0,interpolation_duration: 1}
data modify entity @s data merge value {"cameras":{},"locators":{"barrel1":{"px":-0.06365813419384618,"py":-0.5028146824793409,"pz":0.7101218549834735,"ry":359.6106965442567,"rx":8.055989350148149}}}