# This file was generated by Animated Java via MC-Build. It is not recommended to edit this file directly.
$data merge entity $(bone_muzzleflash) {transformation: [0f,0f,0f,-0.1974f,0f,0f,0f,-0.8694f,0f,0f,0f,0.3133f,0f,0f,0f,1f],start_interpolation: 0,interpolation_duration: 1}
$data merge entity $(bone_slide) {transformation: [-0.9961f,0.0884f,-0.0066f,-0.0383f,0.0865f,0.9855f,0.1458f,-0.433f,0.0194f,0.1447f,-0.9893f,0.5555f,0f,0f,0f,1f],start_interpolation: 0,interpolation_duration: 1}
$data merge entity $(bone_barrel) {transformation: [-0.9961f,0.0884f,-0.0066f,0.0635f,0.0865f,0.9855f,0.1458f,-0.5222f,0.0194f,0.1447f,-0.9893f,0.5417f,0f,0f,0f,1f],start_interpolation: 0,interpolation_duration: 1}
$data merge entity $(bone_magazine) {transformation: [-0.9961f,0.0884f,-0.0066f,-0.0514f,0.0865f,0.9855f,0.1458f,-0.5358f,0.0194f,0.1447f,-0.9893f,0.3413f,0f,0f,0f,1f],start_interpolation: 0,interpolation_duration: 1}
$data merge entity $(bone_grip) {transformation: [-0.9961f,0.0884f,-0.0066f,-0.0514f,0.0865f,0.9855f,0.1458f,-0.5358f,0.0194f,0.1447f,-0.9893f,0.3413f,0f,0f,0f,1f],start_interpolation: 0,interpolation_duration: 1}
$data merge entity $(bone_trigger) {transformation: [-0.9961f,0.0884f,-0.0066f,-0.0508f,0.0865f,0.9855f,0.1458f,-0.5359f,0.0194f,0.1447f,-0.9893f,0.3723f,0f,0f,0f,1f],start_interpolation: 0,interpolation_duration: 1}
$data merge entity $(bone_trigger_gaurd) {transformation: [-0.9961f,0.0884f,-0.0066f,-0.0481f,0.0865f,0.9855f,0.1458f,-0.5122f,0.0194f,0.1447f,-0.9893f,0.4085f,0f,0f,0f,1f],start_interpolation: 0,interpolation_duration: 1}
$data merge entity $(bone_right_arm) {transformation: [-0.9961f,-0.0066f,-0.0884f,-0.0897f,0.0865f,0.1458f,-0.9855f,-0.5059f,0.0194f,-0.9893f,-0.1447f,0.0144f,0f,0f,0f,1f],start_interpolation: 0,interpolation_duration: 1}
$data merge entity $(bone_magazine1) {transformation: [0f,0f,0f,-0.1079f,0f,0f,0f,-0.4742f,0f,0f,0f,0.3733f,0f,0f,0f,1f],start_interpolation: 0,interpolation_duration: 1}
$data merge entity $(bone_left_arm) {transformation: [-0.8369f,0.3969f,0.3769f,0.0885f,-0.3343f,0.1746f,-0.9262f,-0.5139f,-0.4334f,-0.9011f,-0.0134f,0.0248f,0f,0f,0f,1f],start_interpolation: 0,interpolation_duration: 1}
data modify entity @s data merge value {"cameras":{},"locators":{"barrel1":{"px":-0.06387418126426224,"py":-0.5086484274235086,"pz":0.7087610472007526,"ry":359.6191901160622,"rx":8.384297481575306}}}