# This file was generated by Animated Java via MC-Build. It is not recommended to edit this file directly.
$data merge entity $(bone_muzzleflash) {transformation: [0f,0f,0f,-0.1975f,0f,0f,0f,-0.873f,0f,0f,0f,0.3099f,0f,0f,0f,1f],start_interpolation: 0,interpolation_duration: 1}
$data merge entity $(bone_slide) {transformation: [-0.9961f,0.0884f,-0.0064f,-0.0385f,0.0864f,0.9847f,0.1514f,-0.4379f,0.0197f,0.1503f,-0.9884f,0.5546f,0f,0f,0f,1f],start_interpolation: 0,interpolation_duration: 1}
$data merge entity $(bone_barrel) {transformation: [-0.9961f,0.0884f,-0.0064f,0.0633f,0.0864f,0.9847f,0.1514f,-0.527f,0.0197f,0.1503f,-0.9884f,0.5402f,0f,0f,0f,1f],start_interpolation: 0,interpolation_duration: 1}
$data merge entity $(bone_magazine) {transformation: [-0.9961f,0.0884f,-0.0064f,-0.0516f,0.0864f,0.9847f,0.1514f,-0.5395f,0.0197f,0.1503f,-0.9884f,0.3398f,0f,0f,0f,1f],start_interpolation: 0,interpolation_duration: 1}
$data merge entity $(bone_grip) {transformation: [-0.9961f,0.0884f,-0.0064f,-0.0516f,0.0864f,0.9847f,0.1514f,-0.5395f,0.0197f,0.1503f,-0.9884f,0.3398f,0f,0f,0f,1f],start_interpolation: 0,interpolation_duration: 1}
$data merge entity $(bone_trigger) {transformation: [-0.9961f,0.0884f,-0.0064f,-0.051f,0.0864f,0.9847f,0.1514f,-0.5398f,0.0197f,0.1503f,-0.9884f,0.3707f,0f,0f,0f,1f],start_interpolation: 0,interpolation_duration: 1}
$data merge entity $(bone_trigger_gaurd) {transformation: [-0.9961f,0.0884f,-0.0064f,-0.0482f,0.0864f,0.9847f,0.1514f,-0.5163f,0.0197f,0.1503f,-0.9884f,0.4072f,0f,0f,0f,1f],start_interpolation: 0,interpolation_duration: 1}
$data merge entity $(bone_right_arm) {transformation: [-0.9961f,-0.0064f,-0.0884f,-0.0898f,0.0864f,0.1514f,-0.9847f,-0.5077f,0.0197f,-0.9884f,-0.1503f,0.0131f,0f,0f,0f,1f],start_interpolation: 0,interpolation_duration: 1}
$data merge entity $(bone_magazine1) {transformation: [0f,0f,0f,-0.1081f,0f,0f,0f,-0.4781f,0f,0f,0f,0.3721f,0f,0f,0f,1f],start_interpolation: 0,interpolation_duration: 1}
$data merge entity $(bone_left_arm) {transformation: [-0.8368f,0.3971f,0.3769f,0.0884f,-0.3318f,0.1797f,-0.9261f,-0.5159f,-0.4354f,-0.9f,-0.0187f,0.0234f,0f,0f,0f,1f],start_interpolation: 0,interpolation_duration: 1}
data modify entity @s data merge value {"cameras":{},"locators":{"barrel1":{"px":-0.06410764958488657,"py":-0.5144389193464561,"pz":0.7073997632891531,"ry":359.62840208799685,"rx":8.709906121467803}}}