# This file was generated by Animated Java via MC-Build. It is not recommended to edit this file directly.
$data merge entity $(bone_muzzleflash) {transformation: [0f,0f,0f,-0.1977f,0f,0f,0f,-0.8765f,0f,0f,0f,0.3065f,0f,0f,0f,1f],start_interpolation: 0,interpolation_duration: 1}
$data merge entity $(bone_slide) {transformation: [-0.9961f,0.0884f,-0.0062f,-0.0387f,0.0863f,0.9838f,0.157f,-0.4428f,0.02f,0.1558f,-0.9876f,0.5536f,0f,0f,0f,1f],start_interpolation: 0,interpolation_duration: 1}
$data merge entity $(bone_barrel) {transformation: [-0.9961f,0.0884f,-0.0062f,0.063f,0.0863f,0.9838f,0.157f,-0.5318f,0.02f,0.1558f,-0.9876f,0.5388f,0f,0f,0f,1f],start_interpolation: 0,interpolation_duration: 1}
$data merge entity $(bone_magazine) {transformation: [-0.9961f,0.0884f,-0.0062f,-0.0518f,0.0863f,0.9838f,0.157f,-0.5432f,0.02f,0.1558f,-0.9876f,0.3383f,0f,0f,0f,1f],start_interpolation: 0,interpolation_duration: 1}
$data merge entity $(bone_grip) {transformation: [-0.9961f,0.0884f,-0.0062f,-0.0518f,0.0863f,0.9838f,0.157f,-0.5432f,0.02f,0.1558f,-0.9876f,0.3383f,0f,0f,0f,1f],start_interpolation: 0,interpolation_duration: 1}
$data merge entity $(bone_trigger) {transformation: [-0.9961f,0.0884f,-0.0062f,-0.0512f,0.0863f,0.9838f,0.157f,-0.5437f,0.02f,0.1558f,-0.9876f,0.3693f,0f,0f,0f,1f],start_interpolation: 0,interpolation_duration: 1}
$data merge entity $(bone_trigger_gaurd) {transformation: [-0.9961f,0.0884f,-0.0062f,-0.0484f,0.0863f,0.9838f,0.157f,-0.5203f,0.02f,0.1558f,-0.9876f,0.4058f,0f,0f,0f,1f],start_interpolation: 0,interpolation_duration: 1}
$data merge entity $(bone_right_arm) {transformation: [-0.9961f,-0.0062f,-0.0884f,-0.0899f,0.0863f,0.157f,-0.9838f,-0.5095f,0.02f,-0.9876f,-0.1558f,0.0117f,0f,0f,0f,1f],start_interpolation: 0,interpolation_duration: 1}
$data merge entity $(bone_magazine1) {transformation: [0f,0f,0f,-0.1082f,0f,0f,0f,-0.4819f,0f,0f,0f,0.371f,0f,0f,0f,1f],start_interpolation: 0,interpolation_duration: 1}
$data merge entity $(bone_left_arm) {transformation: [-0.8368f,0.3972f,0.3769f,0.0882f,-0.3293f,0.1848f,-0.926f,-0.5178f,-0.4374f,-0.8989f,-0.0238f,0.0221f,0f,0f,0f,1f],start_interpolation: 0,interpolation_duration: 1}
data modify entity @s data merge value {"cameras":{},"locators":{"barrel1":{"px":-0.06435700734943707,"py":-0.5201778065768566,"pz":0.7060418873613279,"ry":359.6382725859323,"rx":9.032305365912487}}}