# This file was generated by Animated Java via MC-Build. It is not recommended to edit this file directly.
$data merge entity $(bone_muzzleflash) {transformation: [0f,0f,0f,-0.2227f,0f,0f,0f,-0.7459f,0f,0f,0f,0.4008f,0f,0f,0f,1f],start_interpolation: 0,interpolation_duration: 1}
$data merge entity $(bone_slide) {transformation: [-0.9919f,0.1268f,-0.0013f,-0.0466f,0.1268f,0.9919f,-0.0097f,-0.2835f,0.0001f,-0.0098f,-1f,0.5731f,0f,0f,0f,1f],start_interpolation: 0,interpolation_duration: 1}
$data merge entity $(bone_barrel) {transformation: [-0.9919f,0.1268f,-0.0013f,0.0516f,0.1268f,0.9919f,-0.0097f,-0.3777f,0.0001f,-0.0098f,-1f,0.5739f,0f,0f,0f,1f],start_interpolation: 0,interpolation_duration: 1}
$data merge entity $(bone_magazine) {transformation: [-0.9919f,0.1268f,-0.0013f,-0.0638f,0.1268f,0.9919f,-0.0097f,-0.4178f,0.0001f,-0.0098f,-1f,0.3775f,0f,0f,0f,1f],start_interpolation: 0,interpolation_duration: 1}
$data merge entity $(bone_grip) {transformation: [-0.9919f,0.1268f,-0.0013f,-0.0638f,0.1268f,0.9919f,-0.0097f,-0.4178f,0.0001f,-0.0098f,-1f,0.3775f,0f,0f,0f,1f],start_interpolation: 0,interpolation_duration: 1}
$data merge entity $(bone_trigger) {transformation: [-0.9919f,0.1268f,-0.0013f,-0.0632f,0.1268f,0.9919f,-0.0097f,-0.4132f,0.0001f,-0.0098f,-1f,0.408f,0f,0f,0f,1f],start_interpolation: 0,interpolation_duration: 1}
$data merge entity $(bone_trigger_gaurd) {transformation: [-0.9919f,0.1268f,-0.0013f,-0.0595f,0.1268f,0.9919f,-0.0097f,-0.3842f,0.0001f,-0.0098f,-1f,0.4402f,0f,0f,0f,1f],start_interpolation: 0,interpolation_duration: 1}
$data merge entity $(bone_right_arm) {transformation: [-0.9919f,-0.0013f,-0.1268f,-0.101f,0.1268f,-0.0097f,-0.9919f,-0.4377f,0.0001f,-1f,0.0098f,0.0496f,0f,0f,0f,1f],start_interpolation: 0,interpolation_duration: 1}
$data merge entity $(bone_magazine1) {transformation: [0f,0f,0f,-0.1178f,0f,0f,0f,-0.3499f,0f,0f,0f,0.3991f,0f,0f,0f,1f],start_interpolation: 0,interpolation_duration: 1}
$data merge entity $(bone_left_arm) {transformation: [-0.8495f,0.403f,0.3406f,0.0767f,-0.3652f,0.0169f,-0.9308f,-0.4509f,-0.3809f,-0.915f,0.1328f,0.0622f,0f,0f,0f,1f],start_interpolation: 0,interpolation_duration: 1}
data modify entity @s data merge value {"cameras":{},"locators":{"barrel1":{"px":-0.07504556862708008,"py":-0.333401856366769,"pz":0.7361275771105351,"ry":359.92436472598234,"rx":-0.5575645229072766}}}