# This file was generated by Animated Java via MC-Build. It is not recommended to edit this file directly.
$data merge entity $(bone_muzzleflash) {transformation: [0f,0f,0f,-0.1979f,0f,0f,0f,-0.8799f,0f,0f,0f,0.3031f,0f,0f,0f,1f],start_interpolation: 0,interpolation_duration: 1}
$data merge entity $(bone_slide) {transformation: [-0.9961f,0.0884f,-0.006f,-0.039f,0.0863f,0.9829f,0.1625f,-0.4476f,0.0203f,0.1613f,-0.9867f,0.5527f,0f,0f,0f,1f],start_interpolation: 0,interpolation_duration: 1}
$data merge entity $(bone_barrel) {transformation: [-0.9961f,0.0884f,-0.006f,0.0628f,0.0863f,0.9829f,0.1625f,-0.5366f,0.0203f,0.1613f,-0.9867f,0.5375f,0f,0f,0f,1f],start_interpolation: 0,interpolation_duration: 1}
$data merge entity $(bone_magazine) {transformation: [-0.9961f,0.0884f,-0.006f,-0.052f,0.0863f,0.9829f,0.1625f,-0.5468f,0.0203f,0.1613f,-0.9867f,0.3369f,0f,0f,0f,1f],start_interpolation: 0,interpolation_duration: 1}
$data merge entity $(bone_grip) {transformation: [-0.9961f,0.0884f,-0.006f,-0.052f,0.0863f,0.9829f,0.1625f,-0.5468f,0.0203f,0.1613f,-0.9867f,0.3369f,0f,0f,0f,1f],start_interpolation: 0,interpolation_duration: 1}
$data merge entity $(bone_trigger) {transformation: [-0.9961f,0.0884f,-0.006f,-0.0514f,0.0863f,0.9829f,0.1625f,-0.5475f,0.0203f,0.1613f,-0.9867f,0.3678f,0f,0f,0f,1f],start_interpolation: 0,interpolation_duration: 1}
$data merge entity $(bone_trigger_gaurd) {transformation: [-0.9961f,0.0884f,-0.006f,-0.0487f,0.0863f,0.9829f,0.1625f,-0.5244f,0.0203f,0.1613f,-0.9867f,0.4045f,0f,0f,0f,1f],start_interpolation: 0,interpolation_duration: 1}
$data merge entity $(bone_right_arm) {transformation: [-0.9961f,-0.006f,-0.0884f,-0.0901f,0.0863f,0.1625f,-0.9829f,-0.5114f,0.0203f,-0.9867f,-0.1613f,0.0105f,0f,0f,0f,1f],start_interpolation: 0,interpolation_duration: 1}
$data merge entity $(bone_magazine1) {transformation: [0f,0f,0f,-0.1084f,0f,0f,0f,-0.4857f,0f,0f,0f,0.3698f,0f,0f,0f,1f],start_interpolation: 0,interpolation_duration: 1}
$data merge entity $(bone_left_arm) {transformation: [-0.8367f,0.3974f,0.3768f,0.0881f,-0.3269f,0.1898f,-0.9258f,-0.5196f,-0.4394f,-0.8978f,-0.0289f,0.0208f,0f,0f,0f,1f],start_interpolation: 0,interpolation_duration: 1}
data modify entity @s data merge value {"cameras":{},"locators":{"barrel1":{"px":-0.0646207274799915,"py":-0.5258567823052077,"pz":0.704691434742317,"ry":359.64874174677277,"rx":9.350985310998185}}}