# This file was generated by Animated Java via MC-Build. It is not recommended to edit this file directly.
$data merge entity $(bone_muzzleflash) {transformation: [0f,0f,0f,-0.1981f,0f,0f,0f,-0.8833f,0f,0f,0f,0.2998f,0f,0f,0f,1f],start_interpolation: 0,interpolation_duration: 1}
$data merge entity $(bone_slide) {transformation: [-0.9961f,0.0884f,-0.0059f,-0.0392f,0.0862f,0.982f,0.1679f,-0.4524f,0.0206f,0.1667f,-0.9858f,0.5518f,0f,0f,0f,1f],start_interpolation: 0,interpolation_duration: 1}
$data merge entity $(bone_barrel) {transformation: [-0.9961f,0.0884f,-0.0059f,0.0626f,0.0862f,0.982f,0.1679f,-0.5413f,0.0206f,0.1667f,-0.9858f,0.5361f,0f,0f,0f,1f],start_interpolation: 0,interpolation_duration: 1}
$data merge entity $(bone_magazine) {transformation: [-0.9961f,0.0884f,-0.0059f,-0.0522f,0.0862f,0.982f,0.1679f,-0.5504f,0.0206f,0.1667f,-0.9858f,0.3354f,0f,0f,0f,1f],start_interpolation: 0,interpolation_duration: 1}
$data merge entity $(bone_grip) {transformation: [-0.9961f,0.0884f,-0.0059f,-0.0522f,0.0862f,0.982f,0.1679f,-0.5504f,0.0206f,0.1667f,-0.9858f,0.3354f,0f,0f,0f,1f],start_interpolation: 0,interpolation_duration: 1}
$data merge entity $(bone_trigger) {transformation: [-0.9961f,0.0884f,-0.0059f,-0.0516f,0.0862f,0.982f,0.1679f,-0.5512f,0.0206f,0.1667f,-0.9858f,0.3663f,0f,0f,0f,1f],start_interpolation: 0,interpolation_duration: 1}
$data merge entity $(bone_trigger_gaurd) {transformation: [-0.9961f,0.0884f,-0.0059f,-0.0489f,0.0862f,0.982f,0.1679f,-0.5283f,0.0206f,0.1667f,-0.9858f,0.4031f,0f,0f,0f,1f],start_interpolation: 0,interpolation_duration: 1}
$data merge entity $(bone_right_arm) {transformation: [-0.9961f,-0.0059f,-0.0884f,-0.0902f,0.0862f,0.1679f,-0.982f,-0.5132f,0.0206f,-0.9858f,-0.1667f,0.0092f,0f,0f,0f,1f],start_interpolation: 0,interpolation_duration: 1}
$data merge entity $(bone_magazine1) {transformation: [0f,0f,0f,-0.1087f,0f,0f,0f,-0.4895f,0f,0f,0f,0.3687f,0f,0f,0f,1f],start_interpolation: 0,interpolation_duration: 1}
$data merge entity $(bone_left_arm) {transformation: [-0.8366f,0.3976f,0.3768f,0.088f,-0.3244f,0.1947f,-0.9257f,-0.5215f,-0.4414f,-0.8967f,-0.0339f,0.0195f,0f,0f,0f,1f],start_interpolation: 0,interpolation_duration: 1}
data modify entity @s data merge value {"cameras":{},"locators":{"barrel1":{"px":-0.06489728814204038,"py":-0.5314675852367687,"pz":0.7033525477739588,"ry":359.65974971828757,"rx":9.66543605281586}}}