# This file was generated by Animated Java via MC-Build. It is not recommended to edit this file directly.
$data merge entity $(bone_muzzleflash) {transformation: [0f,0f,0f,-0.1984f,0f,0f,0f,-0.8866f,0f,0f,0f,0.2966f,0f,0f,0f,1f],start_interpolation: 0,interpolation_duration: 1}
$data merge entity $(bone_slide) {transformation: [-0.9961f,0.0884f,-0.0057f,-0.0395f,0.0861f,0.9811f,0.1732f,-0.4571f,0.0209f,0.1721f,-0.9849f,0.5509f,0f,0f,0f,1f],start_interpolation: 0,interpolation_duration: 1}
$data merge entity $(bone_barrel) {transformation: [-0.9961f,0.0884f,-0.0057f,0.0623f,0.0861f,0.9811f,0.1732f,-0.5459f,0.0209f,0.1721f,-0.9849f,0.5347f,0f,0f,0f,1f],start_interpolation: 0,interpolation_duration: 1}
$data merge entity $(bone_magazine) {transformation: [-0.9961f,0.0884f,-0.0057f,-0.0524f,0.0861f,0.9811f,0.1732f,-0.5539f,0.0209f,0.1721f,-0.9849f,0.334f,0f,0f,0f,1f],start_interpolation: 0,interpolation_duration: 1}
$data merge entity $(bone_grip) {transformation: [-0.9961f,0.0884f,-0.0057f,-0.0524f,0.0861f,0.9811f,0.1732f,-0.5539f,0.0209f,0.1721f,-0.9849f,0.334f,0f,0f,0f,1f],start_interpolation: 0,interpolation_duration: 1}
$data merge entity $(bone_trigger) {transformation: [-0.9961f,0.0884f,-0.0057f,-0.0518f,0.0861f,0.9811f,0.1732f,-0.5549f,0.0209f,0.1721f,-0.9849f,0.3649f,0f,0f,0f,1f],start_interpolation: 0,interpolation_duration: 1}
$data merge entity $(bone_trigger_gaurd) {transformation: [-0.9961f,0.0884f,-0.0057f,-0.0491f,0.0861f,0.9811f,0.1732f,-0.5322f,0.0209f,0.1721f,-0.9849f,0.4018f,0f,0f,0f,1f],start_interpolation: 0,interpolation_duration: 1}
$data merge entity $(bone_right_arm) {transformation: [-0.9961f,-0.0057f,-0.0884f,-0.0904f,0.0861f,0.1732f,-0.9811f,-0.5149f,0.0209f,-0.9849f,-0.1721f,0.008f,0f,0f,0f,1f],start_interpolation: 0,interpolation_duration: 1}
$data merge entity $(bone_magazine1) {transformation: [0f,0f,0f,-0.1089f,0f,0f,0f,-0.4932f,0f,0f,0f,0.3676f,0f,0f,0f,1f],start_interpolation: 0,interpolation_duration: 1}
$data merge entity $(bone_left_arm) {transformation: [-0.8365f,0.3978f,0.3768f,0.0878f,-0.322f,0.1995f,-0.9255f,-0.5233f,-0.4433f,-0.8955f,-0.0388f,0.0183f,0f,0f,0f,1f],start_interpolation: 0,interpolation_duration: 1}
data modify entity @s data merge value {"cameras":{},"locators":{"barrel1":{"px":-0.06518517322376549,"py":-0.5370019999513936,"pz":0.7020294910853094,"ry":359.6712366588995,"rx":9.975147687458723}}}