# This file was generated by Animated Java via MC-Build. It is not recommended to edit this file directly.
$data merge entity $(bone_muzzleflash) {transformation: [0f,0f,0f,-0.1986f,0f,0f,0f,-0.8899f,0f,0f,0f,0.2934f,0f,0f,0f,1f],start_interpolation: 0,interpolation_duration: 1}
$data merge entity $(bone_slide) {transformation: [-0.9961f,0.0884f,-0.0054f,-0.0397f,0.086f,0.9802f,0.1785f,-0.4617f,0.0211f,0.1773f,-0.9839f,0.5501f,0f,0f,0f,1f],start_interpolation: 0,interpolation_duration: 1}
$data merge entity $(bone_barrel) {transformation: [-0.9961f,0.0884f,-0.0054f,0.062f,0.086f,0.9802f,0.1785f,-0.5505f,0.0211f,0.1773f,-0.9839f,0.5334f,0f,0f,0f,1f],start_interpolation: 0,interpolation_duration: 1}
$data merge entity $(bone_magazine) {transformation: [-0.9961f,0.0884f,-0.0054f,-0.0526f,0.086f,0.9802f,0.1785f,-0.5574f,0.0211f,0.1773f,-0.9839f,0.3326f,0f,0f,0f,1f],start_interpolation: 0,interpolation_duration: 1}
$data merge entity $(bone_grip) {transformation: [-0.9961f,0.0884f,-0.0054f,-0.0526f,0.086f,0.9802f,0.1785f,-0.5574f,0.0211f,0.1773f,-0.9839f,0.3326f,0f,0f,0f,1f],start_interpolation: 0,interpolation_duration: 1}
$data merge entity $(bone_trigger) {transformation: [-0.9961f,0.0884f,-0.0054f,-0.0521f,0.086f,0.9802f,0.1785f,-0.5586f,0.0211f,0.1773f,-0.9839f,0.3635f,0f,0f,0f,1f],start_interpolation: 0,interpolation_duration: 1}
$data merge entity $(bone_trigger_gaurd) {transformation: [-0.9961f,0.0884f,-0.0054f,-0.0493f,0.086f,0.9802f,0.1785f,-0.5361f,0.0211f,0.1773f,-0.9839f,0.4006f,0f,0f,0f,1f],start_interpolation: 0,interpolation_duration: 1}
$data merge entity $(bone_right_arm) {transformation: [-0.9961f,-0.0054f,-0.0884f,-0.0905f,0.086f,0.1785f,-0.9802f,-0.5167f,0.0211f,-0.9839f,-0.1773f,0.0068f,0f,0f,0f,1f],start_interpolation: 0,interpolation_duration: 1}
$data merge entity $(bone_magazine1) {transformation: [0f,0f,0f,-0.1091f,0f,0f,0f,-0.4969f,0f,0f,0f,0.3665f,0f,0f,0f,1f],start_interpolation: 0,interpolation_duration: 1}
$data merge entity $(bone_left_arm) {transformation: [-0.8365f,0.3979f,0.3768f,0.0877f,-0.3196f,0.2042f,-0.9253f,-0.5252f,-0.4452f,-0.8944f,-0.0437f,0.0171f,0f,0f,0f,1f],start_interpolation: 0,interpolation_duration: 1}
data modify entity @s data merge value {"cameras":{},"locators":{"barrel1":{"px":-0.06548287277327842,"py":-0.542451856952789,"pz":0.700726646337048,"ry":359.68314273742413,"rx":10.279610311022205}}}