# This file was generated by Animated Java via MC-Build. It is not recommended to edit this file directly.
$data merge entity $(bone_muzzleflash) {transformation: [0f,0f,0f,-0.1988f,0f,0f,0f,-0.8932f,0f,0f,0f,0.2903f,0f,0f,0f,1f],start_interpolation: 0,interpolation_duration: 1}
$data merge entity $(bone_slide) {transformation: [-0.9961f,0.0884f,-0.0052f,-0.04f,0.0859f,0.9792f,0.1836f,-0.4663f,0.0213f,0.1824f,-0.983f,0.5492f,0f,0f,0f,1f],start_interpolation: 0,interpolation_duration: 1}
$data merge entity $(bone_barrel) {transformation: [-0.9961f,0.0884f,-0.0052f,0.0618f,0.0859f,0.9792f,0.1836f,-0.555f,0.0213f,0.1824f,-0.983f,0.5321f,0f,0f,0f,1f],start_interpolation: 0,interpolation_duration: 1}
$data merge entity $(bone_magazine) {transformation: [-0.9961f,0.0884f,-0.0052f,-0.0528f,0.0859f,0.9792f,0.1836f,-0.5609f,0.0213f,0.1824f,-0.983f,0.3313f,0f,0f,0f,1f],start_interpolation: 0,interpolation_duration: 1}
$data merge entity $(bone_grip) {transformation: [-0.9961f,0.0884f,-0.0052f,-0.0528f,0.0859f,0.9792f,0.1836f,-0.5609f,0.0213f,0.1824f,-0.983f,0.3313f,0f,0f,0f,1f],start_interpolation: 0,interpolation_duration: 1}
$data merge entity $(bone_trigger) {transformation: [-0.9961f,0.0884f,-0.0052f,-0.0523f,0.0859f,0.9792f,0.1836f,-0.5622f,0.0213f,0.1824f,-0.983f,0.3622f,0f,0f,0f,1f],start_interpolation: 0,interpolation_duration: 1}
$data merge entity $(bone_trigger_gaurd) {transformation: [-0.9961f,0.0884f,-0.0052f,-0.0496f,0.0859f,0.9792f,0.1836f,-0.5399f,0.0213f,0.1824f,-0.983f,0.3993f,0f,0f,0f,1f],start_interpolation: 0,interpolation_duration: 1}
$data merge entity $(bone_right_arm) {transformation: [-0.9961f,-0.0052f,-0.0884f,-0.0907f,0.0859f,0.1836f,-0.9792f,-0.5184f,0.0213f,-0.983f,-0.1824f,0.0057f,0f,0f,0f,1f],start_interpolation: 0,interpolation_duration: 1}
$data merge entity $(bone_magazine1) {transformation: [0f,0f,0f,-0.1093f,0f,0f,0f,-0.5005f,0f,0f,0f,0.3655f,0f,0f,0f,1f],start_interpolation: 0,interpolation_duration: 1}
$data merge entity $(bone_left_arm) {transformation: [-0.8364f,0.3981f,0.3768f,0.0875f,-0.3173f,0.2089f,-0.925f,-0.527f,-0.447f,-0.8932f,-0.0484f,0.016f,0f,0f,0f,1f],start_interpolation: 0,interpolation_duration: 1}
data modify entity @s data merge value {"cameras":{},"locators":{"barrel1":{"px":-0.06578888338772758,"py":-0.5478090323909802,"pz":0.6994485064478372,"ry":359.6954081327604,"rx":10.578314019604164}}}