# This file was generated by Animated Java via MC-Build. It is not recommended to edit this file directly.
$data merge entity $(bone_muzzleflash) {transformation: [0f,0f,0f,-0.199f,0f,0f,0f,-0.8963f,0f,0f,0f,0.2872f,0f,0f,0f,1f],start_interpolation: 0,interpolation_duration: 1}
$data merge entity $(bone_slide) {transformation: [-0.9961f,0.0884f,-0.005f,-0.0403f,0.0858f,0.9783f,0.1886f,-0.4708f,0.0216f,0.1874f,-0.982f,0.5484f,0f,0f,0f,1f],start_interpolation: 0,interpolation_duration: 1}
$data merge entity $(bone_barrel) {transformation: [-0.9961f,0.0884f,-0.005f,0.0615f,0.0858f,0.9783f,0.1886f,-0.5594f,0.0216f,0.1874f,-0.982f,0.5309f,0f,0f,0f,1f],start_interpolation: 0,interpolation_duration: 1}
$data merge entity $(bone_magazine) {transformation: [-0.9961f,0.0884f,-0.005f,-0.0531f,0.0858f,0.9783f,0.1886f,-0.5642f,0.0216f,0.1874f,-0.982f,0.33f,0f,0f,0f,1f],start_interpolation: 0,interpolation_duration: 1}
$data merge entity $(bone_grip) {transformation: [-0.9961f,0.0884f,-0.005f,-0.0531f,0.0858f,0.9783f,0.1886f,-0.5642f,0.0216f,0.1874f,-0.982f,0.33f,0f,0f,0f,1f],start_interpolation: 0,interpolation_duration: 1}
$data merge entity $(bone_trigger) {transformation: [-0.9961f,0.0884f,-0.005f,-0.0525f,0.0858f,0.9783f,0.1886f,-0.5657f,0.0216f,0.1874f,-0.982f,0.3608f,0f,0f,0f,1f],start_interpolation: 0,interpolation_duration: 1}
$data merge entity $(bone_trigger_gaurd) {transformation: [-0.9961f,0.0884f,-0.005f,-0.0498f,0.0858f,0.9783f,0.1886f,-0.5436f,0.0216f,0.1874f,-0.982f,0.3981f,0f,0f,0f,1f],start_interpolation: 0,interpolation_duration: 1}
$data merge entity $(bone_right_arm) {transformation: [-0.9961f,-0.005f,-0.0884f,-0.0908f,0.0858f,0.1886f,-0.9783f,-0.5202f,0.0216f,-0.982f,-0.1874f,0.0046f,0f,0f,0f,1f],start_interpolation: 0,interpolation_duration: 1}
$data merge entity $(bone_magazine1) {transformation: [0f,0f,0f,-0.1096f,0f,0f,0f,-0.5041f,0f,0f,0f,0.3645f,0f,0f,0f,1f],start_interpolation: 0,interpolation_duration: 1}
$data merge entity $(bone_left_arm) {transformation: [-0.8363f,0.3983f,0.3768f,0.0873f,-0.315f,0.2134f,-0.9248f,-0.5287f,-0.4488f,-0.8921f,-0.053f,0.0149f,0f,0f,0f,1f],start_interpolation: 0,interpolation_duration: 1}
data modify entity @s data merge value {"cameras":{},"locators":{"barrel1":{"px":-0.06610170854839595,"py":-0.5530654474431418,"pz":0.6981996693105073,"ry":359.7079730335281,"rx":10.870748909304721}}}