# This file was generated by Animated Java via MC-Build. It is not recommended to edit this file directly.
$data merge entity $(bone_muzzleflash) {transformation: [0f,0f,0f,-0.1993f,0f,0f,0f,-0.8994f,0f,0f,0f,0.2843f,0f,0f,0f,1f],start_interpolation: 0,interpolation_duration: 1}
$data merge entity $(bone_slide) {transformation: [-0.9961f,0.0883f,-0.0048f,-0.0406f,0.0857f,0.9773f,0.1935f,-0.4752f,0.0218f,0.1923f,-0.9811f,0.5476f,0f,0f,0f,1f],start_interpolation: 0,interpolation_duration: 1}
$data merge entity $(bone_barrel) {transformation: [-0.9961f,0.0883f,-0.0048f,0.0612f,0.0857f,0.9773f,0.1935f,-0.5637f,0.0218f,0.1923f,-0.9811f,0.5297f,0f,0f,0f,1f],start_interpolation: 0,interpolation_duration: 1}
$data merge entity $(bone_magazine) {transformation: [-0.9961f,0.0883f,-0.0048f,-0.0533f,0.0857f,0.9773f,0.1935f,-0.5675f,0.0218f,0.1923f,-0.9811f,0.3287f,0f,0f,0f,1f],start_interpolation: 0,interpolation_duration: 1}
$data merge entity $(bone_grip) {transformation: [-0.9961f,0.0883f,-0.0048f,-0.0533f,0.0857f,0.9773f,0.1935f,-0.5675f,0.0218f,0.1923f,-0.9811f,0.3287f,0f,0f,0f,1f],start_interpolation: 0,interpolation_duration: 1}
$data merge entity $(bone_trigger) {transformation: [-0.9961f,0.0883f,-0.0048f,-0.0528f,0.0857f,0.9773f,0.1935f,-0.5692f,0.0218f,0.1923f,-0.9811f,0.3596f,0f,0f,0f,1f],start_interpolation: 0,interpolation_duration: 1}
$data merge entity $(bone_trigger_gaurd) {transformation: [-0.9961f,0.0883f,-0.0048f,-0.0501f,0.0857f,0.9773f,0.1935f,-0.5473f,0.0218f,0.1923f,-0.9811f,0.397f,0f,0f,0f,1f],start_interpolation: 0,interpolation_duration: 1}
$data merge entity $(bone_right_arm) {transformation: [-0.9961f,-0.0048f,-0.0883f,-0.091f,0.0857f,0.1935f,-0.9773f,-0.5219f,0.0218f,-0.9811f,-0.1923f,0.0035f,0f,0f,0f,1f],start_interpolation: 0,interpolation_duration: 1}
$data merge entity $(bone_magazine1) {transformation: [0f,0f,0f,-0.1098f,0f,0f,0f,-0.5075f,0f,0f,0f,0.3635f,0f,0f,0f,1f],start_interpolation: 0,interpolation_duration: 1}
$data merge entity $(bone_left_arm) {transformation: [-0.8362f,0.3986f,0.3768f,0.0872f,-0.3127f,0.2179f,-0.9245f,-0.5305f,-0.4506f,-0.8909f,-0.0576f,0.0138f,0f,0f,0f,1f],start_interpolation: 0,interpolation_duration: 1}
data modify entity @s data merge value {"cameras":{},"locators":{"barrel1":{"px":-0.06641985889618265,"py":-0.5582130673394626,"pz":0.6969848310057232,"ry":359.7207776376513,"rx":11.156405076226449}}}