# This file was generated by Animated Java via MC-Build. It is not recommended to edit this file directly.
$data merge entity $(bone_muzzleflash) {transformation: [0f,0f,0f,-0.1995f,0f,0f,0f,-0.9024f,0f,0f,0f,0.2814f,0f,0f,0f,1f],start_interpolation: 0,interpolation_duration: 1}
$data merge entity $(bone_slide) {transformation: [-0.9961f,0.0883f,-0.0046f,-0.0409f,0.0857f,0.9764f,0.1983f,-0.4795f,0.022f,0.1971f,-0.9801f,0.5468f,0f,0f,0f,1f],start_interpolation: 0,interpolation_duration: 1}
$data merge entity $(bone_barrel) {transformation: [-0.9961f,0.0883f,-0.0046f,0.0609f,0.0857f,0.9764f,0.1983f,-0.5679f,0.022f,0.1971f,-0.9801f,0.5285f,0f,0f,0f,1f],start_interpolation: 0,interpolation_duration: 1}
$data merge entity $(bone_magazine) {transformation: [-0.9961f,0.0883f,-0.0046f,-0.0535f,0.0857f,0.9764f,0.1983f,-0.5708f,0.022f,0.1971f,-0.9801f,0.3275f,0f,0f,0f,1f],start_interpolation: 0,interpolation_duration: 1}
$data merge entity $(bone_grip) {transformation: [-0.9961f,0.0883f,-0.0046f,-0.0535f,0.0857f,0.9764f,0.1983f,-0.5708f,0.022f,0.1971f,-0.9801f,0.3275f,0f,0f,0f,1f],start_interpolation: 0,interpolation_duration: 1}
$data merge entity $(bone_trigger) {transformation: [-0.9961f,0.0883f,-0.0046f,-0.053f,0.0857f,0.9764f,0.1983f,-0.5726f,0.022f,0.1971f,-0.9801f,0.3584f,0f,0f,0f,1f],start_interpolation: 0,interpolation_duration: 1}
$data merge entity $(bone_trigger_gaurd) {transformation: [-0.9961f,0.0883f,-0.0046f,-0.0503f,0.0857f,0.9764f,0.1983f,-0.5508f,0.022f,0.1971f,-0.9801f,0.3959f,0f,0f,0f,1f],start_interpolation: 0,interpolation_duration: 1}
$data merge entity $(bone_right_arm) {transformation: [-0.9961f,-0.0046f,-0.0883f,-0.0912f,0.0857f,0.1983f,-0.9764f,-0.5235f,0.022f,-0.9801f,-0.1971f,0.0025f,0f,0f,0f,1f],start_interpolation: 0,interpolation_duration: 1}
$data merge entity $(bone_magazine1) {transformation: [0f,0f,0f,-0.1101f,0f,0f,0f,-0.511f,0f,0f,0f,0.3626f,0f,0f,0f,1f],start_interpolation: 0,interpolation_duration: 1}
$data merge entity $(bone_left_arm) {transformation: [-0.8361f,0.3988f,0.3768f,0.087f,-0.3105f,0.2222f,-0.9242f,-0.5322f,-0.4523f,-0.8897f,-0.062f,0.0128f,0f,0f,0f,1f],start_interpolation: 0,interpolation_duration: 1}
data modify entity @s data merge value {"cameras":{},"locators":{"barrel1":{"px":-0.06674185244216638,"py":-0.5632439000223064,"pz":0.6958087785204843,"ry":359.733762151884,"rx":11.434772616474215}}}