# This file was generated by Animated Java via MC-Build. It is not recommended to edit this file directly.
$data merge entity $(bone_muzzleflash) {transformation: [0f,0f,0f,-0.1997f,0f,0f,0f,-0.9054f,0f,0f,0f,0.2787f,0f,0f,0f,1f],start_interpolation: 0,interpolation_duration: 1}
$data merge entity $(bone_slide) {transformation: [-0.9961f,0.0883f,-0.0043f,-0.0412f,0.0856f,0.9755f,0.2029f,-0.4837f,0.0221f,0.2017f,-0.9792f,0.5461f,0f,0f,0f,1f],start_interpolation: 0,interpolation_duration: 1}
$data merge entity $(bone_barrel) {transformation: [-0.9961f,0.0883f,-0.0043f,0.0606f,0.0856f,0.9755f,0.2029f,-0.572f,0.0221f,0.2017f,-0.9792f,0.5274f,0f,0f,0f,1f],start_interpolation: 0,interpolation_duration: 1}
$data merge entity $(bone_magazine) {transformation: [-0.9961f,0.0883f,-0.0043f,-0.0538f,0.0856f,0.9755f,0.2029f,-0.574f,0.0221f,0.2017f,-0.9792f,0.3263f,0f,0f,0f,1f],start_interpolation: 0,interpolation_duration: 1}
$data merge entity $(bone_grip) {transformation: [-0.9961f,0.0883f,-0.0043f,-0.0538f,0.0856f,0.9755f,0.2029f,-0.574f,0.0221f,0.2017f,-0.9792f,0.3263f,0f,0f,0f,1f],start_interpolation: 0,interpolation_duration: 1}
$data merge entity $(bone_trigger) {transformation: [-0.9961f,0.0883f,-0.0043f,-0.0533f,0.0856f,0.9755f,0.2029f,-0.5759f,0.0221f,0.2017f,-0.9792f,0.3572f,0f,0f,0f,1f],start_interpolation: 0,interpolation_duration: 1}
$data merge entity $(bone_trigger_gaurd) {transformation: [-0.9961f,0.0883f,-0.0043f,-0.0506f,0.0856f,0.9755f,0.2029f,-0.5543f,0.0221f,0.2017f,-0.9792f,0.3948f,0f,0f,0f,1f],start_interpolation: 0,interpolation_duration: 1}
$data merge entity $(bone_right_arm) {transformation: [-0.9961f,-0.0043f,-0.0883f,-0.0913f,0.0856f,0.2029f,-0.9755f,-0.5251f,0.0221f,-0.9792f,-0.2017f,0.0016f,0f,0f,0f,1f],start_interpolation: 0,interpolation_duration: 1}
$data merge entity $(bone_magazine1) {transformation: [0f,0f,0f,-0.1103f,0f,0f,0f,-0.5143f,0f,0f,0f,0.3617f,0f,0f,0f,1f],start_interpolation: 0,interpolation_duration: 1}
$data merge entity $(bone_left_arm) {transformation: [-0.836f,0.399f,0.3768f,0.0868f,-0.3084f,0.2264f,-0.9239f,-0.5339f,-0.4539f,-0.8886f,-0.0662f,0.0119f,0f,0f,0f,1f],start_interpolation: 0,interpolation_duration: 1}
data modify entity @s data merge value {"cameras":{},"locators":{"barrel1":{"px":-0.06706621470831028,"py":-0.568149994428684,"pz":0.6946763819783761,"ry":359.74686679127706,"rx":11.705341626155233}}}