# This file was generated by Animated Java via MC-Build. It is not recommended to edit this file directly.
$data merge entity $(bone_muzzleflash) {transformation: [0f,0f,0f,-0.2f,0f,0f,0f,-0.9082f,0f,0f,0f,0.276f,0f,0f,0f,1f],start_interpolation: 0,interpolation_duration: 1}
$data merge entity $(bone_slide) {transformation: [-0.9961f,0.0882f,-0.0041f,-0.0414f,0.0855f,0.9745f,0.2074f,-0.4878f,0.0223f,0.2062f,-0.9783f,0.5454f,0f,0f,0f,1f],start_interpolation: 0,interpolation_duration: 1}
$data merge entity $(bone_barrel) {transformation: [-0.9961f,0.0882f,-0.0041f,0.0604f,0.0855f,0.9745f,0.2074f,-0.576f,0.0223f,0.2062f,-0.9783f,0.5263f,0f,0f,0f,1f],start_interpolation: 0,interpolation_duration: 1}
$data merge entity $(bone_magazine) {transformation: [-0.9961f,0.0882f,-0.0041f,-0.054f,0.0855f,0.9745f,0.2074f,-0.577f,0.0223f,0.2062f,-0.9783f,0.3252f,0f,0f,0f,1f],start_interpolation: 0,interpolation_duration: 1}
$data merge entity $(bone_grip) {transformation: [-0.9961f,0.0882f,-0.0041f,-0.054f,0.0855f,0.9745f,0.2074f,-0.577f,0.0223f,0.2062f,-0.9783f,0.3252f,0f,0f,0f,1f],start_interpolation: 0,interpolation_duration: 1}
$data merge entity $(bone_trigger) {transformation: [-0.9961f,0.0882f,-0.0041f,-0.0535f,0.0855f,0.9745f,0.2074f,-0.5791f,0.0223f,0.2062f,-0.9783f,0.3561f,0f,0f,0f,1f],start_interpolation: 0,interpolation_duration: 1}
$data merge entity $(bone_trigger_gaurd) {transformation: [-0.9961f,0.0882f,-0.0041f,-0.0508f,0.0855f,0.9745f,0.2074f,-0.5577f,0.0223f,0.2062f,-0.9783f,0.3938f,0f,0f,0f,1f],start_interpolation: 0,interpolation_duration: 1}
$data merge entity $(bone_right_arm) {transformation: [-0.9961f,-0.0041f,-0.0882f,-0.0915f,0.0855f,0.2074f,-0.9745f,-0.5267f,0.0223f,-0.9783f,-0.2062f,0.0007f,0f,0f,0f,1f],start_interpolation: 0,interpolation_duration: 1}
$data merge entity $(bone_magazine1) {transformation: [0f,0f,0f,-0.1106f,0f,0f,0f,-0.5175f,0f,0f,0f,0.3608f,0f,0f,0f,1f],start_interpolation: 0,interpolation_duration: 1}
$data merge entity $(bone_left_arm) {transformation: [-0.8359f,0.3992f,0.3768f,0.0867f,-0.3063f,0.2304f,-0.9236f,-0.5355f,-0.4555f,-0.8874f,-0.0704f,0.011f,0f,0f,0f,1f],start_interpolation: 0,interpolation_duration: 1}
data modify entity @s data merge value {"cameras":{},"locators":{"barrel1":{"px":-0.06739147879376385,"py":-0.5729234383878763,"pz":0.6935925863879625,"ry":359.76003177858274,"rx":11.967602201379014}}}