# This file was generated by Animated Java via MC-Build. It is not recommended to edit this file directly.
$data merge entity $(bone_muzzleflash) {transformation: [0f,0f,0f,-0.2231f,0f,0f,0f,-0.7461f,0f,0f,0f,0.4008f,0f,0f,0f,1f],start_interpolation: 0,interpolation_duration: 1}
$data merge entity $(bone_slide) {transformation: [-0.9918f,0.1276f,-0.0013f,-0.0467f,0.1276f,0.9918f,-0.009f,-0.284f,0.0001f,-0.0091f,-1f,0.5734f,0f,0f,0f,1f],start_interpolation: 0,interpolation_duration: 1}
$data merge entity $(bone_barrel) {transformation: [-0.9918f,0.1276f,-0.0013f,0.0515f,0.1276f,0.9918f,-0.009f,-0.3782f,0.0001f,-0.0091f,-1f,0.5741f,0f,0f,0f,1f],start_interpolation: 0,interpolation_duration: 1}
$data merge entity $(bone_magazine) {transformation: [-0.9918f,0.1276f,-0.0013f,-0.064f,0.1276f,0.9918f,-0.009f,-0.4181f,0.0001f,-0.0091f,-1f,0.3776f,0f,0f,0f,1f],start_interpolation: 0,interpolation_duration: 1}
$data merge entity $(bone_grip) {transformation: [-0.9918f,0.1276f,-0.0013f,-0.064f,0.1276f,0.9918f,-0.009f,-0.4181f,0.0001f,-0.0091f,-1f,0.3776f,0f,0f,0f,1f],start_interpolation: 0,interpolation_duration: 1}
$data merge entity $(bone_trigger) {transformation: [-0.9918f,0.1276f,-0.0013f,-0.0634f,0.1276f,0.9918f,-0.009f,-0.4135f,0.0001f,-0.0091f,-1f,0.4082f,0f,0f,0f,1f],start_interpolation: 0,interpolation_duration: 1}
$data merge entity $(bone_trigger_gaurd) {transformation: [-0.9918f,0.1276f,-0.0013f,-0.0596f,0.1276f,0.9918f,-0.009f,-0.3846f,0.0001f,-0.0091f,-1f,0.4404f,0f,0f,0f,1f],start_interpolation: 0,interpolation_duration: 1}
$data merge entity $(bone_right_arm) {transformation: [-0.9918f,-0.0013f,-0.1276f,-0.1012f,0.1276f,-0.009f,-0.9918f,-0.4378f,0.0001f,-1f,0.0091f,0.0498f,0f,0f,0f,1f],start_interpolation: 0,interpolation_duration: 1}
$data merge entity $(bone_magazine1) {transformation: [0f,0f,0f,-0.1179f,0f,0f,0f,-0.3502f,0f,0f,0f,0.3994f,0f,0f,0f,1f],start_interpolation: 0,interpolation_duration: 1}
$data merge entity $(bone_left_arm) {transformation: [-0.8498f,0.4031f,0.3398f,0.0765f,-0.3642f,0.0172f,-0.9312f,-0.4511f,-0.3811f,-0.915f,0.1322f,0.0623f,0f,0f,0f,1f],start_interpolation: 0,interpolation_duration: 1}
data modify entity @s data merge value {"cameras":{},"locators":{"barrel1":{"px":-0.07513235129671189,"py":-0.3339545423840064,"pz":0.7363719122411756,"ry":359.9254897823015,"rx":-0.5178818748210716}}}