# This file was generated by Animated Java via MC-Build. It is not recommended to edit this file directly.
$data merge entity $(bone_muzzleflash) {transformation: [0f,0f,0f,-0.2002f,0f,0f,0f,-0.911f,0f,0f,0f,0.2735f,0f,0f,0f,1f],start_interpolation: 0,interpolation_duration: 1}
$data merge entity $(bone_slide) {transformation: [-0.9961f,0.0882f,-0.0039f,-0.0417f,0.0854f,0.9736f,0.2117f,-0.4918f,0.0224f,0.2105f,-0.9773f,0.5448f,0f,0f,0f,1f],start_interpolation: 0,interpolation_duration: 1}
$data merge entity $(bone_barrel) {transformation: [-0.9961f,0.0882f,-0.0039f,0.0601f,0.0854f,0.9736f,0.2117f,-0.5799f,0.0224f,0.2105f,-0.9773f,0.5253f,0f,0f,0f,1f],start_interpolation: 0,interpolation_duration: 1}
$data merge entity $(bone_magazine) {transformation: [-0.9961f,0.0882f,-0.0039f,-0.0543f,0.0854f,0.9736f,0.2117f,-0.58f,0.0224f,0.2105f,-0.9773f,0.3242f,0f,0f,0f,1f],start_interpolation: 0,interpolation_duration: 1}
$data merge entity $(bone_grip) {transformation: [-0.9961f,0.0882f,-0.0039f,-0.0543f,0.0854f,0.9736f,0.2117f,-0.58f,0.0224f,0.2105f,-0.9773f,0.3242f,0f,0f,0f,1f],start_interpolation: 0,interpolation_duration: 1}
$data merge entity $(bone_trigger) {transformation: [-0.9961f,0.0882f,-0.0039f,-0.0538f,0.0854f,0.9736f,0.2117f,-0.5823f,0.0224f,0.2105f,-0.9773f,0.355f,0f,0f,0f,1f],start_interpolation: 0,interpolation_duration: 1}
$data merge entity $(bone_trigger_gaurd) {transformation: [-0.9961f,0.0882f,-0.0039f,-0.0511f,0.0854f,0.9736f,0.2117f,-0.561f,0.0224f,0.2105f,-0.9773f,0.3928f,0f,0f,0f,1f],start_interpolation: 0,interpolation_duration: 1}
$data merge entity $(bone_right_arm) {transformation: [-0.9961f,-0.0039f,-0.0882f,-0.0916f,0.0854f,0.2117f,-0.9736f,-0.5283f,0.0224f,-0.9773f,-0.2105f,-0.0001f,0f,0f,0f,1f],start_interpolation: 0,interpolation_duration: 1}
$data merge entity $(bone_magazine1) {transformation: [0f,0f,0f,-0.1108f,0f,0f,0f,-0.5207f,0f,0f,0f,0.36f,0f,0f,0f,1f],start_interpolation: 0,interpolation_duration: 1}
$data merge entity $(bone_left_arm) {transformation: [-0.8358f,0.3994f,0.3768f,0.0865f,-0.3042f,0.2344f,-0.9233f,-0.5371f,-0.4571f,-0.8863f,-0.0744f,0.0102f,0f,0f,0f,1f],start_interpolation: 0,interpolation_duration: 1}
data modify entity @s data merge value {"cameras":{},"locators":{"barrel1":{"px":-0.06771618536265937,"py":-0.5775563561280009,"pz":0.692562402915049,"ry":359.7731973435956,"rx":12.221044438257183}}}