# This file was generated by Animated Java via MC-Build. It is not recommended to edit this file directly.
$data merge entity $(bone_muzzleflash) {transformation: [0f,0f,0f,-0.2004f,0f,0f,0f,-0.9137f,0f,0f,0f,0.2711f,0f,0f,0f,1f],start_interpolation: 0,interpolation_duration: 1}
$data merge entity $(bone_slide) {transformation: [-0.9961f,0.0882f,-0.0036f,-0.042f,0.0853f,0.9727f,0.2158f,-0.4956f,0.0226f,0.2147f,-0.9764f,0.5442f,0f,0f,0f,1f],start_interpolation: 0,interpolation_duration: 1}
$data merge entity $(bone_barrel) {transformation: [-0.9961f,0.0882f,-0.0036f,0.0598f,0.0853f,0.9727f,0.2158f,-0.5837f,0.0226f,0.2147f,-0.9764f,0.5243f,0f,0f,0f,1f],start_interpolation: 0,interpolation_duration: 1}
$data merge entity $(bone_magazine) {transformation: [-0.9961f,0.0882f,-0.0036f,-0.0545f,0.0853f,0.9727f,0.2158f,-0.583f,0.0226f,0.2147f,-0.9764f,0.3232f,0f,0f,0f,1f],start_interpolation: 0,interpolation_duration: 1}
$data merge entity $(bone_grip) {transformation: [-0.9961f,0.0882f,-0.0036f,-0.0545f,0.0853f,0.9727f,0.2158f,-0.583f,0.0226f,0.2147f,-0.9764f,0.3232f,0f,0f,0f,1f],start_interpolation: 0,interpolation_duration: 1}
$data merge entity $(bone_trigger) {transformation: [-0.9961f,0.0882f,-0.0036f,-0.054f,0.0853f,0.9727f,0.2158f,-0.5853f,0.0226f,0.2147f,-0.9764f,0.354f,0f,0f,0f,1f],start_interpolation: 0,interpolation_duration: 1}
$data merge entity $(bone_trigger_gaurd) {transformation: [-0.9961f,0.0882f,-0.0036f,-0.0513f,0.0853f,0.9727f,0.2158f,-0.5642f,0.0226f,0.2147f,-0.9764f,0.3919f,0f,0f,0f,1f],start_interpolation: 0,interpolation_duration: 1}
$data merge entity $(bone_right_arm) {transformation: [-0.9961f,-0.0036f,-0.0882f,-0.0918f,0.0853f,0.2158f,-0.9727f,-0.5298f,0.0226f,-0.9764f,-0.2147f,-0.0009f,0f,0f,0f,1f],start_interpolation: 0,interpolation_duration: 1}
$data merge entity $(bone_magazine1) {transformation: [0f,0f,0f,-0.111f,0f,0f,0f,-0.5238f,0f,0f,0f,0.3593f,0f,0f,0f,1f],start_interpolation: 0,interpolation_duration: 1}
$data merge entity $(bone_left_arm) {transformation: [-0.8357f,0.3996f,0.3768f,0.0863f,-0.3023f,0.2381f,-0.923f,-0.5387f,-0.4585f,-0.8852f,-0.0782f,0.0094f,0f,0f,0f,1f],start_interpolation: 0,interpolation_duration: 1}
data modify entity @s data merge value {"cameras":{},"locators":{"barrel1":{"px":-0.06803888254978487,"py":-0.582040905387385,"pz":0.6915908996837787,"ry":359.78630372242765,"rx":12.465158432903465}}}