# This file was generated by Animated Java via MC-Build. It is not recommended to edit this file directly.
$data merge entity $(bone_muzzleflash) {transformation: [0f,0f,0f,-0.2007f,0f,0f,0f,-0.9163f,0f,0f,0f,0.2688f,0f,0f,0f,1f],start_interpolation: 0,interpolation_duration: 1}
$data merge entity $(bone_slide) {transformation: [-0.9961f,0.0881f,-0.0034f,-0.0423f,0.0852f,0.9718f,0.2198f,-0.4994f,0.0227f,0.2187f,-0.9755f,0.5436f,0f,0f,0f,1f],start_interpolation: 0,interpolation_duration: 1}
$data merge entity $(bone_barrel) {transformation: [-0.9961f,0.0881f,-0.0034f,0.0595f,0.0852f,0.9718f,0.2198f,-0.5873f,0.0227f,0.2187f,-0.9755f,0.5234f,0f,0f,0f,1f],start_interpolation: 0,interpolation_duration: 1}
$data merge entity $(bone_magazine) {transformation: [-0.9961f,0.0881f,-0.0034f,-0.0547f,0.0852f,0.9718f,0.2198f,-0.5858f,0.0227f,0.2187f,-0.9755f,0.3223f,0f,0f,0f,1f],start_interpolation: 0,interpolation_duration: 1}
$data merge entity $(bone_grip) {transformation: [-0.9961f,0.0881f,-0.0034f,-0.0547f,0.0852f,0.9718f,0.2198f,-0.5858f,0.0227f,0.2187f,-0.9755f,0.3223f,0f,0f,0f,1f],start_interpolation: 0,interpolation_duration: 1}
$data merge entity $(bone_trigger) {transformation: [-0.9961f,0.0881f,-0.0034f,-0.0543f,0.0852f,0.9718f,0.2198f,-0.5883f,0.0227f,0.2187f,-0.9755f,0.3531f,0f,0f,0f,1f],start_interpolation: 0,interpolation_duration: 1}
$data merge entity $(bone_trigger_gaurd) {transformation: [-0.9961f,0.0881f,-0.0034f,-0.0516f,0.0852f,0.9718f,0.2198f,-0.5673f,0.0227f,0.2187f,-0.9755f,0.3911f,0f,0f,0f,1f],start_interpolation: 0,interpolation_duration: 1}
$data merge entity $(bone_right_arm) {transformation: [-0.9961f,-0.0034f,-0.0881f,-0.092f,0.0852f,0.2198f,-0.9718f,-0.5313f,0.0227f,-0.9755f,-0.2187f,-0.0016f,0f,0f,0f,1f],start_interpolation: 0,interpolation_duration: 1}
$data merge entity $(bone_magazine1) {transformation: [0f,0f,0f,-0.1113f,0f,0f,0f,-0.5267f,0f,0f,0f,0.3586f,0f,0f,0f,1f],start_interpolation: 0,interpolation_duration: 1}
$data merge entity $(bone_left_arm) {transformation: [-0.8356f,0.3998f,0.3768f,0.0862f,-0.3004f,0.2417f,-0.9227f,-0.5403f,-0.46f,-0.8842f,-0.0819f,0.0087f,0f,0f,0f,1f],start_interpolation: 0,interpolation_duration: 1}
data modify entity @s data merge value {"cameras":{},"locators":{"barrel1":{"px":-0.06835812578103621,"py":-0.5863692741287588,"pz":0.6906831921106391,"ry":359.7992911567154,"rx":12.699434281433478}}}