# This file was generated by Animated Java via MC-Build. It is not recommended to edit this file directly.
$data merge entity $(bone_muzzleflash) {transformation: [0f,0f,0f,-0.2009f,0f,0f,0f,-0.9188f,0f,0f,0f,0.2666f,0f,0f,0f,1f],start_interpolation: 0,interpolation_duration: 1}
$data merge entity $(bone_slide) {transformation: [-0.9961f,0.0881f,-0.0032f,-0.0426f,0.0852f,0.9709f,0.2236f,-0.503f,0.0228f,0.2225f,-0.9747f,0.5431f,0f,0f,0f,1f],start_interpolation: 0,interpolation_duration: 1}
$data merge entity $(bone_barrel) {transformation: [-0.9961f,0.0881f,-0.0032f,0.0592f,0.0852f,0.9709f,0.2236f,-0.5909f,0.0228f,0.2225f,-0.9747f,0.5226f,0f,0f,0f,1f],start_interpolation: 0,interpolation_duration: 1}
$data merge entity $(bone_magazine) {transformation: [-0.9961f,0.0881f,-0.0032f,-0.055f,0.0852f,0.9709f,0.2236f,-0.5885f,0.0228f,0.2225f,-0.9747f,0.3215f,0f,0f,0f,1f],start_interpolation: 0,interpolation_duration: 1}
$data merge entity $(bone_grip) {transformation: [-0.9961f,0.0881f,-0.0032f,-0.055f,0.0852f,0.9709f,0.2236f,-0.5885f,0.0228f,0.2225f,-0.9747f,0.3215f,0f,0f,0f,1f],start_interpolation: 0,interpolation_duration: 1}
$data merge entity $(bone_trigger) {transformation: [-0.9961f,0.0881f,-0.0032f,-0.0545f,0.0852f,0.9709f,0.2236f,-0.5911f,0.0228f,0.2225f,-0.9747f,0.3523f,0f,0f,0f,1f],start_interpolation: 0,interpolation_duration: 1}
$data merge entity $(bone_trigger_gaurd) {transformation: [-0.9961f,0.0881f,-0.0032f,-0.0518f,0.0852f,0.9709f,0.2236f,-0.5703f,0.0228f,0.2225f,-0.9747f,0.3903f,0f,0f,0f,1f],start_interpolation: 0,interpolation_duration: 1}
$data merge entity $(bone_right_arm) {transformation: [-0.9961f,-0.0032f,-0.0881f,-0.0921f,0.0852f,0.2236f,-0.9709f,-0.5328f,0.0228f,-0.9747f,-0.2225f,-0.0022f,0f,0f,0f,1f],start_interpolation: 0,interpolation_duration: 1}
$data merge entity $(bone_magazine1) {transformation: [0f,0f,0f,-0.1115f,0f,0f,0f,-0.5296f,0f,0f,0f,0.358f,0f,0f,0f,1f],start_interpolation: 0,interpolation_duration: 1}
$data merge entity $(bone_left_arm) {transformation: [-0.8355f,0.4f,0.3768f,0.086f,-0.2986f,0.2452f,-0.9224f,-0.5418f,-0.4613f,-0.8831f,-0.0854f,0.0081f,0f,0f,0f,1f],start_interpolation: 0,interpolation_duration: 1}
data modify entity @s data merge value {"cameras":{},"locators":{"barrel1":{"px":-0.06867247750611523,"py":-0.5905336768565632,"pz":0.6898444327744515,"ry":359.81209989275834,"rx":12.923362079964598}}}