# This file was generated by Animated Java via MC-Build. It is not recommended to edit this file directly.
$data merge entity $(bone_muzzleflash) {transformation: [0f,0f,0f,-0.2011f,0f,0f,0f,-0.9212f,0f,0f,0f,0.2646f,0f,0f,0f,1f],start_interpolation: 0,interpolation_duration: 1}
$data merge entity $(bone_slide) {transformation: [-0.9961f,0.0881f,-0.003f,-0.0429f,0.0851f,0.9701f,0.2273f,-0.5064f,0.0229f,0.2261f,-0.9738f,0.5427f,0f,0f,0f,1f],start_interpolation: 0,interpolation_duration: 1}
$data merge entity $(bone_barrel) {transformation: [-0.9961f,0.0881f,-0.003f,0.059f,0.0851f,0.9701f,0.2273f,-0.5942f,0.0229f,0.2261f,-0.9738f,0.5219f,0f,0f,0f,1f],start_interpolation: 0,interpolation_duration: 1}
$data merge entity $(bone_magazine) {transformation: [-0.9961f,0.0881f,-0.003f,-0.0552f,0.0851f,0.9701f,0.2273f,-0.5911f,0.0229f,0.2261f,-0.9738f,0.3207f,0f,0f,0f,1f],start_interpolation: 0,interpolation_duration: 1}
$data merge entity $(bone_grip) {transformation: [-0.9961f,0.0881f,-0.003f,-0.0552f,0.0851f,0.9701f,0.2273f,-0.5911f,0.0229f,0.2261f,-0.9738f,0.3207f,0f,0f,0f,1f],start_interpolation: 0,interpolation_duration: 1}
$data merge entity $(bone_trigger) {transformation: [-0.9961f,0.0881f,-0.003f,-0.0547f,0.0851f,0.9701f,0.2273f,-0.5938f,0.0229f,0.2261f,-0.9738f,0.3515f,0f,0f,0f,1f],start_interpolation: 0,interpolation_duration: 1}
$data merge entity $(bone_trigger_gaurd) {transformation: [-0.9961f,0.0881f,-0.003f,-0.0521f,0.0851f,0.9701f,0.2273f,-0.5732f,0.0229f,0.2261f,-0.9738f,0.3896f,0f,0f,0f,1f],start_interpolation: 0,interpolation_duration: 1}
$data merge entity $(bone_right_arm) {transformation: [-0.9961f,-0.003f,-0.0881f,-0.0923f,0.0851f,0.2273f,-0.9701f,-0.5342f,0.0229f,-0.9738f,-0.2261f,-0.0028f,0f,0f,0f,1f],start_interpolation: 0,interpolation_duration: 1}
$data merge entity $(bone_magazine1) {transformation: [0f,0f,0f,-0.1118f,0f,0f,0f,-0.5324f,0f,0f,0f,0.3575f,0f,0f,0f,1f],start_interpolation: 0,interpolation_duration: 1}
$data merge entity $(bone_left_arm) {transformation: [-0.8354f,0.4002f,0.3768f,0.0859f,-0.2968f,0.2485f,-0.922f,-0.5432f,-0.4626f,-0.8821f,-0.0888f,0.0076f,0f,0f,0f,1f],start_interpolation: 0,interpolation_duration: 1}
data modify entity @s data merge value {"cameras":{},"locators":{"barrel1":{"px":-0.06898050684153988,"py":-0.594526350540045,"pz":0.689079800824308,"ry":359.82467018058685,"rx":13.136431924615776}}}