# This file was generated by Animated Java via MC-Build. It is not recommended to edit this file directly.
$data merge entity $(bone_muzzleflash) {transformation: [0f,0f,0f,-0.2013f,0f,0f,0f,-0.9236f,0f,0f,0f,0.2627f,0f,0f,0f,1f],start_interpolation: 0,interpolation_duration: 1}
$data merge entity $(bone_slide) {transformation: [-0.9961f,0.088f,-0.0028f,-0.0431f,0.085f,0.9693f,0.2307f,-0.5097f,0.023f,0.2296f,-0.973f,0.5423f,0f,0f,0f,1f],start_interpolation: 0,interpolation_duration: 1}
$data merge entity $(bone_barrel) {transformation: [-0.9961f,0.088f,-0.0028f,0.0587f,0.085f,0.9693f,0.2307f,-0.5975f,0.023f,0.2296f,-0.973f,0.5212f,0f,0f,0f,1f],start_interpolation: 0,interpolation_duration: 1}
$data merge entity $(bone_magazine) {transformation: [-0.9961f,0.088f,-0.0028f,-0.0554f,0.085f,0.9693f,0.2307f,-0.5936f,0.023f,0.2296f,-0.973f,0.32f,0f,0f,0f,1f],start_interpolation: 0,interpolation_duration: 1}
$data merge entity $(bone_grip) {transformation: [-0.9961f,0.088f,-0.0028f,-0.0554f,0.085f,0.9693f,0.2307f,-0.5936f,0.023f,0.2296f,-0.973f,0.32f,0f,0f,0f,1f],start_interpolation: 0,interpolation_duration: 1}
$data merge entity $(bone_trigger) {transformation: [-0.9961f,0.088f,-0.0028f,-0.055f,0.085f,0.9693f,0.2307f,-0.5965f,0.023f,0.2296f,-0.973f,0.3508f,0f,0f,0f,1f],start_interpolation: 0,interpolation_duration: 1}
$data merge entity $(bone_trigger_gaurd) {transformation: [-0.9961f,0.088f,-0.0028f,-0.0523f,0.085f,0.9693f,0.2307f,-0.576f,0.023f,0.2296f,-0.973f,0.389f,0f,0f,0f,1f],start_interpolation: 0,interpolation_duration: 1}
$data merge entity $(bone_right_arm) {transformation: [-0.9961f,-0.0028f,-0.088f,-0.0924f,0.085f,0.2307f,-0.9693f,-0.5356f,0.023f,-0.973f,-0.2296f,-0.0032f,0f,0f,0f,1f],start_interpolation: 0,interpolation_duration: 1}
$data merge entity $(bone_magazine1) {transformation: [0f,0f,0f,-0.112f,0f,0f,0f,-0.535f,0f,0f,0f,0.357f,0f,0f,0f,1f],start_interpolation: 0,interpolation_duration: 1}
$data merge entity $(bone_left_arm) {transformation: [-0.8353f,0.4004f,0.3768f,0.0857f,-0.2952f,0.2516f,-0.9217f,-0.5446f,-0.4638f,-0.8811f,-0.0919f,0.0071f,0f,0f,0f,1f],start_interpolation: 0,interpolation_duration: 1}
data modify entity @s data merge value {"cameras":{},"locators":{"barrel1":{"px":-0.06928078912267314,"py":-0.5983395501472888,"pz":0.6883944909261908,"ry":359.8369422729588,"rx":13.338133911507239}}}