# This file was generated by Animated Java via MC-Build. It is not recommended to edit this file directly.
$data merge entity $(bone_muzzleflash) {transformation: [0f,0f,0f,-0.2015f,0f,0f,0f,-0.9258f,0f,0f,0f,0.261f,0f,0f,0f,1f],start_interpolation: 0,interpolation_duration: 1}
$data merge entity $(bone_slide) {transformation: [-0.9961f,0.088f,-0.0026f,-0.0434f,0.0849f,0.9685f,0.2339f,-0.5128f,0.0231f,0.2328f,-0.9723f,0.542f,0f,0f,0f,1f],start_interpolation: 0,interpolation_duration: 1}
$data merge entity $(bone_barrel) {transformation: [-0.9961f,0.088f,-0.0026f,0.0584f,0.0849f,0.9685f,0.2339f,-0.6005f,0.0231f,0.2328f,-0.9723f,0.5207f,0f,0f,0f,1f],start_interpolation: 0,interpolation_duration: 1}
$data merge entity $(bone_magazine) {transformation: [-0.9961f,0.088f,-0.0026f,-0.0556f,0.0849f,0.9685f,0.2339f,-0.5961f,0.0231f,0.2328f,-0.9723f,0.3195f,0f,0f,0f,1f],start_interpolation: 0,interpolation_duration: 1}
$data merge entity $(bone_grip) {transformation: [-0.9961f,0.088f,-0.0026f,-0.0556f,0.0849f,0.9685f,0.2339f,-0.5961f,0.0231f,0.2328f,-0.9723f,0.3195f,0f,0f,0f,1f],start_interpolation: 0,interpolation_duration: 1}
$data merge entity $(bone_trigger) {transformation: [-0.9961f,0.088f,-0.0026f,-0.0552f,0.0849f,0.9685f,0.2339f,-0.599f,0.0231f,0.2328f,-0.9723f,0.3503f,0f,0f,0f,1f],start_interpolation: 0,interpolation_duration: 1}
$data merge entity $(bone_trigger_gaurd) {transformation: [-0.9961f,0.088f,-0.0026f,-0.0525f,0.0849f,0.9685f,0.2339f,-0.5786f,0.0231f,0.2328f,-0.9723f,0.3885f,0f,0f,0f,1f],start_interpolation: 0,interpolation_duration: 1}
$data merge entity $(bone_right_arm) {transformation: [-0.9961f,-0.0026f,-0.088f,-0.0926f,0.0849f,0.2339f,-0.9685f,-0.5369f,0.0231f,-0.9723f,-0.2328f,-0.0036f,0f,0f,0f,1f],start_interpolation: 0,interpolation_duration: 1}
$data merge entity $(bone_magazine1) {transformation: [0f,0f,0f,-0.1122f,0f,0f,0f,-0.5375f,0f,0f,0f,0.3566f,0f,0f,0f,1f],start_interpolation: 0,interpolation_duration: 1}
$data merge entity $(bone_left_arm) {transformation: [-0.8352f,0.4006f,0.3768f,0.0856f,-0.2937f,0.2545f,-0.9214f,-0.546f,-0.465f,-0.8802f,-0.0949f,0.0067f,0f,0f,0f,1f],start_interpolation: 0,interpolation_duration: 1}
data modify entity @s data merge value {"cameras":{},"locators":{"barrel1":{"px":-0.06957190536415347,"py":-0.6019655437979387,"pz":0.6877937017476802,"ry":359.84885642428526,"rx":13.527958136760319}}}