# This file was generated by Animated Java via MC-Build. It is not recommended to edit this file directly.
$data merge entity $(bone_muzzleflash) {transformation: [0f,0f,0f,-0.2017f,0f,0f,0f,-0.9279f,0f,0f,0f,0.2595f,0f,0f,0f,1f],start_interpolation: 0,interpolation_duration: 1}
$data merge entity $(bone_slide) {transformation: [-0.9961f,0.0879f,-0.0024f,-0.0436f,0.0849f,0.9678f,0.2369f,-0.5158f,0.0231f,0.2358f,-0.9715f,0.5418f,0f,0f,0f,1f],start_interpolation: 0,interpolation_duration: 1}
$data merge entity $(bone_barrel) {transformation: [-0.9961f,0.0879f,-0.0024f,0.0582f,0.0849f,0.9678f,0.2369f,-0.6034f,0.0231f,0.2358f,-0.9715f,0.5202f,0f,0f,0f,1f],start_interpolation: 0,interpolation_duration: 1}
$data merge entity $(bone_magazine) {transformation: [-0.9961f,0.0879f,-0.0024f,-0.0558f,0.0849f,0.9678f,0.2369f,-0.5983f,0.0231f,0.2358f,-0.9715f,0.319f,0f,0f,0f,1f],start_interpolation: 0,interpolation_duration: 1}
$data merge entity $(bone_grip) {transformation: [-0.9961f,0.0879f,-0.0024f,-0.0558f,0.0849f,0.9678f,0.2369f,-0.5983f,0.0231f,0.2358f,-0.9715f,0.319f,0f,0f,0f,1f],start_interpolation: 0,interpolation_duration: 1}
$data merge entity $(bone_trigger) {transformation: [-0.9961f,0.0879f,-0.0024f,-0.0554f,0.0849f,0.9678f,0.2369f,-0.6014f,0.0231f,0.2358f,-0.9715f,0.3498f,0f,0f,0f,1f],start_interpolation: 0,interpolation_duration: 1}
$data merge entity $(bone_trigger_gaurd) {transformation: [-0.9961f,0.0879f,-0.0024f,-0.0528f,0.0849f,0.9678f,0.2369f,-0.5811f,0.0231f,0.2358f,-0.9715f,0.3881f,0f,0f,0f,1f],start_interpolation: 0,interpolation_duration: 1}
$data merge entity $(bone_right_arm) {transformation: [-0.9961f,-0.0024f,-0.0879f,-0.0927f,0.0849f,0.2369f,-0.9678f,-0.5382f,0.0231f,-0.9715f,-0.2358f,-0.0039f,0f,0f,0f,1f],start_interpolation: 0,interpolation_duration: 1}
$data merge entity $(bone_magazine1) {transformation: [0f,0f,0f,-0.1124f,0f,0f,0f,-0.5399f,0f,0f,0f,0.3563f,0f,0f,0f,1f],start_interpolation: 0,interpolation_duration: 1}
$data merge entity $(bone_left_arm) {transformation: [-0.8351f,0.4007f,0.3768f,0.0854f,-0.2922f,0.2572f,-0.9211f,-0.5473f,-0.4661f,-0.8793f,-0.0977f,0.0064f,0f,0f,0f,1f],start_interpolation: 0,interpolation_duration: 1}
data modify entity @s data merge value {"cameras":{},"locators":{"barrel1":{"px":-0.06985244162882365,"py":-0.6053966075450503,"pz":0.687282623978734,"ry":359.8603528894845,"rx":13.70539469649712}}}