# This file was generated by Animated Java via MC-Build. It is not recommended to edit this file directly.
$data merge entity $(bone_muzzleflash) {transformation: [0f,0f,0f,-0.2019f,0f,0f,0f,-0.9299f,0f,0f,0f,0.2581f,0f,0f,0f,1f],start_interpolation: 0,interpolation_duration: 1}
$data merge entity $(bone_slide) {transformation: [-0.9961f,0.0879f,-0.0022f,-0.0439f,0.0848f,0.9671f,0.2397f,-0.5186f,0.0232f,0.2386f,-0.9708f,0.5416f,0f,0f,0f,1f],start_interpolation: 0,interpolation_duration: 1}
$data merge entity $(bone_barrel) {transformation: [-0.9961f,0.0879f,-0.0022f,0.058f,0.0848f,0.9671f,0.2397f,-0.6062f,0.0232f,0.2386f,-0.9708f,0.5198f,0f,0f,0f,1f],start_interpolation: 0,interpolation_duration: 1}
$data merge entity $(bone_magazine) {transformation: [-0.9961f,0.0879f,-0.0022f,-0.056f,0.0848f,0.9671f,0.2397f,-0.6005f,0.0232f,0.2386f,-0.9708f,0.3186f,0f,0f,0f,1f],start_interpolation: 0,interpolation_duration: 1}
$data merge entity $(bone_grip) {transformation: [-0.9961f,0.0879f,-0.0022f,-0.056f,0.0848f,0.9671f,0.2397f,-0.6005f,0.0232f,0.2386f,-0.9708f,0.3186f,0f,0f,0f,1f],start_interpolation: 0,interpolation_duration: 1}
$data merge entity $(bone_trigger) {transformation: [-0.9961f,0.0879f,-0.0022f,-0.0556f,0.0848f,0.9671f,0.2397f,-0.6036f,0.0232f,0.2386f,-0.9708f,0.3494f,0f,0f,0f,1f],start_interpolation: 0,interpolation_duration: 1}
$data merge entity $(bone_trigger_gaurd) {transformation: [-0.9961f,0.0879f,-0.0022f,-0.053f,0.0848f,0.9671f,0.2397f,-0.5835f,0.0232f,0.2386f,-0.9708f,0.3877f,0f,0f,0f,1f],start_interpolation: 0,interpolation_duration: 1}
$data merge entity $(bone_right_arm) {transformation: [-0.9961f,-0.0022f,-0.0879f,-0.0929f,0.0848f,0.2397f,-0.9671f,-0.5395f,0.0232f,-0.9708f,-0.2386f,-0.0042f,0f,0f,0f,1f],start_interpolation: 0,interpolation_duration: 1}
$data merge entity $(bone_magazine1) {transformation: [0f,0f,0f,-0.1126f,0f,0f,0f,-0.5422f,0f,0f,0f,0.3561f,0f,0f,0f,1f],start_interpolation: 0,interpolation_duration: 1}
$data merge entity $(bone_left_arm) {transformation: [-0.835f,0.4009f,0.3769f,0.0853f,-0.2909f,0.2597f,-0.9208f,-0.5486f,-0.4671f,-0.8785f,-0.1003f,0.0062f,0f,0f,0f,1f],start_interpolation: 0,interpolation_duration: 1}
data modify entity @s data merge value {"cameras":{},"locators":{"barrel1":{"px":-0.07012098830600962,"py":-0.6086250197993405,"pz":0.6868664278849947,"ry":359.8713719227648,"rx":13.869933686840216}}}