# This file was generated by Animated Java via MC-Build. It is not recommended to edit this file directly.
$data merge entity $(bone_muzzleflash) {transformation: [0f,0f,0f,-0.2021f,0f,0f,0f,-0.9318f,0f,0f,0f,0.2569f,0f,0f,0f,1f],start_interpolation: 0,interpolation_duration: 1}
$data merge entity $(bone_slide) {transformation: [-0.9961f,0.0878f,-0.002f,-0.0441f,0.0847f,0.9665f,0.2423f,-0.5213f,0.0232f,0.2412f,-0.9702f,0.5416f,0f,0f,0f,1f],start_interpolation: 0,interpolation_duration: 1}
$data merge entity $(bone_barrel) {transformation: [-0.9961f,0.0878f,-0.002f,0.0577f,0.0847f,0.9665f,0.2423f,-0.6088f,0.0232f,0.2412f,-0.9702f,0.5195f,0f,0f,0f,1f],start_interpolation: 0,interpolation_duration: 1}
$data merge entity $(bone_magazine) {transformation: [-0.9961f,0.0878f,-0.002f,-0.0562f,0.0847f,0.9665f,0.2423f,-0.6026f,0.0232f,0.2412f,-0.9702f,0.3183f,0f,0f,0f,1f],start_interpolation: 0,interpolation_duration: 1}
$data merge entity $(bone_grip) {transformation: [-0.9961f,0.0878f,-0.002f,-0.0562f,0.0847f,0.9665f,0.2423f,-0.6026f,0.0232f,0.2412f,-0.9702f,0.3183f,0f,0f,0f,1f],start_interpolation: 0,interpolation_duration: 1}
$data merge entity $(bone_trigger) {transformation: [-0.9961f,0.0878f,-0.002f,-0.0558f,0.0847f,0.9665f,0.2423f,-0.6058f,0.0232f,0.2412f,-0.9702f,0.3491f,0f,0f,0f,1f],start_interpolation: 0,interpolation_duration: 1}
$data merge entity $(bone_trigger_gaurd) {transformation: [-0.9961f,0.0878f,-0.002f,-0.0532f,0.0847f,0.9665f,0.2423f,-0.5857f,0.0232f,0.2412f,-0.9702f,0.3875f,0f,0f,0f,1f],start_interpolation: 0,interpolation_duration: 1}
$data merge entity $(bone_right_arm) {transformation: [-0.9961f,-0.002f,-0.0878f,-0.093f,0.0847f,0.2423f,-0.9665f,-0.5407f,0.0232f,-0.9702f,-0.2412f,-0.0043f,0f,0f,0f,1f],start_interpolation: 0,interpolation_duration: 1}
$data merge entity $(bone_magazine1) {transformation: [0f,0f,0f,-0.1128f,0f,0f,0f,-0.5444f,0f,0f,0f,0.3559f,0f,0f,0f,1f],start_interpolation: 0,interpolation_duration: 1}
$data merge entity $(bone_left_arm) {transformation: [-0.8349f,0.4011f,0.3769f,0.0851f,-0.2896f,0.2621f,-0.9206f,-0.5498f,-0.468f,-0.8778f,-0.1026f,0.0061f,0f,0f,0f,1f],start_interpolation: 0,interpolation_duration: 1}
data modify entity @s data merge value {"cameras":{},"locators":{"barrel1":{"px":-0.07037613930078992,"py":-0.6116430554120145,"pz":0.686550250388478,"ry":359.8818537763392,"rx":14.021065203912395}}}