# This file was generated by Animated Java via MC-Build. It is not recommended to edit this file directly.
$data merge entity $(bone_muzzleflash) {transformation: [0f,0f,0f,-0.2235f,0f,0f,0f,-0.7463f,0f,0f,0f,0.4007f,0f,0f,0f,1f],start_interpolation: 0,interpolation_duration: 1}
$data merge entity $(bone_slide) {transformation: [-0.9917f,0.1284f,-0.0013f,-0.0467f,0.1284f,0.9917f,-0.0084f,-0.2844f,0.0002f,-0.0085f,-1f,0.5736f,0f,0f,0f,1f],start_interpolation: 0,interpolation_duration: 1}
$data merge entity $(bone_barrel) {transformation: [-0.9917f,0.1284f,-0.0013f,0.0514f,0.1284f,0.9917f,-0.0084f,-0.3787f,0.0002f,-0.0085f,-1f,0.5743f,0f,0f,0f,1f],start_interpolation: 0,interpolation_duration: 1}
$data merge entity $(bone_magazine) {transformation: [-0.9917f,0.1284f,-0.0013f,-0.0641f,0.1284f,0.9917f,-0.0084f,-0.4184f,0.0002f,-0.0085f,-1f,0.3778f,0f,0f,0f,1f],start_interpolation: 0,interpolation_duration: 1}
$data merge entity $(bone_grip) {transformation: [-0.9917f,0.1284f,-0.0013f,-0.0641f,0.1284f,0.9917f,-0.0084f,-0.4184f,0.0002f,-0.0085f,-1f,0.3778f,0f,0f,0f,1f],start_interpolation: 0,interpolation_duration: 1}
$data merge entity $(bone_trigger) {transformation: [-0.9917f,0.1284f,-0.0013f,-0.0635f,0.1284f,0.9917f,-0.0084f,-0.4138f,0.0002f,-0.0085f,-1f,0.4084f,0f,0f,0f,1f],start_interpolation: 0,interpolation_duration: 1}
$data merge entity $(bone_trigger_gaurd) {transformation: [-0.9917f,0.1284f,-0.0013f,-0.0597f,0.1284f,0.9917f,-0.0084f,-0.3849f,0.0002f,-0.0085f,-1f,0.4406f,0f,0f,0f,1f],start_interpolation: 0,interpolation_duration: 1}
$data merge entity $(bone_right_arm) {transformation: [-0.9917f,-0.0013f,-0.1284f,-0.1013f,0.1284f,-0.0084f,-0.9917f,-0.4378f,0.0002f,-1f,0.0085f,0.0499f,0f,0f,0f,1f],start_interpolation: 0,interpolation_duration: 1}
$data merge entity $(bone_magazine1) {transformation: [0f,0f,0f,-0.118f,0f,0f,0f,-0.3504f,0f,0f,0f,0.3996f,0f,0f,0f,1f],start_interpolation: 0,interpolation_duration: 1}
$data merge entity $(bone_left_arm) {transformation: [-0.85f,0.4031f,0.339f,0.0764f,-0.3632f,0.0175f,-0.9315f,-0.4513f,-0.3814f,-0.915f,0.1316f,0.0625f,0f,0f,0f,1f],start_interpolation: 0,interpolation_duration: 1}
data modify entity @s data merge value {"cameras":{},"locators":{"barrel1":{"px":-0.07521493377315196,"py":-0.33448269730918595,"pz":0.7365737207475678,"ry":359.9266549815536,"rx":-0.47949364795734073}}}