# This file was generated by Animated Java via MC-Build. It is not recommended to edit this file directly.
$data merge entity $(bone_muzzleflash) {transformation: [0f,0f,0f,-0.2022f,0f,0f,0f,-0.9335f,0f,0f,0f,0.2559f,0f,0f,0f,1f],start_interpolation: 0,interpolation_duration: 1}
$data merge entity $(bone_slide) {transformation: [-0.9961f,0.0878f,-0.0018f,-0.0443f,0.0847f,0.9659f,0.2446f,-0.5237f,0.0232f,0.2435f,-0.9696f,0.5416f,0f,0f,0f,1f],start_interpolation: 0,interpolation_duration: 1}
$data merge entity $(bone_barrel) {transformation: [-0.9961f,0.0878f,-0.0018f,0.0575f,0.0847f,0.9659f,0.2446f,-0.6112f,0.0232f,0.2435f,-0.9696f,0.5193f,0f,0f,0f,1f],start_interpolation: 0,interpolation_duration: 1}
$data merge entity $(bone_magazine) {transformation: [-0.9961f,0.0878f,-0.0018f,-0.0564f,0.0847f,0.9659f,0.2446f,-0.6045f,0.0232f,0.2435f,-0.9696f,0.3181f,0f,0f,0f,1f],start_interpolation: 0,interpolation_duration: 1}
$data merge entity $(bone_grip) {transformation: [-0.9961f,0.0878f,-0.0018f,-0.0564f,0.0847f,0.9659f,0.2446f,-0.6045f,0.0232f,0.2435f,-0.9696f,0.3181f,0f,0f,0f,1f],start_interpolation: 0,interpolation_duration: 1}
$data merge entity $(bone_trigger) {transformation: [-0.9961f,0.0878f,-0.0018f,-0.056f,0.0847f,0.9659f,0.2446f,-0.6077f,0.0232f,0.2435f,-0.9696f,0.3489f,0f,0f,0f,1f],start_interpolation: 0,interpolation_duration: 1}
$data merge entity $(bone_trigger_gaurd) {transformation: [-0.9961f,0.0878f,-0.0018f,-0.0534f,0.0847f,0.9659f,0.2446f,-0.5878f,0.0232f,0.2435f,-0.9696f,0.3874f,0f,0f,0f,1f],start_interpolation: 0,interpolation_duration: 1}
$data merge entity $(bone_right_arm) {transformation: [-0.9961f,-0.0018f,-0.0878f,-0.0931f,0.0847f,0.2446f,-0.9659f,-0.5418f,0.0232f,-0.9696f,-0.2435f,-0.0043f,0f,0f,0f,1f],start_interpolation: 0,interpolation_duration: 1}
$data merge entity $(bone_magazine1) {transformation: [0f,0f,0f,-0.113f,0f,0f,0f,-0.5464f,0f,0f,0f,0.3558f,0f,0f,0f,1f],start_interpolation: 0,interpolation_duration: 1}
$data merge entity $(bone_left_arm) {transformation: [-0.8348f,0.4012f,0.3769f,0.085f,-0.2885f,0.2642f,-0.9203f,-0.551f,-0.4688f,-0.8771f,-0.1048f,0.006f,0f,0f,0f,1f],start_interpolation: 0,interpolation_duration: 1}
data modify entity @s data merge value {"cameras":{},"locators":{"barrel1":{"px":-0.07061649113672823,"py":-0.6144429794354141,"pz":0.68633918166882,"ry":359.8917386990706,"rx":14.158279343836162}}}