# This file was generated by Animated Java via MC-Build. It is not recommended to edit this file directly.
$data merge entity $(bone_muzzleflash) {transformation: [0f,0f,0f,-0.2024f,0f,0f,0f,-0.9352f,0f,0f,0f,0.2551f,0f,0f,0f,1f],start_interpolation: 0,interpolation_duration: 1}
$data merge entity $(bone_slide) {transformation: [-0.9961f,0.0878f,-0.0017f,-0.0445f,0.0846f,0.9654f,0.2467f,-0.526f,0.0233f,0.2456f,-0.9691f,0.5417f,0f,0f,0f,1f],start_interpolation: 0,interpolation_duration: 1}
$data merge entity $(bone_barrel) {transformation: [-0.9961f,0.0878f,-0.0017f,0.0573f,0.0846f,0.9654f,0.2467f,-0.6134f,0.0233f,0.2456f,-0.9691f,0.5193f,0f,0f,0f,1f],start_interpolation: 0,interpolation_duration: 1}
$data merge entity $(bone_magazine) {transformation: [-0.9961f,0.0878f,-0.0017f,-0.0566f,0.0846f,0.9654f,0.2467f,-0.6063f,0.0233f,0.2456f,-0.9691f,0.318f,0f,0f,0f,1f],start_interpolation: 0,interpolation_duration: 1}
$data merge entity $(bone_grip) {transformation: [-0.9961f,0.0878f,-0.0017f,-0.0566f,0.0846f,0.9654f,0.2467f,-0.6063f,0.0233f,0.2456f,-0.9691f,0.318f,0f,0f,0f,1f],start_interpolation: 0,interpolation_duration: 1}
$data merge entity $(bone_trigger) {transformation: [-0.9961f,0.0878f,-0.0017f,-0.0561f,0.0846f,0.9654f,0.2467f,-0.6096f,0.0233f,0.2456f,-0.9691f,0.3488f,0f,0f,0f,1f],start_interpolation: 0,interpolation_duration: 1}
$data merge entity $(bone_trigger_gaurd) {transformation: [-0.9961f,0.0878f,-0.0017f,-0.0535f,0.0846f,0.9654f,0.2467f,-0.5897f,0.0233f,0.2456f,-0.9691f,0.3873f,0f,0f,0f,1f],start_interpolation: 0,interpolation_duration: 1}
$data merge entity $(bone_right_arm) {transformation: [-0.9961f,-0.0017f,-0.0878f,-0.0932f,0.0846f,0.2467f,-0.9654f,-0.5429f,0.0233f,-0.9691f,-0.2456f,-0.0043f,0f,0f,0f,1f],start_interpolation: 0,interpolation_duration: 1}
$data merge entity $(bone_magazine1) {transformation: [0f,0f,0f,-0.1132f,0f,0f,0f,-0.5482f,0f,0f,0f,0.3559f,0f,0f,0f,1f],start_interpolation: 0,interpolation_duration: 1}
$data merge entity $(bone_left_arm) {transformation: [-0.8348f,0.4014f,0.3769f,0.0849f,-0.2875f,0.266f,-0.9201f,-0.5521f,-0.4696f,-0.8764f,-0.1067f,0.0061f,0f,0f,0f,1f],start_interpolation: 0,interpolation_duration: 1}
data modify entity @s data merge value {"cameras":{},"locators":{"barrel1":{"px":-0.07084064197541376,"py":-0.6170170405838852,"pz":0.6862382512765184,"ry":359.90096693505245,"rx":14.281066202733463}}}