# This file was generated by Animated Java via MC-Build. It is not recommended to edit this file directly.
$data merge entity $(bone_muzzleflash) {transformation: [0f,0f,0f,-0.2025f,0f,0f,0f,-0.9367f,0f,0f,0f,0.2545f,0f,0f,0f,1f],start_interpolation: 0,interpolation_duration: 1}
$data merge entity $(bone_slide) {transformation: [-0.9961f,0.0877f,-0.0015f,-0.0447f,0.0846f,0.9649f,0.2485f,-0.5281f,0.0233f,0.2474f,-0.9686f,0.5419f,0f,0f,0f,1f],start_interpolation: 0,interpolation_duration: 1}
$data merge entity $(bone_barrel) {transformation: [-0.9961f,0.0877f,-0.0015f,0.0571f,0.0846f,0.9649f,0.2485f,-0.6154f,0.0233f,0.2474f,-0.9686f,0.5193f,0f,0f,0f,1f],start_interpolation: 0,interpolation_duration: 1}
$data merge entity $(bone_magazine) {transformation: [-0.9961f,0.0877f,-0.0015f,-0.0567f,0.0846f,0.9649f,0.2485f,-0.6079f,0.0233f,0.2474f,-0.9686f,0.3181f,0f,0f,0f,1f],start_interpolation: 0,interpolation_duration: 1}
$data merge entity $(bone_grip) {transformation: [-0.9961f,0.0877f,-0.0015f,-0.0567f,0.0846f,0.9649f,0.2485f,-0.6079f,0.0233f,0.2474f,-0.9686f,0.3181f,0f,0f,0f,1f],start_interpolation: 0,interpolation_duration: 1}
$data merge entity $(bone_trigger) {transformation: [-0.9961f,0.0877f,-0.0015f,-0.0563f,0.0846f,0.9649f,0.2485f,-0.6113f,0.0233f,0.2474f,-0.9686f,0.3488f,0f,0f,0f,1f],start_interpolation: 0,interpolation_duration: 1}
$data merge entity $(bone_trigger_gaurd) {transformation: [-0.9961f,0.0877f,-0.0015f,-0.0537f,0.0846f,0.9649f,0.2485f,-0.5915f,0.0233f,0.2474f,-0.9686f,0.3874f,0f,0f,0f,1f],start_interpolation: 0,interpolation_duration: 1}
$data merge entity $(bone_right_arm) {transformation: [-0.9961f,-0.0015f,-0.0877f,-0.0933f,0.0846f,0.2485f,-0.9649f,-0.5439f,0.0233f,-0.9686f,-0.2474f,-0.0041f,0f,0f,0f,1f],start_interpolation: 0,interpolation_duration: 1}
$data merge entity $(bone_magazine1) {transformation: [0f,0f,0f,-0.1133f,0f,0f,0f,-0.55f,0f,0f,0f,0.356f,0f,0f,0f,1f],start_interpolation: 0,interpolation_duration: 1}
$data merge entity $(bone_left_arm) {transformation: [-0.8347f,0.4015f,0.3769f,0.0848f,-0.2866f,0.2677f,-0.9199f,-0.5532f,-0.4702f,-0.8759f,-0.1084f,0.0063f,0f,0f,0f,1f],start_interpolation: 0,interpolation_duration: 1}
data modify entity @s data merge value {"cameras":{},"locators":{"barrel1":{"px":-0.07104719055706459,"py":-0.6193574644205795,"pz":0.6862524137478094,"ry":359.909478722127,"rx":14.388915876725262}}}