# This file was generated by Animated Java via MC-Build. It is not recommended to edit this file directly.
$data merge entity $(bone_muzzleflash) {transformation: [0f,0f,0f,-0.2027f,0f,0f,0f,-0.9381f,0f,0f,0f,0.2541f,0f,0f,0f,1f],start_interpolation: 0,interpolation_duration: 1}
$data merge entity $(bone_slide) {transformation: [-0.9961f,0.0877f,-0.0014f,-0.0449f,0.0846f,0.9645f,0.2501f,-0.5299f,0.0233f,0.249f,-0.9682f,0.5422f,0f,0f,0f,1f],start_interpolation: 0,interpolation_duration: 1}
$data merge entity $(bone_barrel) {transformation: [-0.9961f,0.0877f,-0.0014f,0.057f,0.0846f,0.9645f,0.2501f,-0.6172f,0.0233f,0.249f,-0.9682f,0.5195f,0f,0f,0f,1f],start_interpolation: 0,interpolation_duration: 1}
$data merge entity $(bone_magazine) {transformation: [-0.9961f,0.0877f,-0.0014f,-0.0569f,0.0846f,0.9645f,0.2501f,-0.6094f,0.0233f,0.249f,-0.9682f,0.3182f,0f,0f,0f,1f],start_interpolation: 0,interpolation_duration: 1}
$data merge entity $(bone_grip) {transformation: [-0.9961f,0.0877f,-0.0014f,-0.0569f,0.0846f,0.9645f,0.2501f,-0.6094f,0.0233f,0.249f,-0.9682f,0.3182f,0f,0f,0f,1f],start_interpolation: 0,interpolation_duration: 1}
$data merge entity $(bone_trigger) {transformation: [-0.9961f,0.0877f,-0.0014f,-0.0564f,0.0846f,0.9645f,0.2501f,-0.6129f,0.0233f,0.249f,-0.9682f,0.349f,0f,0f,0f,1f],start_interpolation: 0,interpolation_duration: 1}
$data merge entity $(bone_trigger_gaurd) {transformation: [-0.9961f,0.0877f,-0.0014f,-0.0539f,0.0846f,0.9645f,0.2501f,-0.5931f,0.0233f,0.249f,-0.9682f,0.3876f,0f,0f,0f,1f],start_interpolation: 0,interpolation_duration: 1}
$data merge entity $(bone_right_arm) {transformation: [-0.9961f,-0.0014f,-0.0877f,-0.0934f,0.0846f,0.2501f,-0.9645f,-0.5449f,0.0233f,-0.9682f,-0.249f,-0.0039f,0f,0f,0f,1f],start_interpolation: 0,interpolation_duration: 1}
$data merge entity $(bone_magazine1) {transformation: [0f,0f,0f,-0.1135f,0f,0f,0f,-0.5515f,0f,0f,0f,0.3563f,0f,0f,0f,1f],start_interpolation: 0,interpolation_duration: 1}
$data merge entity $(bone_left_arm) {transformation: [-0.8346f,0.4016f,0.3769f,0.0847f,-0.2859f,0.2691f,-0.9197f,-0.5542f,-0.4708f,-0.8754f,-0.1098f,0.0065f,0f,0f,0f,1f],start_interpolation: 0,interpolation_duration: 1}
data modify entity @s data merge value {"cameras":{},"locators":{"barrel1":{"px":-0.0712347350674092,"py":-0.6214564462993286,"pz":0.6863865337090054,"ry":359.9172142903443,"rx":14.481318461931119}}}