# This file was generated by Animated Java via MC-Build. It is not recommended to edit this file directly.
$data merge entity $(bone_muzzleflash) {transformation: [0f,0f,0f,-0.2028f,0f,0f,0f,-0.9394f,0f,0f,0f,0.254f,0f,0f,0f,1f],start_interpolation: 0,interpolation_duration: 1}
$data merge entity $(bone_slide) {transformation: [-0.9961f,0.0877f,-0.0013f,-0.045f,0.0845f,0.9642f,0.2514f,-0.5316f,0.0233f,0.2503f,-0.9679f,0.5425f,0f,0f,0f,1f],start_interpolation: 0,interpolation_duration: 1}
$data merge entity $(bone_barrel) {transformation: [-0.9961f,0.0877f,-0.0013f,0.0568f,0.0845f,0.9642f,0.2514f,-0.6189f,0.0233f,0.2503f,-0.9679f,0.5197f,0f,0f,0f,1f],start_interpolation: 0,interpolation_duration: 1}
$data merge entity $(bone_magazine) {transformation: [-0.9961f,0.0877f,-0.0013f,-0.057f,0.0845f,0.9642f,0.2514f,-0.6108f,0.0233f,0.2503f,-0.9679f,0.3185f,0f,0f,0f,1f],start_interpolation: 0,interpolation_duration: 1}
$data merge entity $(bone_grip) {transformation: [-0.9961f,0.0877f,-0.0013f,-0.057f,0.0845f,0.9642f,0.2514f,-0.6108f,0.0233f,0.2503f,-0.9679f,0.3185f,0f,0f,0f,1f],start_interpolation: 0,interpolation_duration: 1}
$data merge entity $(bone_trigger) {transformation: [-0.9961f,0.0877f,-0.0013f,-0.0566f,0.0845f,0.9642f,0.2514f,-0.6143f,0.0233f,0.2503f,-0.9679f,0.3492f,0f,0f,0f,1f],start_interpolation: 0,interpolation_duration: 1}
$data merge entity $(bone_trigger_gaurd) {transformation: [-0.9961f,0.0877f,-0.0013f,-0.054f,0.0845f,0.9642f,0.2514f,-0.5946f,0.0233f,0.2503f,-0.9679f,0.3879f,0f,0f,0f,1f],start_interpolation: 0,interpolation_duration: 1}
$data merge entity $(bone_right_arm) {transformation: [-0.9961f,-0.0013f,-0.0877f,-0.0935f,0.0845f,0.2514f,-0.9642f,-0.5459f,0.0233f,-0.9679f,-0.2503f,-0.0035f,0f,0f,0f,1f],start_interpolation: 0,interpolation_duration: 1}
$data merge entity $(bone_magazine1) {transformation: [0f,0f,0f,-0.1136f,0f,0f,0f,-0.5529f,0f,0f,0f,0.3566f,0f,0f,0f,1f],start_interpolation: 0,interpolation_duration: 1}
$data merge entity $(bone_left_arm) {transformation: [-0.8346f,0.4017f,0.3769f,0.0846f,-0.2852f,0.2703f,-0.9196f,-0.5551f,-0.4713f,-0.875f,-0.111f,0.0069f,0f,0f,0f,1f],start_interpolation: 0,interpolation_duration: 1}
data modify entity @s data merge value {"cameras":{},"locators":{"barrel1":{"px":-0.07140187193706325,"py":-0.6233061440943233,"pz":0.6866453704562675,"ry":359.9241138603672,"rx":14.557764054468802}}}