# This file was generated by Animated Java via MC-Build. It is not recommended to edit this file directly.
$data merge entity $(bone_muzzleflash) {transformation: [0f,0f,0f,-0.2029f,0f,0f,0f,-0.9405f,0f,0f,0f,0.254f,0f,0f,0f,1f],start_interpolation: 0,interpolation_duration: 1}
$data merge entity $(bone_slide) {transformation: [-0.9962f,0.0876f,-0.0012f,-0.0452f,0.0845f,0.9639f,0.2524f,-0.533f,0.0233f,0.2513f,-0.9676f,0.543f,0f,0f,0f,1f],start_interpolation: 0,interpolation_duration: 1}
$data merge entity $(bone_barrel) {transformation: [-0.9962f,0.0876f,-0.0012f,0.0567f,0.0845f,0.9639f,0.2524f,-0.6203f,0.0233f,0.2513f,-0.9676f,0.5201f,0f,0f,0f,1f],start_interpolation: 0,interpolation_duration: 1}
$data merge entity $(bone_magazine) {transformation: [-0.9962f,0.0876f,-0.0012f,-0.0571f,0.0845f,0.9639f,0.2524f,-0.612f,0.0233f,0.2513f,-0.9676f,0.3189f,0f,0f,0f,1f],start_interpolation: 0,interpolation_duration: 1}
$data merge entity $(bone_grip) {transformation: [-0.9962f,0.0876f,-0.0012f,-0.0571f,0.0845f,0.9639f,0.2524f,-0.612f,0.0233f,0.2513f,-0.9676f,0.3189f,0f,0f,0f,1f],start_interpolation: 0,interpolation_duration: 1}
$data merge entity $(bone_trigger) {transformation: [-0.9962f,0.0876f,-0.0012f,-0.0567f,0.0845f,0.9639f,0.2524f,-0.6155f,0.0233f,0.2513f,-0.9676f,0.3496f,0f,0f,0f,1f],start_interpolation: 0,interpolation_duration: 1}
$data merge entity $(bone_trigger_gaurd) {transformation: [-0.9962f,0.0876f,-0.0012f,-0.0541f,0.0845f,0.9639f,0.2524f,-0.5958f,0.0233f,0.2513f,-0.9676f,0.3883f,0f,0f,0f,1f],start_interpolation: 0,interpolation_duration: 1}
$data merge entity $(bone_right_arm) {transformation: [-0.9962f,-0.0012f,-0.0876f,-0.0936f,0.0845f,0.2524f,-0.9639f,-0.5467f,0.0233f,-0.9676f,-0.2513f,-0.0031f,0f,0f,0f,1f],start_interpolation: 0,interpolation_duration: 1}
$data merge entity $(bone_magazine1) {transformation: [0f,0f,0f,-0.1137f,0f,0f,0f,-0.5542f,0f,0f,0f,0.3571f,0f,0f,0f,1f],start_interpolation: 0,interpolation_duration: 1}
$data merge entity $(bone_left_arm) {transformation: [-0.8345f,0.4018f,0.377f,0.0846f,-0.2847f,0.2712f,-0.9194f,-0.556f,-0.4717f,-0.8746f,-0.1119f,0.0074f,0f,0f,0f,1f],start_interpolation: 0,interpolation_duration: 1}
data modify entity @s data merge value {"cameras":{},"locators":{"barrel1":{"px":-0.0715471945806702,"py":-0.6248986707540518,"pz":0.687033561994949,"ry":359.93011764182563,"rx":14.617742750453775}}}