# This file was generated by Animated Java via MC-Build. It is not recommended to edit this file directly.
$data merge entity $(bone_muzzleflash) {transformation: [0f,0f,0f,-0.203f,0f,0f,0f,-0.9415f,0f,0f,0f,0.2543f,0f,0f,0f,1f],start_interpolation: 0,interpolation_duration: 1}
$data merge entity $(bone_slide) {transformation: [-0.9962f,0.0876f,-0.0011f,-0.0453f,0.0845f,0.9637f,0.2531f,-0.5342f,0.0232f,0.252f,-0.9674f,0.5436f,0f,0f,0f,1f],start_interpolation: 0,interpolation_duration: 1}
$data merge entity $(bone_barrel) {transformation: [-0.9962f,0.0876f,-0.0011f,0.0566f,0.0845f,0.9637f,0.2531f,-0.6215f,0.0232f,0.252f,-0.9674f,0.5207f,0f,0f,0f,1f],start_interpolation: 0,interpolation_duration: 1}
$data merge entity $(bone_magazine) {transformation: [-0.9962f,0.0876f,-0.0011f,-0.0572f,0.0845f,0.9637f,0.2531f,-0.613f,0.0232f,0.252f,-0.9674f,0.3194f,0f,0f,0f,1f],start_interpolation: 0,interpolation_duration: 1}
$data merge entity $(bone_grip) {transformation: [-0.9962f,0.0876f,-0.0011f,-0.0572f,0.0845f,0.9637f,0.2531f,-0.613f,0.0232f,0.252f,-0.9674f,0.3194f,0f,0f,0f,1f],start_interpolation: 0,interpolation_duration: 1}
$data merge entity $(bone_trigger) {transformation: [-0.9962f,0.0876f,-0.0011f,-0.0568f,0.0845f,0.9637f,0.2531f,-0.6166f,0.0232f,0.252f,-0.9674f,0.3502f,0f,0f,0f,1f],start_interpolation: 0,interpolation_duration: 1}
$data merge entity $(bone_trigger_gaurd) {transformation: [-0.9962f,0.0876f,-0.0011f,-0.0542f,0.0845f,0.9637f,0.2531f,-0.597f,0.0232f,0.252f,-0.9674f,0.3888f,0f,0f,0f,1f],start_interpolation: 0,interpolation_duration: 1}
$data merge entity $(bone_right_arm) {transformation: [-0.9962f,-0.0011f,-0.0876f,-0.0936f,0.0845f,0.2531f,-0.9637f,-0.5475f,0.0232f,-0.9674f,-0.252f,-0.0025f,0f,0f,0f,1f],start_interpolation: 0,interpolation_duration: 1}
$data merge entity $(bone_magazine1) {transformation: [0f,0f,0f,-0.1138f,0f,0f,0f,-0.5553f,0f,0f,0f,0.3576f,0f,0f,0f,1f],start_interpolation: 0,interpolation_duration: 1}
$data merge entity $(bone_left_arm) {transformation: [-0.8345f,0.4019f,0.377f,0.0845f,-0.2844f,0.2718f,-0.9194f,-0.5568f,-0.472f,-0.8744f,-0.1125f,0.008f,0f,0f,0f,1f],start_interpolation: 0,interpolation_duration: 1}
data modify entity @s data merge value {"cameras":{},"locators":{"barrel1":{"px":-0.07166929208417837,"py":-0.6262260867198612,"pz":0.6875556085208229,"ry":359.9351658316283,"rx":14.660744645998864}}}