# This file was generated by Animated Java via MC-Build. It is not recommended to edit this file directly.
$data merge entity $(bone_muzzleflash) {transformation: [0f,0f,0f,-0.203f,0f,0f,0f,-0.9424f,0f,0f,0f,0.2548f,0f,0f,0f,1f],start_interpolation: 0,interpolation_duration: 1}
$data merge entity $(bone_slide) {transformation: [-0.9962f,0.0876f,-0.001f,-0.0454f,0.0845f,0.9636f,0.2535f,-0.5352f,0.0232f,0.2525f,-0.9673f,0.5443f,0f,0f,0f,1f],start_interpolation: 0,interpolation_duration: 1}
$data merge entity $(bone_barrel) {transformation: [-0.9962f,0.0876f,-0.001f,0.0565f,0.0845f,0.9636f,0.2535f,-0.6225f,0.0232f,0.2525f,-0.9673f,0.5214f,0f,0f,0f,1f],start_interpolation: 0,interpolation_duration: 1}
$data merge entity $(bone_magazine) {transformation: [-0.9962f,0.0876f,-0.001f,-0.0572f,0.0845f,0.9636f,0.2535f,-0.6139f,0.0232f,0.2525f,-0.9673f,0.3201f,0f,0f,0f,1f],start_interpolation: 0,interpolation_duration: 1}
$data merge entity $(bone_grip) {transformation: [-0.9962f,0.0876f,-0.001f,-0.0572f,0.0845f,0.9636f,0.2535f,-0.6139f,0.0232f,0.2525f,-0.9673f,0.3201f,0f,0f,0f,1f],start_interpolation: 0,interpolation_duration: 1}
$data merge entity $(bone_trigger) {transformation: [-0.9962f,0.0876f,-0.001f,-0.0568f,0.0845f,0.9636f,0.2535f,-0.6175f,0.0232f,0.2525f,-0.9673f,0.3508f,0f,0f,0f,1f],start_interpolation: 0,interpolation_duration: 1}
$data merge entity $(bone_trigger_gaurd) {transformation: [-0.9962f,0.0876f,-0.001f,-0.0543f,0.0845f,0.9636f,0.2535f,-0.5979f,0.0232f,0.2525f,-0.9673f,0.3895f,0f,0f,0f,1f],start_interpolation: 0,interpolation_duration: 1}
$data merge entity $(bone_right_arm) {transformation: [-0.9962f,-0.001f,-0.0876f,-0.0937f,0.0845f,0.2535f,-0.9636f,-0.5483f,0.0232f,-0.9673f,-0.2525f,-0.0018f,0f,0f,0f,1f],start_interpolation: 0,interpolation_duration: 1}
$data merge entity $(bone_magazine1) {transformation: [0f,0f,0f,-0.1139f,0f,0f,0f,-0.5562f,0f,0f,0f,0.3583f,0f,0f,0f,1f],start_interpolation: 0,interpolation_duration: 1}
$data merge entity $(bone_left_arm) {transformation: [-0.8345f,0.402f,0.377f,0.0844f,-0.2842f,0.2722f,-0.9193f,-0.5576f,-0.4721f,-0.8743f,-0.1129f,0.0087f,0f,0f,0f,1f],start_interpolation: 0,interpolation_duration: 1}
data modify entity @s data merge value {"cameras":{},"locators":{"barrel1":{"px":-0.07176674784978476,"py":-0.6272803922535527,"pz":0.6882158553237239,"ry":359.93919861223503,"rx":14.686259837213694}}}