# This file was generated by Animated Java via MC-Build. It is not recommended to edit this file directly.
$data merge entity $(bone_muzzleflash) {transformation: [0f,0f,0f,-0.2031f,0f,0f,0f,-0.9431f,0f,0f,0f,0.2555f,0f,0f,0f,1f],start_interpolation: 0,interpolation_duration: 1}
$data merge entity $(bone_slide) {transformation: [-0.9962f,0.0876f,-0.001f,-0.0454f,0.0845f,0.9636f,0.2537f,-0.536f,0.0232f,0.2526f,-0.9673f,0.5451f,0f,0f,0f,1f],start_interpolation: 0,interpolation_duration: 1}
$data merge entity $(bone_barrel) {transformation: [-0.9962f,0.0876f,-0.001f,0.0564f,0.0845f,0.9636f,0.2537f,-0.6232f,0.0232f,0.2526f,-0.9673f,0.5222f,0f,0f,0f,1f],start_interpolation: 0,interpolation_duration: 1}
$data merge entity $(bone_magazine) {transformation: [-0.9962f,0.0876f,-0.001f,-0.0573f,0.0845f,0.9636f,0.2537f,-0.6146f,0.0232f,0.2526f,-0.9673f,0.3209f,0f,0f,0f,1f],start_interpolation: 0,interpolation_duration: 1}
$data merge entity $(bone_grip) {transformation: [-0.9962f,0.0876f,-0.001f,-0.0573f,0.0845f,0.9636f,0.2537f,-0.6146f,0.0232f,0.2526f,-0.9673f,0.3209f,0f,0f,0f,1f],start_interpolation: 0,interpolation_duration: 1}
$data merge entity $(bone_trigger) {transformation: [-0.9962f,0.0876f,-0.001f,-0.0569f,0.0845f,0.9636f,0.2537f,-0.6182f,0.0232f,0.2526f,-0.9673f,0.3516f,0f,0f,0f,1f],start_interpolation: 0,interpolation_duration: 1}
$data merge entity $(bone_trigger_gaurd) {transformation: [-0.9962f,0.0876f,-0.001f,-0.0543f,0.0845f,0.9636f,0.2537f,-0.5986f,0.0232f,0.2526f,-0.9673f,0.3903f,0f,0f,0f,1f],start_interpolation: 0,interpolation_duration: 1}
$data merge entity $(bone_right_arm) {transformation: [-0.9962f,-0.001f,-0.0876f,-0.0937f,0.0845f,0.2537f,-0.9636f,-0.549f,0.0232f,-0.9673f,-0.2526f,-0.001f,0f,0f,0f,1f],start_interpolation: 0,interpolation_duration: 1}
$data merge entity $(bone_magazine1) {transformation: [0f,0f,0f,-0.1139f,0f,0f,0f,-0.5569f,0f,0f,0f,0.3591f,0f,0f,0f,1f],start_interpolation: 0,interpolation_duration: 1}
$data merge entity $(bone_left_arm) {transformation: [-0.8344f,0.402f,0.377f,0.0844f,-0.2841f,0.2723f,-0.9193f,-0.5583f,-0.4722f,-0.8742f,-0.113f,0.0095f,0f,0f,0f,1f],start_interpolation: 0,interpolation_duration: 1}
data modify entity @s data merge value {"cameras":{},"locators":{"barrel1":{"px":-0.07183813820929341,"py":-0.62805351972269,"pz":0.689018475092428,"ry":359.94215614989776,"rx":14.69377842020437}}}