# This file was generated by Animated Java via MC-Build. It is not recommended to edit this file directly.
$data merge entity $(bone_muzzleflash) {transformation: [0f,0f,0f,-0.2031f,0f,0f,0f,-0.9437f,0f,0f,0f,0.2565f,0f,0f,0f,1f],start_interpolation: 0,interpolation_duration: 1}
$data merge entity $(bone_slide) {transformation: [-0.9962f,0.0876f,-0.0009f,-0.0455f,0.0845f,0.9636f,0.2535f,-0.5365f,0.0231f,0.2524f,-0.9673f,0.5461f,0f,0f,0f,1f],start_interpolation: 0,interpolation_duration: 1}
$data merge entity $(bone_barrel) {transformation: [-0.9962f,0.0876f,-0.0009f,0.0564f,0.0845f,0.9636f,0.2535f,-0.6237f,0.0231f,0.2524f,-0.9673f,0.5231f,0f,0f,0f,1f],start_interpolation: 0,interpolation_duration: 1}
$data merge entity $(bone_magazine) {transformation: [-0.9962f,0.0876f,-0.0009f,-0.0573f,0.0845f,0.9636f,0.2535f,-0.6152f,0.0231f,0.2524f,-0.9673f,0.3219f,0f,0f,0f,1f],start_interpolation: 0,interpolation_duration: 1}
$data merge entity $(bone_grip) {transformation: [-0.9962f,0.0876f,-0.0009f,-0.0573f,0.0845f,0.9636f,0.2535f,-0.6152f,0.0231f,0.2524f,-0.9673f,0.3219f,0f,0f,0f,1f],start_interpolation: 0,interpolation_duration: 1}
$data merge entity $(bone_trigger) {transformation: [-0.9962f,0.0876f,-0.0009f,-0.0569f,0.0845f,0.9636f,0.2535f,-0.6187f,0.0231f,0.2524f,-0.9673f,0.3526f,0f,0f,0f,1f],start_interpolation: 0,interpolation_duration: 1}
$data merge entity $(bone_trigger_gaurd) {transformation: [-0.9962f,0.0876f,-0.0009f,-0.0544f,0.0845f,0.9636f,0.2535f,-0.5991f,0.0231f,0.2524f,-0.9673f,0.3913f,0f,0f,0f,1f],start_interpolation: 0,interpolation_duration: 1}
$data merge entity $(bone_right_arm) {transformation: [-0.9962f,-0.0009f,-0.0876f,-0.0937f,0.0845f,0.2535f,-0.9636f,-0.5496f,0.0231f,-0.9673f,-0.2524f,0f,0f,0f,0f,1f],start_interpolation: 0,interpolation_duration: 1}
$data merge entity $(bone_magazine1) {transformation: [0f,0f,0f,-0.114f,0f,0f,0f,-0.5574f,0f,0f,0f,0.3601f,0f,0f,0f,1f],start_interpolation: 0,interpolation_duration: 1}
$data merge entity $(bone_left_arm) {transformation: [-0.8344f,0.402f,0.377f,0.0844f,-0.2842f,0.2722f,-0.9193f,-0.5589f,-0.4722f,-0.8742f,-0.1128f,0.0104f,0f,0f,0f,1f],start_interpolation: 0,interpolation_duration: 1}
data modify entity @s data merge value {"cameras":{},"locators":{"barrel1":{"px":-0.07188203101791099,"py":-0.6285373258967167,"pz":0.6899674495979682,"ry":359.9439785928777,"rx":14.682790491072966}}}