# This file was generated by Animated Java via MC-Build. It is not recommended to edit this file directly.
$data merge entity $(bone_muzzleflash) {transformation: [0f,0f,0f,-0.2044f,0f,0f,0f,-0.7615f,0f,0f,0f,0.3986f,0f,0f,0f,1f],start_interpolation: 0,interpolation_duration: 1}
$data merge entity $(bone_slide) {transformation: [-0.9959f,0.0901f,-0.001f,-0.0455f,0.0901f,0.9958f,-0.0129f,-0.2924f,-0.0002f,-0.0129f,-0.9999f,0.5695f,0f,0f,0f,1f],start_interpolation: 0,interpolation_duration: 1}
$data merge entity $(bone_barrel) {transformation: [-0.9959f,0.0901f,-0.001f,0.0561f,0.0901f,0.9958f,-0.0129f,-0.3829f,-0.0002f,-0.0129f,-0.9999f,0.5705f,0f,0f,0f,1f],start_interpolation: 0,interpolation_duration: 1}
$data merge entity $(bone_magazine) {transformation: [-0.9959f,0.0901f,-0.001f,-0.0578f,0.0901f,0.9958f,-0.0129f,-0.4279f,-0.0002f,-0.0129f,-0.9999f,0.3742f,0f,0f,0f,1f],start_interpolation: 0,interpolation_duration: 1}
$data merge entity $(bone_grip) {transformation: [-0.9959f,0.0901f,-0.001f,-0.0578f,0.0901f,0.9958f,-0.0129f,-0.4279f,-0.0002f,-0.0129f,-0.9999f,0.3742f,0f,0f,0f,1f],start_interpolation: 0,interpolation_duration: 1}
$data merge entity $(bone_trigger) {transformation: [-0.9959f,0.0901f,-0.001f,-0.0573f,0.0901f,0.9958f,-0.0129f,-0.4232f,-0.0002f,-0.0129f,-0.9999f,0.4048f,0f,0f,0f,1f],start_interpolation: 0,interpolation_duration: 1}
$data merge entity $(bone_trigger_gaurd) {transformation: [-0.9959f,0.0901f,-0.001f,-0.0547f,0.0901f,0.9958f,-0.0129f,-0.394f,-0.0002f,-0.0129f,-0.9999f,0.4369f,0f,0f,0f,1f],start_interpolation: 0,interpolation_duration: 1}
$data merge entity $(bone_right_arm) {transformation: [-0.9959f,-0.001f,-0.0901f,-0.0942f,0.0901f,-0.0129f,-0.9958f,-0.4502f,-0.0002f,-0.9999f,0.0129f,0.0465f,0f,0f,0f,1f],start_interpolation: 0,interpolation_duration: 1}
$data merge entity $(bone_magazine1) {transformation: [0f,0f,0f,-0.1142f,0f,0f,0f,-0.3619f,0f,0f,0f,0.3957f,0f,0f,0f,1f],start_interpolation: 0,interpolation_duration: 1}
$data merge entity $(bone_left_arm) {transformation: [-0.8354f,0.4021f,0.3746f,0.0839f,-0.3974f,0.0289f,-0.9172f,-0.4568f,-0.3796f,-0.9151f,0.1357f,0.059f,0f,0f,0f,1f],start_interpolation: 0,interpolation_duration: 1}
data modify entity @s data merge value {"cameras":{},"locators":{"barrel1":{"px":-0.07209755434965968,"py":-0.3428300296565523,"pz":0.7326411079322153,"ry":359.9445093309943,"rx":-0.7394855852103432}}}