# This file was generated by Animated Java via MC-Build. It is not recommended to edit this file directly.
$data merge entity $(bone_muzzleflash) {transformation: [0f,0f,0f,-0.2238f,0f,0f,0f,-0.7465f,0f,0f,0f,0.4006f,0f,0f,0f,1f],start_interpolation: 0,interpolation_duration: 1}
$data merge entity $(bone_slide) {transformation: [-0.9916f,0.1291f,-0.0013f,-0.0467f,0.1291f,0.9916f,-0.0077f,-0.2848f,0.0003f,-0.0078f,-1f,0.5738f,0f,0f,0f,1f],start_interpolation: 0,interpolation_duration: 1}
$data merge entity $(bone_barrel) {transformation: [-0.9916f,0.1291f,-0.0013f,0.0513f,0.1291f,0.9916f,-0.0077f,-0.3792f,0.0003f,-0.0078f,-1f,0.5744f,0f,0f,0f,1f],start_interpolation: 0,interpolation_duration: 1}
$data merge entity $(bone_magazine) {transformation: [-0.9916f,0.1291f,-0.0013f,-0.0642f,0.1291f,0.9916f,-0.0077f,-0.4187f,0.0003f,-0.0078f,-1f,0.3779f,0f,0f,0f,1f],start_interpolation: 0,interpolation_duration: 1}
$data merge entity $(bone_grip) {transformation: [-0.9916f,0.1291f,-0.0013f,-0.0642f,0.1291f,0.9916f,-0.0077f,-0.4187f,0.0003f,-0.0078f,-1f,0.3779f,0f,0f,0f,1f],start_interpolation: 0,interpolation_duration: 1}
$data merge entity $(bone_trigger) {transformation: [-0.9916f,0.1291f,-0.0013f,-0.0636f,0.1291f,0.9916f,-0.0077f,-0.4141f,0.0003f,-0.0078f,-1f,0.4085f,0f,0f,0f,1f],start_interpolation: 0,interpolation_duration: 1}
$data merge entity $(bone_trigger_gaurd) {transformation: [-0.9916f,0.1291f,-0.0013f,-0.0599f,0.1291f,0.9916f,-0.0077f,-0.3853f,0.0003f,-0.0078f,-1f,0.4407f,0f,0f,0f,1f],start_interpolation: 0,interpolation_duration: 1}
$data merge entity $(bone_right_arm) {transformation: [-0.9916f,-0.0013f,-0.1291f,-0.1015f,0.1291f,-0.0077f,-0.9916f,-0.4378f,0.0003f,-1f,0.0078f,0.05f,0f,0f,0f,1f],start_interpolation: 0,interpolation_duration: 1}
$data merge entity $(bone_magazine1) {transformation: [0f,0f,0f,-0.1181f,0f,0f,0f,-0.3507f,0f,0f,0f,0.3997f,0f,0f,0f,1f],start_interpolation: 0,interpolation_duration: 1}
$data merge entity $(bone_left_arm) {transformation: [-0.8503f,0.4031f,0.3383f,0.0762f,-0.3624f,0.0177f,-0.9319f,-0.4515f,-0.3817f,-0.915f,0.131f,0.0625f,0f,0f,0f,1f],start_interpolation: 0,interpolation_duration: 1}
data modify entity @s data merge value {"cameras":{},"locators":{"barrel1":{"px":-0.07529279388508278,"py":-0.3349800119364183,"pz":0.7367287234565447,"ry":359.9278406317627,"rx":-0.4426825843970413}}}