# This file was generated by Animated Java via MC-Build. It is not recommended to edit this file directly.
$data merge entity $(bone_muzzleflash) {transformation: [0f,0f,0f,-0.2031f,0f,0f,0f,-0.8685f,0f,0f,0f,0.4408f,0f,0f,0f,1f],start_interpolation: 0,interpolation_duration: 1}
$data merge entity $(bone_slide) {transformation: [-0.9962f,0.0876f,-0.0009f,-0.0455f,0.0874f,0.9947f,0.0534f,-0.4114f,0.0056f,0.0531f,-0.9986f,0.6423f,0f,0f,0f,1f],start_interpolation: 0,interpolation_duration: 1}
$data merge entity $(bone_barrel) {transformation: [-0.9962f,0.0876f,-0.0009f,0.0564f,0.0874f,0.9947f,0.0534f,-0.5015f,0.0056f,0.0531f,-0.9986f,0.6374f,0f,0f,0f,1f],start_interpolation: 0,interpolation_duration: 1}
$data merge entity $(bone_magazine) {transformation: [-0.9962f,0.0876f,-0.0009f,-0.0573f,0.0874f,0.9947f,0.0534f,-0.5337f,0.0056f,0.0531f,-0.9986f,0.4386f,0f,0f,0f,1f],start_interpolation: 0,interpolation_duration: 1}
$data merge entity $(bone_grip) {transformation: [-0.9962f,0.0876f,-0.0009f,-0.0573f,0.0874f,0.9947f,0.0534f,-0.5337f,0.0056f,0.0531f,-0.9986f,0.4386f,0f,0f,0f,1f],start_interpolation: 0,interpolation_duration: 1}
$data merge entity $(bone_trigger) {transformation: [-0.9962f,0.0876f,-0.0009f,-0.0569f,0.0874f,0.9947f,0.0534f,-0.5309f,0.0056f,0.0531f,-0.9986f,0.4694f,0f,0f,0f,1f],start_interpolation: 0,interpolation_duration: 1}
$data merge entity $(bone_trigger_gaurd) {transformation: [-0.9962f,0.0876f,-0.0009f,-0.0544f,0.0874f,0.9947f,0.0534f,-0.5039f,0.0056f,0.0531f,-0.9986f,0.5033f,0f,0f,0f,1f],start_interpolation: 0,interpolation_duration: 1}
$data merge entity $(bone_right_arm) {transformation: [-0.9962f,-0.0009f,-0.0876f,-0.0938f,0.0874f,0.0534f,-0.9947f,-0.5342f,0.0056f,-0.9986f,-0.0531f,0.1101f,0f,0f,0f,1f],start_interpolation: 0,interpolation_duration: 1}
$data merge entity $(bone_magazine1) {transformation: [0f,0f,0f,-0.114f,0f,0f,0f,-0.4694f,0f,0f,0f,0.4644f,0f,0f,0f,1f],start_interpolation: 0,interpolation_duration: 1}
$data merge entity $(bone_left_arm) {transformation: [-0.8344f,0.402f,0.377f,0.0844f,-0.3735f,0.0905f,-0.9232f,-0.5412f,-0.4053f,-0.9111f,0.0747f,0.1222f,0f,0f,0f,1f],start_interpolation: 0,interpolation_duration: 1}
data modify entity @s data merge value {"cameras":{},"locators":{"barrel1":{"px":-0.07189698424185159,"py":-0.47256235501963006,"pz":0.801819719320876,"ry":359.94633107224956,"rx":3.061570508254532}}}