# This file was generated by Animated Java via MC-Build. It is not recommended to edit this file directly.
$data merge entity $(bone_muzzleflash) {transformation: [0f,0f,0f,-0.2031f,0f,0f,0f,-0.7982f,0f,0f,0f,0.5672f,0f,0f,0f,1f],start_interpolation: 0,interpolation_duration: 1}
$data merge entity $(bone_slide) {transformation: [-0.9962f,0.0876f,-0.0009f,-0.0455f,0.0873f,0.9918f,-0.0932f,-0.3165f,-0.0072f,-0.0929f,-0.9956f,0.6997f,0f,0f,0f,1f],start_interpolation: 0,interpolation_duration: 1}
$data merge entity $(bone_barrel) {transformation: [-0.9962f,0.0876f,-0.0009f,0.0564f,0.0873f,0.9918f,-0.0932f,-0.4063f,-0.0072f,-0.0929f,-0.9956f,0.708f,0f,0f,0f,1f],start_interpolation: 0,interpolation_duration: 1}
$data merge entity $(bone_magazine) {transformation: [-0.9962f,0.0876f,-0.0009f,-0.0573f,0.0873f,0.9918f,-0.0932f,-0.4673f,-0.0072f,-0.0929f,-0.9956f,0.516f,0f,0f,0f,1f],start_interpolation: 0,interpolation_duration: 1}
$data merge entity $(bone_grip) {transformation: [-0.9962f,0.0876f,-0.0009f,-0.0573f,0.0873f,0.9918f,-0.0932f,-0.4673f,-0.0072f,-0.0929f,-0.9956f,0.516f,0f,0f,0f,1f],start_interpolation: 0,interpolation_duration: 1}
$data merge entity $(bone_trigger) {transformation: [-0.9962f,0.0876f,-0.0009f,-0.0569f,0.0873f,0.9918f,-0.0932f,-0.4601f,-0.0072f,-0.0929f,-0.9956f,0.5461f,0f,0f,0f,1f],start_interpolation: 0,interpolation_duration: 1}
$data merge entity $(bone_trigger_gaurd) {transformation: [-0.9962f,0.0876f,-0.0009f,-0.0544f,0.0873f,0.9918f,-0.0932f,-0.4284f,-0.0072f,-0.0929f,-0.9956f,0.5757f,0f,0f,0f,1f],start_interpolation: 0,interpolation_duration: 1}
$data merge entity $(bone_right_arm) {transformation: [-0.9962f,-0.0009f,-0.0876f,-0.0938f,0.0873f,-0.0932f,-0.9918f,-0.5159f,-0.0072f,-0.9956f,0.0929f,0.1911f,0f,0f,0f,1f],start_interpolation: 0,interpolation_duration: 1}
$data merge entity $(bone_magazine1) {transformation: [0f,0f,0f,-0.114f,0f,0f,0f,-0.3999f,0f,0f,0f,0.5321f,0f,0f,0f,1f],start_interpolation: 0,interpolation_duration: 1}
$data merge entity $(bone_left_arm) {transformation: [-0.8344f,0.402f,0.377f,0.0844f,-0.4288f,-0.0437f,-0.9024f,-0.521f,-0.3463f,-0.9146f,0.2089f,0.2041f,0f,0f,0f,1f],start_interpolation: 0,interpolation_duration: 1}
data modify entity @s data merge value {"cameras":{},"locators":{"barrel1":{"px":-0.07189698424185159,"py":-0.35370439079136545,"pz":0.866417244663324,"ry":359.946173433583,"rx":-5.34720495474102}}}