# This file was generated by Animated Java via MC-Build. It is not recommended to edit this file directly.
$data merge entity $(bone_muzzleflash) {transformation: [0f,0f,0f,-0.2242f,0f,0f,0f,-0.7466f,0f,0f,0f,0.4004f,0f,0f,0f,1f],start_interpolation: 0,interpolation_duration: 1}
$data merge entity $(bone_slide) {transformation: [-0.9915f,0.1298f,-0.0012f,-0.0468f,0.1298f,0.9915f,-0.0071f,-0.2852f,0.0003f,-0.0072f,-1f,0.5739f,0f,0f,0f,1f],start_interpolation: 0,interpolation_duration: 1}
$data merge entity $(bone_barrel) {transformation: [-0.9915f,0.1298f,-0.0012f,0.0512f,0.1298f,0.9915f,-0.0071f,-0.3797f,0.0003f,-0.0072f,-1f,0.5745f,0f,0f,0f,1f],start_interpolation: 0,interpolation_duration: 1}
$data merge entity $(bone_magazine) {transformation: [-0.9915f,0.1298f,-0.0012f,-0.0643f,0.1298f,0.9915f,-0.0071f,-0.419f,0.0003f,-0.0072f,-1f,0.3779f,0f,0f,0f,1f],start_interpolation: 0,interpolation_duration: 1}
$data merge entity $(bone_grip) {transformation: [-0.9915f,0.1298f,-0.0012f,-0.0643f,0.1298f,0.9915f,-0.0071f,-0.419f,0.0003f,-0.0072f,-1f,0.3779f,0f,0f,0f,1f],start_interpolation: 0,interpolation_duration: 1}
$data merge entity $(bone_trigger) {transformation: [-0.9915f,0.1298f,-0.0012f,-0.0637f,0.1298f,0.9915f,-0.0071f,-0.4144f,0.0003f,-0.0072f,-1f,0.4085f,0f,0f,0f,1f],start_interpolation: 0,interpolation_duration: 1}
$data merge entity $(bone_trigger_gaurd) {transformation: [-0.9915f,0.1298f,-0.0012f,-0.06f,0.1298f,0.9915f,-0.0071f,-0.3855f,0.0003f,-0.0072f,-1f,0.4408f,0f,0f,0f,1f],start_interpolation: 0,interpolation_duration: 1}
$data merge entity $(bone_right_arm) {transformation: [-0.9915f,-0.0012f,-0.1298f,-0.1016f,0.1298f,-0.0071f,-0.9915f,-0.4379f,0.0003f,-1f,0.0072f,0.0501f,0f,0f,0f,1f],start_interpolation: 0,interpolation_duration: 1}
$data merge entity $(bone_magazine1) {transformation: [0f,0f,0f,-0.1181f,0f,0f,0f,-0.3509f,0f,0f,0f,0.3998f,0f,0f,0f,1f],start_interpolation: 0,interpolation_duration: 1}
$data merge entity $(bone_left_arm) {transformation: [-0.8505f,0.4032f,0.3377f,0.0761f,-0.3616f,0.018f,-0.9322f,-0.4517f,-0.3819f,-0.9149f,0.1304f,0.0626f,0f,0f,0f,1f],start_interpolation: 0,interpolation_duration: 1}
data modify entity @s data merge value {"cameras":{},"locators":{"barrel1":{"px":-0.0753653994487234,"py":-0.33544017870571224,"pz":0.7368326487895418,"ry":359.9290262295957,"rx":-0.4077313676987617}}}