# This file was generated by Animated Java via MC-Build. It is not recommended to edit this file directly.
$data merge entity $(bone_muzzleflash) {transformation: [0f,0f,0f,-0.2031f,0f,0f,0f,-0.7986f,0f,0f,0f,0.5693f,0f,0f,0f,1f],start_interpolation: 0,interpolation_duration: 1}
$data merge entity $(bone_slide) {transformation: [-0.9962f,0.0876f,-0.0009f,-0.0455f,0.0873f,0.9918f,-0.0938f,-0.3168f,-0.0073f,-0.0935f,-0.9956f,0.7015f,0f,0f,0f,1f],start_interpolation: 0,interpolation_duration: 1}
$data merge entity $(bone_barrel) {transformation: [-0.9962f,0.0876f,-0.0009f,0.0564f,0.0873f,0.9918f,-0.0938f,-0.4067f,-0.0073f,-0.0935f,-0.9956f,0.7099f,0f,0f,0f,1f],start_interpolation: 0,interpolation_duration: 1}
$data merge entity $(bone_magazine) {transformation: [-0.9962f,0.0876f,-0.0009f,-0.0573f,0.0873f,0.9918f,-0.0938f,-0.4677f,-0.0073f,-0.0935f,-0.9956f,0.5179f,0f,0f,0f,1f],start_interpolation: 0,interpolation_duration: 1}
$data merge entity $(bone_grip) {transformation: [-0.9962f,0.0876f,-0.0009f,-0.0573f,0.0873f,0.9918f,-0.0938f,-0.4677f,-0.0073f,-0.0935f,-0.9956f,0.5179f,0f,0f,0f,1f],start_interpolation: 0,interpolation_duration: 1}
$data merge entity $(bone_trigger) {transformation: [-0.9962f,0.0876f,-0.0009f,-0.0569f,0.0873f,0.9918f,-0.0938f,-0.4605f,-0.0073f,-0.0935f,-0.9956f,0.548f,0f,0f,0f,1f],start_interpolation: 0,interpolation_duration: 1}
$data merge entity $(bone_trigger_gaurd) {transformation: [-0.9962f,0.0876f,-0.0009f,-0.0544f,0.0873f,0.9918f,-0.0938f,-0.4288f,-0.0073f,-0.0935f,-0.9956f,0.5776f,0f,0f,0f,1f],start_interpolation: 0,interpolation_duration: 1}
$data merge entity $(bone_right_arm) {transformation: [-0.9962f,-0.0009f,-0.0876f,-0.0938f,0.0873f,-0.0938f,-0.9918f,-0.5165f,-0.0073f,-0.9956f,0.0935f,0.1931f,0f,0f,0f,1f],start_interpolation: 0,interpolation_duration: 1}
$data merge entity $(bone_magazine1) {transformation: [0f,0f,0f,-0.114f,0f,0f,0f,-0.4003f,0f,0f,0f,0.534f,0f,0f,0f,1f],start_interpolation: 0,interpolation_duration: 1}
$data merge entity $(bone_left_arm) {transformation: [-0.8344f,0.402f,0.377f,0.0844f,-0.429f,-0.0443f,-0.9022f,-0.5216f,-0.3461f,-0.9146f,0.2094f,0.2061f,0f,0f,0f,1f],start_interpolation: 0,interpolation_duration: 1}
data modify entity @s data merge value {"cameras":{},"locators":{"barrel1":{"px":-0.07189698424185159,"py":-0.3539338291527462,"pz":0.8682656968307079,"ry":359.9461705250451,"rx":-5.380179312006522}}}