# This file was generated by Animated Java via MC-Build. It is not recommended to edit this file directly.
$data merge entity $(bone_muzzleflash) {transformation: [0f,0f,0f,-0.2031f,0f,0f,0f,-0.7999f,0f,0f,0f,0.5706f,0f,0f,0f,1f],start_interpolation: 0,interpolation_duration: 1}
$data merge entity $(bone_slide) {transformation: [-0.9962f,0.0876f,-0.0009f,-0.0455f,0.0873f,0.9918f,-0.0929f,-0.3183f,-0.0072f,-0.0926f,-0.9957f,0.7033f,0f,0f,0f,1f],start_interpolation: 0,interpolation_duration: 1}
$data merge entity $(bone_barrel) {transformation: [-0.9962f,0.0876f,-0.0009f,0.0564f,0.0873f,0.9918f,-0.0929f,-0.4081f,-0.0072f,-0.0926f,-0.9957f,0.7116f,0f,0f,0f,1f],start_interpolation: 0,interpolation_duration: 1}
$data merge entity $(bone_magazine) {transformation: [-0.9962f,0.0876f,-0.0009f,-0.0573f,0.0873f,0.9918f,-0.0929f,-0.469f,-0.0072f,-0.0926f,-0.9957f,0.5195f,0f,0f,0f,1f],start_interpolation: 0,interpolation_duration: 1}
$data merge entity $(bone_grip) {transformation: [-0.9962f,0.0876f,-0.0009f,-0.0573f,0.0873f,0.9918f,-0.0929f,-0.469f,-0.0072f,-0.0926f,-0.9957f,0.5195f,0f,0f,0f,1f],start_interpolation: 0,interpolation_duration: 1}
$data merge entity $(bone_trigger) {transformation: [-0.9962f,0.0876f,-0.0009f,-0.0569f,0.0873f,0.9918f,-0.0929f,-0.4618f,-0.0072f,-0.0926f,-0.9957f,0.5496f,0f,0f,0f,1f],start_interpolation: 0,interpolation_duration: 1}
$data merge entity $(bone_trigger_gaurd) {transformation: [-0.9962f,0.0876f,-0.0009f,-0.0544f,0.0873f,0.9918f,-0.0929f,-0.4301f,-0.0072f,-0.0926f,-0.9957f,0.5792f,0f,0f,0f,1f],start_interpolation: 0,interpolation_duration: 1}
$data merge entity $(bone_right_arm) {transformation: [-0.9962f,-0.0009f,-0.0876f,-0.0938f,0.0873f,-0.0929f,-0.9918f,-0.5175f,-0.0072f,-0.9957f,0.0926f,0.1946f,0f,0f,0f,1f],start_interpolation: 0,interpolation_duration: 1}
$data merge entity $(bone_magazine1) {transformation: [0f,0f,0f,-0.114f,0f,0f,0f,-0.4016f,0f,0f,0f,0.5357f,0f,0f,0f,1f],start_interpolation: 0,interpolation_duration: 1}
$data merge entity $(bone_left_arm) {transformation: [-0.8344f,0.402f,0.377f,0.0844f,-0.4287f,-0.0435f,-0.9024f,-0.5226f,-0.3464f,-0.9146f,0.2086f,0.2076f,0f,0f,0f,1f],start_interpolation: 0,interpolation_duration: 1}
data modify entity @s data merge value {"cameras":{},"locators":{"barrel1":{"px":-0.07189698424185159,"py":-0.3555123036902141,"pz":0.8699695904632054,"ry":359.94617486275496,"rx":-5.330926474571392}}}