# This file was generated by Animated Java via MC-Build. It is not recommended to edit this file directly.
$data merge entity $(bone_muzzleflash) {transformation: [0f,0f,0f,-0.2031f,0f,0f,0f,-0.8051f,0f,0f,0f,0.571f,0f,0f,0f,1f],start_interpolation: 0,interpolation_duration: 1}
$data merge entity $(bone_slide) {transformation: [-0.9962f,0.0876f,-0.0009f,-0.0455f,0.0873f,0.9924f,-0.0873f,-0.3242f,-0.0067f,-0.087f,-0.9962f,0.7064f,0f,0f,0f,1f],start_interpolation: 0,interpolation_duration: 1}
$data merge entity $(bone_barrel) {transformation: [-0.9962f,0.0876f,-0.0009f,0.0564f,0.0873f,0.9924f,-0.0873f,-0.4141f,-0.0067f,-0.087f,-0.9962f,0.7142f,0f,0f,0f,1f],start_interpolation: 0,interpolation_duration: 1}
$data merge entity $(bone_magazine) {transformation: [-0.9962f,0.0876f,-0.0009f,-0.0573f,0.0873f,0.9924f,-0.0873f,-0.4738f,-0.0067f,-0.087f,-0.9962f,0.5218f,0f,0f,0f,1f],start_interpolation: 0,interpolation_duration: 1}
$data merge entity $(bone_grip) {transformation: [-0.9962f,0.0876f,-0.0009f,-0.0573f,0.0873f,0.9924f,-0.0873f,-0.4738f,-0.0067f,-0.087f,-0.9962f,0.5218f,0f,0f,0f,1f],start_interpolation: 0,interpolation_duration: 1}
$data merge entity $(bone_trigger) {transformation: [-0.9962f,0.0876f,-0.0009f,-0.0569f,0.0873f,0.9924f,-0.0873f,-0.4668f,-0.0067f,-0.087f,-0.9962f,0.552f,0f,0f,0f,1f],start_interpolation: 0,interpolation_duration: 1}
$data merge entity $(bone_trigger_gaurd) {transformation: [-0.9962f,0.0876f,-0.0009f,-0.0544f,0.0873f,0.9924f,-0.0873f,-0.4353f,-0.0067f,-0.087f,-0.9962f,0.5818f,0f,0f,0f,1f],start_interpolation: 0,interpolation_duration: 1}
$data merge entity $(bone_right_arm) {transformation: [-0.9962f,-0.0009f,-0.0876f,-0.0938f,0.0873f,-0.0873f,-0.9924f,-0.5205f,-0.0067f,-0.9962f,0.087f,0.1967f,0f,0f,0f,1f],start_interpolation: 0,interpolation_duration: 1}
$data merge entity $(bone_magazine1) {transformation: [0f,0f,0f,-0.114f,0f,0f,0f,-0.4066f,0f,0f,0f,0.5384f,0f,0f,0f,1f],start_interpolation: 0,interpolation_duration: 1}
$data merge entity $(bone_left_arm) {transformation: [-0.8344f,0.402f,0.377f,0.0844f,-0.4267f,-0.0383f,-0.9036f,-0.5257f,-0.3488f,-0.9148f,0.2035f,0.2096f,0f,0f,0f,1f],start_interpolation: 0,interpolation_duration: 1}
data modify entity @s data merge value {"cameras":{},"locators":{"barrel1":{"px":-0.07189698424185159,"py":-0.3623715131163609,"pz":0.8729375123950396,"ry":359.9462024843375,"rx":-5.005774268028133}}}