# This file was generated by Animated Java via MC-Build. It is not recommended to edit this file directly.
$data merge entity $(bone_muzzleflash) {transformation: [0f,0f,0f,-0.2031f,0f,0f,0f,-0.8088f,0f,0f,0f,0.5702f,0f,0f,0f,1f],start_interpolation: 0,interpolation_duration: 1}
$data merge entity $(bone_slide) {transformation: [-0.9962f,0.0876f,-0.0009f,-0.0455f,0.0874f,0.9927f,-0.0826f,-0.3285f,-0.0063f,-0.0824f,-0.9966f,0.7079f,0f,0f,0f,1f],start_interpolation: 0,interpolation_duration: 1}
$data merge entity $(bone_barrel) {transformation: [-0.9962f,0.0876f,-0.0009f,0.0564f,0.0874f,0.9927f,-0.0826f,-0.4184f,-0.0063f,-0.0824f,-0.9966f,0.7152f,0f,0f,0f,1f],start_interpolation: 0,interpolation_duration: 1}
$data merge entity $(bone_magazine) {transformation: [-0.9962f,0.0876f,-0.0009f,-0.0573f,0.0874f,0.9927f,-0.0826f,-0.4773f,-0.0063f,-0.0824f,-0.9966f,0.5226f,0f,0f,0f,1f],start_interpolation: 0,interpolation_duration: 1}
$data merge entity $(bone_grip) {transformation: [-0.9962f,0.0876f,-0.0009f,-0.0573f,0.0874f,0.9927f,-0.0826f,-0.4773f,-0.0063f,-0.0824f,-0.9966f,0.5226f,0f,0f,0f,1f],start_interpolation: 0,interpolation_duration: 1}
$data merge entity $(bone_trigger) {transformation: [-0.9962f,0.0876f,-0.0009f,-0.0569f,0.0874f,0.9927f,-0.0826f,-0.4704f,-0.0063f,-0.0824f,-0.9966f,0.5527f,0f,0f,0f,1f],start_interpolation: 0,interpolation_duration: 1}
$data merge entity $(bone_trigger_gaurd) {transformation: [-0.9962f,0.0876f,-0.0009f,-0.0544f,0.0874f,0.9927f,-0.0826f,-0.4391f,-0.0063f,-0.0824f,-0.9966f,0.5827f,0f,0f,0f,1f],start_interpolation: 0,interpolation_duration: 1}
$data merge entity $(bone_right_arm) {transformation: [-0.9962f,-0.0009f,-0.0876f,-0.0938f,0.0874f,-0.0826f,-0.9927f,-0.5225f,-0.0063f,-0.9966f,0.0824f,0.1972f,0f,0f,0f,1f],start_interpolation: 0,interpolation_duration: 1}
$data merge entity $(bone_magazine1) {transformation: [0f,0f,0f,-0.114f,0f,0f,0f,-0.4101f,0f,0f,0f,0.5394f,0f,0f,0f,1f],start_interpolation: 0,interpolation_duration: 1}
$data merge entity $(bone_left_arm) {transformation: [-0.8344f,0.402f,0.377f,0.0844f,-0.4251f,-0.034f,-0.9045f,-0.5277f,-0.3508f,-0.915f,0.1993f,0.2101f,0f,0f,0f,1f],start_interpolation: 0,interpolation_duration: 1}
data modify entity @s data merge value {"cameras":{},"locators":{"barrel1":{"px":-0.07189698424185159,"py":-0.3674795115934865,"pz":0.8741904523912312,"ry":359.9462237633297,"rx":-4.739892425087324}}}