# This file was generated by Animated Java via MC-Build. It is not recommended to edit this file directly.
$data merge entity $(bone_muzzleflash) {transformation: [0f,0f,0f,-0.2031f,0f,0f,0f,-0.8132f,0f,0f,0f,0.5688f,0f,0f,0f,1f],start_interpolation: 0,interpolation_duration: 1}
$data merge entity $(bone_slide) {transformation: [-0.9962f,0.0876f,-0.0009f,-0.0455f,0.0874f,0.9932f,-0.0769f,-0.3337f,-0.0058f,-0.0767f,-0.997f,0.7092f,0f,0f,0f,1f],start_interpolation: 0,interpolation_duration: 1}
$data merge entity $(bone_barrel) {transformation: [-0.9962f,0.0876f,-0.0009f,0.0564f,0.0874f,0.9932f,-0.0769f,-0.4236f,-0.0058f,-0.0767f,-0.997f,0.716f,0f,0f,0f,1f],start_interpolation: 0,interpolation_duration: 1}
$data merge entity $(bone_magazine) {transformation: [-0.9962f,0.0876f,-0.0009f,-0.0573f,0.0874f,0.9932f,-0.0769f,-0.4814f,-0.0058f,-0.0767f,-0.997f,0.5231f,0f,0f,0f,1f],start_interpolation: 0,interpolation_duration: 1}
$data merge entity $(bone_grip) {transformation: [-0.9962f,0.0876f,-0.0009f,-0.0573f,0.0874f,0.9932f,-0.0769f,-0.4814f,-0.0058f,-0.0767f,-0.997f,0.5231f,0f,0f,0f,1f],start_interpolation: 0,interpolation_duration: 1}
$data merge entity $(bone_trigger) {transformation: [-0.9962f,0.0876f,-0.0009f,-0.0569f,0.0874f,0.9932f,-0.0769f,-0.4747f,-0.0058f,-0.0767f,-0.997f,0.5533f,0f,0f,0f,1f],start_interpolation: 0,interpolation_duration: 1}
$data merge entity $(bone_trigger_gaurd) {transformation: [-0.9962f,0.0876f,-0.0009f,-0.0544f,0.0874f,0.9932f,-0.0769f,-0.4435f,-0.0058f,-0.0767f,-0.997f,0.5834f,0f,0f,0f,1f],start_interpolation: 0,interpolation_duration: 1}
$data merge entity $(bone_right_arm) {transformation: [-0.9962f,-0.0009f,-0.0876f,-0.0938f,0.0874f,-0.0769f,-0.9932f,-0.5247f,-0.0058f,-0.997f,0.0767f,0.1974f,0f,0f,0f,1f],start_interpolation: 0,interpolation_duration: 1}
$data merge entity $(bone_magazine1) {transformation: [0f,0f,0f,-0.114f,0f,0f,0f,-0.4143f,0f,0f,0f,0.5403f,0f,0f,0f,1f],start_interpolation: 0,interpolation_duration: 1}
$data merge entity $(bone_left_arm) {transformation: [-0.8344f,0.402f,0.377f,0.0844f,-0.423f,-0.0288f,-0.9057f,-0.5301f,-0.3533f,-0.9152f,0.1941f,0.2103f,0f,0f,0f,1f],start_interpolation: 0,interpolation_duration: 1}
data modify entity @s data merge value {"cameras":{},"locators":{"barrel1":{"px":-0.07189698424185159,"py":-0.37359104249297237,"pz":0.8752782389106084,"ry":359.94624840191466,"rx":-4.411818439796516}}}