# This file was generated by Animated Java via MC-Build. It is not recommended to edit this file directly.
$data merge entity $(bone_muzzleflash) {transformation: [0f,0f,0f,-0.2031f,0f,0f,0f,-0.8181f,0f,0f,0f,0.5668f,0f,0f,0f,1f],start_interpolation: 0,interpolation_duration: 1}
$data merge entity $(bone_slide) {transformation: [-0.9962f,0.0876f,-0.0009f,-0.0455f,0.0874f,0.9937f,-0.0702f,-0.3396f,-0.0052f,-0.07f,-0.9975f,0.7104f,0f,0f,0f,1f],start_interpolation: 0,interpolation_duration: 1}
$data merge entity $(bone_barrel) {transformation: [-0.9962f,0.0876f,-0.0009f,0.0564f,0.0874f,0.9937f,-0.0702f,-0.4296f,-0.0052f,-0.07f,-0.9975f,0.7166f,0f,0f,0f,1f],start_interpolation: 0,interpolation_duration: 1}
$data merge entity $(bone_magazine) {transformation: [-0.9962f,0.0876f,-0.0009f,-0.0573f,0.0874f,0.9937f,-0.0702f,-0.4861f,-0.0052f,-0.07f,-0.9975f,0.5232f,0f,0f,0f,1f],start_interpolation: 0,interpolation_duration: 1}
$data merge entity $(bone_grip) {transformation: [-0.9962f,0.0876f,-0.0009f,-0.0573f,0.0874f,0.9937f,-0.0702f,-0.4861f,-0.0052f,-0.07f,-0.9975f,0.5232f,0f,0f,0f,1f],start_interpolation: 0,interpolation_duration: 1}
$data merge entity $(bone_trigger) {transformation: [-0.9962f,0.0876f,-0.0009f,-0.0569f,0.0874f,0.9937f,-0.0702f,-0.4796f,-0.0052f,-0.07f,-0.9975f,0.5535f,0f,0f,0f,1f],start_interpolation: 0,interpolation_duration: 1}
$data merge entity $(bone_trigger_gaurd) {transformation: [-0.9962f,0.0876f,-0.0009f,-0.0544f,0.0874f,0.9937f,-0.0702f,-0.4486f,-0.0052f,-0.07f,-0.9975f,0.5838f,0f,0f,0f,1f],start_interpolation: 0,interpolation_duration: 1}
$data merge entity $(bone_right_arm) {transformation: [-0.9962f,-0.0009f,-0.0876f,-0.0938f,0.0874f,-0.0702f,-0.9937f,-0.5272f,-0.0052f,-0.9975f,0.07f,0.1973f,0f,0f,0f,1f],start_interpolation: 0,interpolation_duration: 1}
$data merge entity $(bone_magazine1) {transformation: [0f,0f,0f,-0.114f,0f,0f,0f,-0.4191f,0f,0f,0f,0.5409f,0f,0f,0f,1f],start_interpolation: 0,interpolation_duration: 1}
$data merge entity $(bone_left_arm) {transformation: [-0.8344f,0.402f,0.377f,0.0844f,-0.4207f,-0.0226f,-0.9069f,-0.5326f,-0.3561f,-0.9153f,0.188f,0.2102f,0f,0f,0f,1f],start_interpolation: 0,interpolation_duration: 1}
data modify entity @s data merge value {"cameras":{},"locators":{"barrel1":{"px":-0.07189698424185159,"py":-0.3806193462847839,"pz":0.876190798409416,"ry":359.94627505860285,"rx":-4.026561075227995}}}