# This file was generated by Animated Java via MC-Build. It is not recommended to edit this file directly.
$data merge entity $(bone_muzzleflash) {transformation: [0f,0f,0f,-0.2031f,0f,0f,0f,-0.8295f,0f,0f,0f,0.561f,0f,0f,0f,1f],start_interpolation: 0,interpolation_duration: 1}
$data merge entity $(bone_slide) {transformation: [-0.9962f,0.0876f,-0.0009f,-0.0455f,0.0875f,0.9947f,-0.0542f,-0.3534f,-0.0038f,-0.054f,-0.9985f,0.7123f,0f,0f,0f,1f],start_interpolation: 0,interpolation_duration: 1}
$data merge entity $(bone_barrel) {transformation: [-0.9962f,0.0876f,-0.0009f,0.0564f,0.0875f,0.9947f,-0.0542f,-0.4435f,-0.0038f,-0.054f,-0.9985f,0.7171f,0f,0f,0f,1f],start_interpolation: 0,interpolation_duration: 1}
$data merge entity $(bone_magazine) {transformation: [-0.9962f,0.0876f,-0.0009f,-0.0573f,0.0875f,0.9947f,-0.0542f,-0.4968f,-0.0038f,-0.054f,-0.9985f,0.5229f,0f,0f,0f,1f],start_interpolation: 0,interpolation_duration: 1}
$data merge entity $(bone_grip) {transformation: [-0.9962f,0.0876f,-0.0009f,-0.0573f,0.0875f,0.9947f,-0.0542f,-0.4968f,-0.0038f,-0.054f,-0.9985f,0.5229f,0f,0f,0f,1f],start_interpolation: 0,interpolation_duration: 1}
$data merge entity $(bone_trigger) {transformation: [-0.9962f,0.0876f,-0.0009f,-0.0569f,0.0875f,0.9947f,-0.0542f,-0.4908f,-0.0038f,-0.054f,-0.9985f,0.5532f,0f,0f,0f,1f],start_interpolation: 0,interpolation_duration: 1}
$data merge entity $(bone_trigger_gaurd) {transformation: [-0.9962f,0.0876f,-0.0009f,-0.0544f,0.0875f,0.9947f,-0.0542f,-0.4603f,-0.0038f,-0.054f,-0.9985f,0.584f,0f,0f,0f,1f],start_interpolation: 0,interpolation_duration: 1}
$data merge entity $(bone_right_arm) {transformation: [-0.9962f,-0.0009f,-0.0876f,-0.0938f,0.0875f,-0.0542f,-0.9947f,-0.5327f,-0.0038f,-0.9985f,0.054f,0.1963f,0f,0f,0f,1f],start_interpolation: 0,interpolation_duration: 1}
$data merge entity $(bone_magazine1) {transformation: [0f,0f,0f,-0.114f,0f,0f,0f,-0.4302f,0f,0f,0f,0.5416f,0f,0f,0f,1f],start_interpolation: 0,interpolation_duration: 1}
$data merge entity $(bone_left_arm) {transformation: [-0.8344f,0.402f,0.377f,0.0844f,-0.4149f,-0.0079f,-0.9098f,-0.5383f,-0.3628f,-0.9156f,0.1734f,0.2091f,0f,0f,0f,1f],start_interpolation: 0,interpolation_duration: 1}
data modify entity @s data merge value {"cameras":{},"locators":{"barrel1":{"px":-0.07189698424185159,"py":-0.3970782696383044,"pz":0.8774476544951502,"ry":359.94632890475214,"rx":-3.104531260595548}}}