# This file was generated by Animated Java via MC-Build. It is not recommended to edit this file directly.
$data merge entity $(bone_muzzleflash) {transformation: [0f,0f,0f,-0.2245f,0f,0f,0f,-0.7467f,0f,0f,0f,0.4002f,0f,0f,0f,1f],start_interpolation: 0,interpolation_duration: 1}
$data merge entity $(bone_slide) {transformation: [-0.9915f,0.1304f,-0.0012f,-0.0468f,0.1304f,0.9914f,-0.0065f,-0.2856f,0.0004f,-0.0066f,-1f,0.574f,0f,0f,0f,1f],start_interpolation: 0,interpolation_duration: 1}
$data merge entity $(bone_barrel) {transformation: [-0.9915f,0.1304f,-0.0012f,0.0511f,0.1304f,0.9914f,-0.0065f,-0.3801f,0.0004f,-0.0066f,-1f,0.5745f,0f,0f,0f,1f],start_interpolation: 0,interpolation_duration: 1}
$data merge entity $(bone_magazine) {transformation: [-0.9915f,0.1304f,-0.0012f,-0.0645f,0.1304f,0.9914f,-0.0065f,-0.4192f,0.0004f,-0.0066f,-1f,0.3779f,0f,0f,0f,1f],start_interpolation: 0,interpolation_duration: 1}
$data merge entity $(bone_grip) {transformation: [-0.9915f,0.1304f,-0.0012f,-0.0645f,0.1304f,0.9914f,-0.0065f,-0.4192f,0.0004f,-0.0066f,-1f,0.3779f,0f,0f,0f,1f],start_interpolation: 0,interpolation_duration: 1}
$data merge entity $(bone_trigger) {transformation: [-0.9915f,0.1304f,-0.0012f,-0.0638f,0.1304f,0.9914f,-0.0065f,-0.4146f,0.0004f,-0.0066f,-1f,0.4085f,0f,0f,0f,1f],start_interpolation: 0,interpolation_duration: 1}
$data merge entity $(bone_trigger_gaurd) {transformation: [-0.9915f,0.1304f,-0.0012f,-0.06f,0.1304f,0.9914f,-0.0065f,-0.3858f,0.0004f,-0.0066f,-1f,0.4408f,0f,0f,0f,1f],start_interpolation: 0,interpolation_duration: 1}
$data merge entity $(bone_right_arm) {transformation: [-0.9915f,-0.0012f,-0.1304f,-0.1017f,0.1304f,-0.0065f,-0.9914f,-0.4379f,0.0004f,-1f,0.0066f,0.0501f,0f,0f,0f,1f],start_interpolation: 0,interpolation_duration: 1}
$data merge entity $(bone_magazine1) {transformation: [0f,0f,0f,-0.1182f,0f,0f,0f,-0.3511f,0f,0f,0f,0.3998f,0f,0f,0f,1f],start_interpolation: 0,interpolation_duration: 1}
$data merge entity $(bone_left_arm) {transformation: [-0.8507f,0.4032f,0.3371f,0.076f,-0.3608f,0.0183f,-0.9325f,-0.4518f,-0.3821f,-0.9149f,0.1299f,0.0626f,0f,0f,0f,1f],start_interpolation: 0,interpolation_duration: 1}
data modify entity @s data merge value {"cameras":{},"locators":{"barrel1":{"px":-0.07543221096670803,"py":-0.3358568913085986,"pz":0.7368812317097102,"ry":359.93019068427657,"rx":-0.3749226321450245}}}