# This file was generated by Animated Java via MC-Build. It is not recommended to edit this file directly.
$data merge entity $(bone_muzzleflash) {transformation: [0f,0f,0f,-0.2031f,0f,0f,0f,-0.8494f,0f,0f,0f,0.5487f,0f,0f,0f,1f],start_interpolation: 0,interpolation_duration: 1}
$data merge entity $(bone_slide) {transformation: [-0.9962f,0.0876f,-0.0009f,-0.0455f,0.0876f,0.9959f,-0.0247f,-0.3779f,-0.0012f,-0.0247f,-0.9997f,0.714f,0f,0f,0f,1f],start_interpolation: 0,interpolation_duration: 1}
$data merge entity $(bone_barrel) {transformation: [-0.9962f,0.0876f,-0.0009f,0.0564f,0.0876f,0.9959f,-0.0247f,-0.4681f,-0.0012f,-0.0247f,-0.9997f,0.7161f,0f,0f,0f,1f],start_interpolation: 0,interpolation_duration: 1}
$data merge entity $(bone_magazine) {transformation: [-0.9962f,0.0876f,-0.0009f,-0.0573f,0.0876f,0.9959f,-0.0247f,-0.5157f,-0.0012f,-0.0247f,-0.9997f,0.5204f,0f,0f,0f,1f],start_interpolation: 0,interpolation_duration: 1}
$data merge entity $(bone_grip) {transformation: [-0.9962f,0.0876f,-0.0009f,-0.0573f,0.0876f,0.9959f,-0.0247f,-0.5157f,-0.0012f,-0.0247f,-0.9997f,0.5204f,0f,0f,0f,1f],start_interpolation: 0,interpolation_duration: 1}
$data merge entity $(bone_trigger) {transformation: [-0.9962f,0.0876f,-0.0009f,-0.0569f,0.0876f,0.9959f,-0.0247f,-0.5106f,-0.0012f,-0.0247f,-0.9997f,0.5509f,0f,0f,0f,1f],start_interpolation: 0,interpolation_duration: 1}
$data merge entity $(bone_trigger_gaurd) {transformation: [-0.9962f,0.0876f,-0.0009f,-0.0544f,0.0876f,0.9959f,-0.0247f,-0.4811f,-0.0012f,-0.0247f,-0.9997f,0.5826f,0f,0f,0f,1f],start_interpolation: 0,interpolation_duration: 1}
$data merge entity $(bone_right_arm) {transformation: [-0.9962f,-0.0009f,-0.0876f,-0.0938f,0.0876f,-0.0247f,-0.9959f,-0.542f,-0.0012f,-0.9997f,0.0247f,0.1929f,0f,0f,0f,1f],start_interpolation: 0,interpolation_duration: 1}
$data merge entity $(bone_magazine1) {transformation: [0f,0f,0f,-0.114f,0f,0f,0f,-0.4496f,0f,0f,0f,0.5411f,0f,0f,0f,1f],start_interpolation: 0,interpolation_duration: 1}
$data merge entity $(bone_left_arm) {transformation: [-0.8344f,0.402f,0.377f,0.0844f,-0.404f,0.019f,-0.9146f,-0.548f,-0.3749f,-0.9154f,0.1465f,0.2055f,0f,0f,0f,1f],start_interpolation: 0,interpolation_duration: 1}
data modify entity @s data merge value {"cameras":{},"locators":{"barrel1":{"px":-0.07189698424185159,"py":-0.42646244112331144,"pz":0.8777643002055737,"ry":359.9463912600365,"rx":-1.4178302716257478}}}