# This file was generated by Animated Java via MC-Build. It is not recommended to edit this file directly.
$data merge entity $(bone_muzzleflash) {transformation: [0f,0f,0f,-0.2031f,0f,0f,0f,-0.8783f,0f,0f,0f,0.5271f,0f,0f,0f,1f],start_interpolation: 0,interpolation_duration: 1}
$data merge entity $(bone_slide) {transformation: [-0.9962f,0.0876f,-0.0009f,-0.0455f,0.0875f,0.9959f,0.0207f,-0.4148f,0.0027f,0.0206f,-0.9998f,0.7136f,0f,0f,0f,1f],start_interpolation: 0,interpolation_duration: 1}
$data merge entity $(bone_barrel) {transformation: [-0.9962f,0.0876f,-0.0009f,0.0564f,0.0875f,0.9959f,0.0207f,-0.505f,0.0027f,0.0206f,-0.9998f,0.7116f,0f,0f,0f,1f],start_interpolation: 0,interpolation_duration: 1}
$data merge entity $(bone_magazine) {transformation: [-0.9962f,0.0876f,-0.0009f,-0.0573f,0.0875f,0.9959f,0.0207f,-0.5437f,0.0027f,0.0206f,-0.9998f,0.5139f,0f,0f,0f,1f],start_interpolation: 0,interpolation_duration: 1}
$data merge entity $(bone_grip) {transformation: [-0.9962f,0.0876f,-0.0009f,-0.0573f,0.0875f,0.9959f,0.0207f,-0.5437f,0.0027f,0.0206f,-0.9998f,0.5139f,0f,0f,0f,1f],start_interpolation: 0,interpolation_duration: 1}
$data merge entity $(bone_trigger) {transformation: [-0.9962f,0.0876f,-0.0009f,-0.0569f,0.0875f,0.9959f,0.0207f,-0.5399f,0.0027f,0.0206f,-0.9998f,0.5446f,0f,0f,0f,1f],start_interpolation: 0,interpolation_duration: 1}
$data merge entity $(bone_trigger_gaurd) {transformation: [-0.9962f,0.0876f,-0.0009f,-0.0544f,0.0875f,0.9959f,0.0207f,-0.5119f,0.0027f,0.0206f,-0.9998f,0.5777f,0f,0f,0f,1f],start_interpolation: 0,interpolation_duration: 1}
$data merge entity $(bone_right_arm) {transformation: [-0.9962f,-0.0009f,-0.0876f,-0.0938f,0.0875f,0.0207f,-0.9959f,-0.555f,0.0027f,-0.9998f,-0.0206f,0.1856f,0f,0f,0f,1f],start_interpolation: 0,interpolation_duration: 1}
$data merge entity $(bone_magazine1) {transformation: [0f,0f,0f,-0.114f,0f,0f,0f,-0.4786f,0f,0f,0f,0.5376f,0f,0f,0f,1f],start_interpolation: 0,interpolation_duration: 1}
$data merge entity $(bone_left_arm) {transformation: [-0.8344f,0.402f,0.377f,0.0844f,-0.3866f,0.0606f,-0.9203f,-0.5616f,-0.3928f,-0.9136f,0.1048f,0.1979f,0f,0f,0f,1f],start_interpolation: 0,interpolation_duration: 1}
data modify entity @s data merge value {"cameras":{},"locators":{"barrel1":{"px":-0.07189698424185159,"py":-0.4707261723278702,"pz":0.8749956920223267,"ry":359.9463961592275,"rx":1.187561359122184}}}