# This file was generated by Animated Java via MC-Build. It is not recommended to edit this file directly.
$data merge entity $(bone_muzzleflash) {transformation: [0f,0f,0f,-0.2031f,0f,0f,0f,-0.8926f,0f,0f,0f,0.5147f,0f,0f,0f,1f],start_interpolation: 0,interpolation_duration: 1}
$data merge entity $(bone_slide) {transformation: [-0.9962f,0.0876f,-0.0009f,-0.0455f,0.0875f,0.9952f,0.0445f,-0.4337f,0.0048f,0.0443f,-0.999f,0.7122f,0f,0f,0f,1f],start_interpolation: 0,interpolation_duration: 1}
$data merge entity $(bone_barrel) {transformation: [-0.9962f,0.0876f,-0.0009f,0.0564f,0.0875f,0.9952f,0.0445f,-0.5238f,0.0048f,0.0443f,-0.999f,0.7081f,0f,0f,0f,1f],start_interpolation: 0,interpolation_duration: 1}
$data merge entity $(bone_magazine) {transformation: [-0.9962f,0.0876f,-0.0009f,-0.0573f,0.0875f,0.9952f,0.0445f,-0.5578f,0.0048f,0.0443f,-0.999f,0.5095f,0f,0f,0f,1f],start_interpolation: 0,interpolation_duration: 1}
$data merge entity $(bone_grip) {transformation: [-0.9962f,0.0876f,-0.0009f,-0.0573f,0.0875f,0.9952f,0.0445f,-0.5578f,0.0048f,0.0443f,-0.999f,0.5095f,0f,0f,0f,1f],start_interpolation: 0,interpolation_duration: 1}
$data merge entity $(bone_trigger) {transformation: [-0.9962f,0.0876f,-0.0009f,-0.0569f,0.0875f,0.9952f,0.0445f,-0.5548f,0.0048f,0.0443f,-0.999f,0.5403f,0f,0f,0f,1f],start_interpolation: 0,interpolation_duration: 1}
$data merge entity $(bone_trigger_gaurd) {transformation: [-0.9962f,0.0876f,-0.0009f,-0.0544f,0.0875f,0.9952f,0.0445f,-0.5275f,0.0048f,0.0443f,-0.999f,0.574f,0f,0f,0f,1f],start_interpolation: 0,interpolation_duration: 1}
$data merge entity $(bone_right_arm) {transformation: [-0.9962f,-0.0009f,-0.0876f,-0.0938f,0.0875f,0.0445f,-0.9952f,-0.5613f,0.0048f,-0.999f,-0.0443f,0.1811f,0f,0f,0f,1f],start_interpolation: 0,interpolation_duration: 1}
$data merge entity $(bone_magazine1) {transformation: [0f,0f,0f,-0.114f,0f,0f,0f,-0.4933f,0f,0f,0f,0.5348f,0f,0f,0f,1f],start_interpolation: 0,interpolation_duration: 1}
$data merge entity $(bone_left_arm) {transformation: [-0.8344f,0.402f,0.377f,0.0844f,-0.3771f,0.0824f,-0.9225f,-0.5681f,-0.4019f,-0.9119f,0.0829f,0.1932f,0f,0f,0f,1f],start_interpolation: 0,interpolation_duration: 1}
data modify entity @s data merge value {"cameras":{},"locators":{"barrel1":{"px":-0.07189698424185159,"py":-0.49346134941283376,"pz":0.8722422955332786,"ry":359.94635443236723,"rx":2.5528667132846503}}}