# This file was generated by Animated Java via MC-Build. It is not recommended to edit this file directly.
$data merge entity $(bone_muzzleflash) {transformation: [0f,0f,0f,-0.2031f,0f,0f,0f,-0.9063f,0f,0f,0f,0.5018f,0f,0f,0f,1f],start_interpolation: 0,interpolation_duration: 1}
$data merge entity $(bone_slide) {transformation: [-0.9962f,0.0876f,-0.0009f,-0.0455f,0.0873f,0.9938f,0.0681f,-0.4522f,0.0069f,0.0678f,-0.9977f,0.7101f,0f,0f,0f,1f],start_interpolation: 0,interpolation_duration: 1}
$data merge entity $(bone_barrel) {transformation: [-0.9962f,0.0876f,-0.0009f,0.0564f,0.0873f,0.9938f,0.0681f,-0.5421f,0.0069f,0.0678f,-0.9977f,0.7038f,0f,0f,0f,1f],start_interpolation: 0,interpolation_duration: 1}
$data merge entity $(bone_magazine) {transformation: [-0.9962f,0.0876f,-0.0009f,-0.0573f,0.0873f,0.9938f,0.0681f,-0.5714f,0.0069f,0.0678f,-0.9977f,0.5045f,0f,0f,0f,1f],start_interpolation: 0,interpolation_duration: 1}
$data merge entity $(bone_grip) {transformation: [-0.9962f,0.0876f,-0.0009f,-0.0573f,0.0873f,0.9938f,0.0681f,-0.5714f,0.0069f,0.0678f,-0.9977f,0.5045f,0f,0f,0f,1f],start_interpolation: 0,interpolation_duration: 1}
$data merge entity $(bone_trigger) {transformation: [-0.9962f,0.0876f,-0.0009f,-0.0569f,0.0873f,0.9938f,0.0681f,-0.5691f,0.0069f,0.0678f,-0.9977f,0.5354f,0f,0f,0f,1f],start_interpolation: 0,interpolation_duration: 1}
$data merge entity $(bone_trigger_gaurd) {transformation: [-0.9962f,0.0876f,-0.0009f,-0.0544f,0.0873f,0.9938f,0.0681f,-0.5427f,0.0069f,0.0678f,-0.9977f,0.5697f,0f,0f,0f,1f],start_interpolation: 0,interpolation_duration: 1}
$data merge entity $(bone_right_arm) {transformation: [-0.9962f,-0.0009f,-0.0876f,-0.0938f,0.0873f,0.0681f,-0.9938f,-0.5671f,0.0069f,-0.9977f,-0.0678f,0.1761f,0f,0f,0f,1f],start_interpolation: 0,interpolation_duration: 1}
$data merge entity $(bone_magazine1) {transformation: [0f,0f,0f,-0.114f,0f,0f,0f,-0.5075f,0f,0f,0f,0.5313f,0f,0f,0f,1f],start_interpolation: 0,interpolation_duration: 1}
$data merge entity $(bone_left_arm) {transformation: [-0.8344f,0.402f,0.377f,0.0844f,-0.3675f,0.1039f,-0.9242f,-0.5743f,-0.4107f,-0.9097f,0.061f,0.1881f,0f,0f,0f,1f],start_interpolation: 0,interpolation_duration: 1}
data modify entity @s data merge value {"cameras":{},"locators":{"barrel1":{"px":-0.07189698424185159,"py":-0.5156722745917224,"pz":0.8686561926551692,"ry":359.94628286517957,"rx":3.9064849521863088}}}