# This file was generated by Animated Java via MC-Build. It is not recommended to edit this file directly.
$data merge entity $(bone_muzzleflash) {transformation: [0f,0f,0f,-0.2248f,0f,0f,0f,-0.7469f,0f,0f,0f,0.4f,0f,0f,0f,1f],start_interpolation: 0,interpolation_duration: 1}
$data merge entity $(bone_slide) {transformation: [-0.9914f,0.1309f,-0.0012f,-0.0468f,0.131f,0.9914f,-0.006f,-0.2859f,0.0004f,-0.0061f,-1f,0.574f,0f,0f,0f,1f],start_interpolation: 0,interpolation_duration: 1}
$data merge entity $(bone_barrel) {transformation: [-0.9914f,0.1309f,-0.0012f,0.051f,0.131f,0.9914f,-0.006f,-0.3804f,0.0004f,-0.0061f,-1f,0.5745f,0f,0f,0f,1f],start_interpolation: 0,interpolation_duration: 1}
$data merge entity $(bone_magazine) {transformation: [-0.9914f,0.1309f,-0.0012f,-0.0646f,0.131f,0.9914f,-0.006f,-0.4194f,0.0004f,-0.0061f,-1f,0.3779f,0f,0f,0f,1f],start_interpolation: 0,interpolation_duration: 1}
$data merge entity $(bone_grip) {transformation: [-0.9914f,0.1309f,-0.0012f,-0.0646f,0.131f,0.9914f,-0.006f,-0.4194f,0.0004f,-0.0061f,-1f,0.3779f,0f,0f,0f,1f],start_interpolation: 0,interpolation_duration: 1}
$data merge entity $(bone_trigger) {transformation: [-0.9914f,0.1309f,-0.0012f,-0.0639f,0.131f,0.9914f,-0.006f,-0.4148f,0.0004f,-0.0061f,-1f,0.4085f,0f,0f,0f,1f],start_interpolation: 0,interpolation_duration: 1}
$data merge entity $(bone_trigger_gaurd) {transformation: [-0.9914f,0.1309f,-0.0012f,-0.0601f,0.131f,0.9914f,-0.006f,-0.386f,0.0004f,-0.0061f,-1f,0.4408f,0f,0f,0f,1f],start_interpolation: 0,interpolation_duration: 1}
$data merge entity $(bone_right_arm) {transformation: [-0.9914f,-0.0012f,-0.1309f,-0.1018f,0.131f,-0.006f,-0.9914f,-0.4379f,0.0004f,-1f,0.0061f,0.05f,0f,0f,0f,1f],start_interpolation: 0,interpolation_duration: 1}
$data merge entity $(bone_magazine1) {transformation: [0f,0f,0f,-0.1183f,0f,0f,0f,-0.3513f,0f,0f,0f,0.3998f,0f,0f,0f,1f],start_interpolation: 0,interpolation_duration: 1}
$data merge entity $(bone_left_arm) {transformation: [-0.8509f,0.4032f,0.3366f,0.0759f,-0.3602f,0.0186f,-0.9327f,-0.4519f,-0.3824f,-0.9149f,0.1294f,0.0625f,0f,0f,0f,1f],start_interpolation: 0,interpolation_duration: 1}
data modify entity @s data merge value {"cameras":{},"locators":{"barrel1":{"px":-0.07549268455028597,"py":-0.3362238442381083,"pz":0.7368702124957758,"ry":359.93131256006654,"rx":-0.34453897381737125}}}