# This file was generated by Animated Java via MC-Build. It is not recommended to edit this file directly.
$data merge entity $(bone_muzzleflash) {transformation: [0f,0f,0f,-0.2031f,0f,0f,0f,-0.9189f,0f,0f,0f,0.4887f,0f,0f,0f,1f],start_interpolation: 0,interpolation_duration: 1}
$data merge entity $(bone_slide) {transformation: [-0.9962f,0.0876f,-0.0009f,-0.0455f,0.0871f,0.9921f,0.0908f,-0.4696f,0.0089f,0.0903f,-0.9959f,0.7073f,0f,0f,0f,1f],start_interpolation: 0,interpolation_duration: 1}
$data merge entity $(bone_barrel) {transformation: [-0.9962f,0.0876f,-0.0009f,0.0564f,0.0871f,0.9921f,0.0908f,-0.5594f,0.0089f,0.0903f,-0.9959f,0.699f,0f,0f,0f,1f],start_interpolation: 0,interpolation_duration: 1}
$data merge entity $(bone_magazine) {transformation: [-0.9962f,0.0876f,-0.0009f,-0.0573f,0.0871f,0.9921f,0.0908f,-0.5841f,0.0089f,0.0903f,-0.9959f,0.4991f,0f,0f,0f,1f],start_interpolation: 0,interpolation_duration: 1}
$data merge entity $(bone_grip) {transformation: [-0.9962f,0.0876f,-0.0009f,-0.0573f,0.0871f,0.9921f,0.0908f,-0.5841f,0.0089f,0.0903f,-0.9959f,0.4991f,0f,0f,0f,1f],start_interpolation: 0,interpolation_duration: 1}
$data merge entity $(bone_trigger) {transformation: [-0.9962f,0.0876f,-0.0009f,-0.0569f,0.0871f,0.9921f,0.0908f,-0.5826f,0.0089f,0.0903f,-0.9959f,0.53f,0f,0f,0f,1f],start_interpolation: 0,interpolation_duration: 1}
$data merge entity $(bone_trigger_gaurd) {transformation: [-0.9962f,0.0876f,-0.0009f,-0.0544f,0.0871f,0.9921f,0.0908f,-0.5569f,0.0089f,0.0903f,-0.9959f,0.5649f,0f,0f,0f,1f],start_interpolation: 0,interpolation_duration: 1}
$data merge entity $(bone_right_arm) {transformation: [-0.9962f,-0.0009f,-0.0876f,-0.0938f,0.0871f,0.0908f,-0.9921f,-0.5724f,0.0089f,-0.9959f,-0.0903f,0.1708f,0f,0f,0f,1f],start_interpolation: 0,interpolation_duration: 1}
$data merge entity $(bone_magazine1) {transformation: [0f,0f,0f,-0.114f,0f,0f,0f,-0.5209f,0f,0f,0f,0.5273f,0f,0f,0f,1f],start_interpolation: 0,interpolation_duration: 1}
$data merge entity $(bone_left_arm) {transformation: [-0.8344f,0.402f,0.377f,0.0844f,-0.3581f,0.1246f,-0.9254f,-0.5798f,-0.419f,-0.9071f,0.04f,0.1826f,0f,0f,0f,1f],start_interpolation: 0,interpolation_duration: 1}
data modify entity @s data merge value {"cameras":{},"locators":{"barrel1":{"px":-0.07189698424185159,"py":-0.5366738234449588,"pz":0.8643555770829119,"ry":359.9461854827997,"rx":5.208345970159199}}}