# This file was generated by Animated Java via MC-Build. It is not recommended to edit this file directly.
$data merge entity $(bone_muzzleflash) {transformation: [0f,0f,0f,-0.2031f,0f,0f,0f,-0.9392f,0f,0f,0f,0.4637f,0f,0f,0f,1f],start_interpolation: 0,interpolation_duration: 1}
$data merge entity $(bone_slide) {transformation: [-0.9962f,0.0876f,-0.0009f,-0.0455f,0.0867f,0.9877f,0.1305f,-0.499f,0.0124f,0.1299f,-0.9915f,0.7f,0f,0f,0f,1f],start_interpolation: 0,interpolation_duration: 1}
$data merge entity $(bone_barrel) {transformation: [-0.9962f,0.0876f,-0.0009f,0.0564f,0.0867f,0.9877f,0.1305f,-0.5885f,0.0124f,0.1299f,-0.9915f,0.6882f,0f,0f,0f,1f],start_interpolation: 0,interpolation_duration: 1}
$data merge entity $(bone_magazine) {transformation: [-0.9962f,0.0876f,-0.0009f,-0.0573f,0.0867f,0.9877f,0.1305f,-0.6052f,0.0124f,0.1299f,-0.9915f,0.4874f,0f,0f,0f,1f],start_interpolation: 0,interpolation_duration: 1}
$data merge entity $(bone_grip) {transformation: [-0.9962f,0.0876f,-0.0009f,-0.0573f,0.0867f,0.9877f,0.1305f,-0.6052f,0.0124f,0.1299f,-0.9915f,0.4874f,0f,0f,0f,1f],start_interpolation: 0,interpolation_duration: 1}
$data merge entity $(bone_trigger) {transformation: [-0.9962f,0.0876f,-0.0009f,-0.0569f,0.0867f,0.9877f,0.1305f,-0.6049f,0.0124f,0.1299f,-0.9915f,0.5183f,0f,0f,0f,1f],start_interpolation: 0,interpolation_duration: 1}
$data merge entity $(bone_trigger_gaurd) {transformation: [-0.9962f,0.0876f,-0.0009f,-0.0544f,0.0867f,0.9877f,0.1305f,-0.5806f,0.0124f,0.1299f,-0.9915f,0.5543f,0f,0f,0f,1f],start_interpolation: 0,interpolation_duration: 1}
$data merge entity $(bone_right_arm) {transformation: [-0.9962f,-0.0009f,-0.0876f,-0.0938f,0.0867f,0.1305f,-0.9877f,-0.5803f,0.0124f,-0.9915f,-0.1299f,0.1598f,0f,0f,0f,1f],start_interpolation: 0,interpolation_duration: 1}
$data merge entity $(bone_magazine1) {transformation: [0f,0f,0f,-0.114f,0f,0f,0f,-0.5431f,0f,0f,0f,0.5181f,0f,0f,0f,1f],start_interpolation: 0,interpolation_duration: 1}
$data merge entity $(bone_left_arm) {transformation: [-0.8344f,0.402f,0.377f,0.0844f,-0.341f,0.1607f,-0.9262f,-0.5882f,-0.4329f,-0.9014f,0.0031f,0.1714f,0f,0f,0f,1f],start_interpolation: 0,interpolation_duration: 1}
data modify entity @s data merge value {"cameras":{},"locators":{"barrel1":{"px":-0.07189698424185159,"py":-0.5723611373489846,"pz":0.8542937277698726,"ry":359.9459456594162,"rx":7.496515922506776}}}