# This file was generated by Animated Java via MC-Build. It is not recommended to edit this file directly.
$data merge entity $(bone_muzzleflash) {transformation: [0f,0f,0f,-0.2031f,0f,0f,0f,-0.9464f,0f,0f,0f,0.4526f,0f,0f,0f,1f],start_interpolation: 0,interpolation_duration: 1}
$data merge entity $(bone_slide) {transformation: [-0.9962f,0.0876f,-0.0009f,-0.0455f,0.0865f,0.9855f,0.1461f,-0.51f,0.0137f,0.1455f,-0.9893f,0.6959f,0f,0f,0f,1f],start_interpolation: 0,interpolation_duration: 1}
$data merge entity $(bone_barrel) {transformation: [-0.9962f,0.0876f,-0.0009f,0.0564f,0.0865f,0.9855f,0.1461f,-0.5992f,0.0137f,0.1455f,-0.9893f,0.6826f,0f,0f,0f,1f],start_interpolation: 0,interpolation_duration: 1}
$data merge entity $(bone_magazine) {transformation: [-0.9962f,0.0876f,-0.0009f,-0.0573f,0.0865f,0.9855f,0.1461f,-0.6127f,0.0137f,0.1455f,-0.9893f,0.4816f,0f,0f,0f,1f],start_interpolation: 0,interpolation_duration: 1}
$data merge entity $(bone_grip) {transformation: [-0.9962f,0.0876f,-0.0009f,-0.0573f,0.0865f,0.9855f,0.1461f,-0.6127f,0.0137f,0.1455f,-0.9893f,0.4816f,0f,0f,0f,1f],start_interpolation: 0,interpolation_duration: 1}
$data merge entity $(bone_trigger) {transformation: [-0.9962f,0.0876f,-0.0009f,-0.0569f,0.0865f,0.9855f,0.1461f,-0.6129f,0.0137f,0.1455f,-0.9893f,0.5125f,0f,0f,0f,1f],start_interpolation: 0,interpolation_duration: 1}
$data merge entity $(bone_trigger_gaurd) {transformation: [-0.9962f,0.0876f,-0.0009f,-0.0544f,0.0865f,0.9855f,0.1461f,-0.5892f,0.0137f,0.1455f,-0.9893f,0.5488f,0f,0f,0f,1f],start_interpolation: 0,interpolation_duration: 1}
$data merge entity $(bone_right_arm) {transformation: [-0.9962f,-0.0009f,-0.0876f,-0.0938f,0.0865f,0.1461f,-0.9855f,-0.5827f,0.0137f,-0.9893f,-0.1455f,0.1545f,0f,0f,0f,1f],start_interpolation: 0,interpolation_duration: 1}
$data merge entity $(bone_magazine1) {transformation: [0f,0f,0f,-0.114f,0f,0f,0f,-0.5512f,0f,0f,0f,0.5133f,0f,0f,0f,1f],start_interpolation: 0,interpolation_duration: 1}
$data merge entity $(bone_left_arm) {transformation: [-0.8344f,0.402f,0.377f,0.0844f,-0.3342f,0.1749f,-0.9261f,-0.5908f,-0.4383f,-0.8988f,-0.0116f,0.1659f,0f,0f,0f,1f],start_interpolation: 0,interpolation_duration: 1}
data modify entity @s data merge value {"cameras":{},"locators":{"barrel1":{"px":-0.07189698424185159,"py":-0.5857301622710892,"pz":0.8489557430567763,"ry":359.94582614284866,"rx":8.402684647672354}}}