# This file was generated by Animated Java via MC-Build. It is not recommended to edit this file directly.
$data merge entity $(bone_muzzleflash) {transformation: [0f,0f,0f,-0.225f,0f,0f,0f,-0.7469f,0f,0f,0f,0.3998f,0f,0f,0f,1f],start_interpolation: 0,interpolation_duration: 1}
$data merge entity $(bone_slide) {transformation: [-0.9913f,0.1313f,-0.0012f,-0.0469f,0.1313f,0.9913f,-0.0056f,-0.2861f,0.0004f,-0.0057f,-1f,0.574f,0f,0f,0f,1f],start_interpolation: 0,interpolation_duration: 1}
$data merge entity $(bone_barrel) {transformation: [-0.9913f,0.1313f,-0.0012f,0.0509f,0.1313f,0.9913f,-0.0056f,-0.3807f,0.0004f,-0.0057f,-1f,0.5744f,0f,0f,0f,1f],start_interpolation: 0,interpolation_duration: 1}
$data merge entity $(bone_magazine) {transformation: [-0.9913f,0.1313f,-0.0012f,-0.0646f,0.1313f,0.9913f,-0.0056f,-0.4195f,0.0004f,-0.0057f,-1f,0.3778f,0f,0f,0f,1f],start_interpolation: 0,interpolation_duration: 1}
$data merge entity $(bone_grip) {transformation: [-0.9913f,0.1313f,-0.0012f,-0.0646f,0.1313f,0.9913f,-0.0056f,-0.4195f,0.0004f,-0.0057f,-1f,0.3778f,0f,0f,0f,1f],start_interpolation: 0,interpolation_duration: 1}
$data merge entity $(bone_trigger) {transformation: [-0.9913f,0.1313f,-0.0012f,-0.064f,0.1313f,0.9913f,-0.0056f,-0.415f,0.0004f,-0.0057f,-1f,0.4084f,0f,0f,0f,1f],start_interpolation: 0,interpolation_duration: 1}
$data merge entity $(bone_trigger_gaurd) {transformation: [-0.9913f,0.1313f,-0.0012f,-0.0602f,0.1313f,0.9913f,-0.0056f,-0.3862f,0.0004f,-0.0057f,-1f,0.4407f,0f,0f,0f,1f],start_interpolation: 0,interpolation_duration: 1}
$data merge entity $(bone_right_arm) {transformation: [-0.9913f,-0.0012f,-0.1313f,-0.1019f,0.1313f,-0.0056f,-0.9913f,-0.4379f,0.0004f,-1f,0.0057f,0.0499f,0f,0f,0f,1f],start_interpolation: 0,interpolation_duration: 1}
$data merge entity $(bone_magazine1) {transformation: [0f,0f,0f,-0.1183f,0f,0f,0f,-0.3514f,0f,0f,0f,0.3998f,0f,0f,0f,1f],start_interpolation: 0,interpolation_duration: 1}
$data merge entity $(bone_left_arm) {transformation: [-0.8511f,0.4033f,0.3363f,0.0758f,-0.3597f,0.0188f,-0.9329f,-0.4519f,-0.3825f,-0.9149f,0.1291f,0.0624f,0f,0f,0f,1f],start_interpolation: 0,interpolation_duration: 1}
data modify entity @s data merge value {"cameras":{},"locators":{"barrel1":{"px":-0.07553262508682991,"py":-0.336485863212353,"pz":0.7368390006152337,"ry":359.93213632193846,"rx":-0.32308964159952364}}}