# This file was generated by Animated Java via MC-Build. It is not recommended to edit this file directly.
$data merge entity $(bone_muzzleflash) {transformation: [0f,0f,0f,-0.2031f,0f,0f,0f,-0.9525f,0f,0f,0f,0.4314f,0f,0f,0f,1f],start_interpolation: 0,interpolation_duration: 1}
$data merge entity $(bone_slide) {transformation: [-0.9962f,0.0876f,-0.0009f,-0.0455f,0.0862f,0.982f,0.1681f,-0.5217f,0.0156f,0.1674f,-0.9858f,0.6843f,0f,0f,0f,1f],start_interpolation: 0,interpolation_duration: 1}
$data merge entity $(bone_barrel) {transformation: [-0.9962f,0.0876f,-0.0009f,0.0564f,0.0862f,0.982f,0.1681f,-0.6106f,0.0156f,0.1674f,-0.9858f,0.6691f,0f,0f,0f,1f],start_interpolation: 0,interpolation_duration: 1}
$data merge entity $(bone_magazine) {transformation: [-0.9962f,0.0876f,-0.0009f,-0.0573f,0.0862f,0.982f,0.1681f,-0.6196f,0.0156f,0.1674f,-0.9858f,0.4678f,0f,0f,0f,1f],start_interpolation: 0,interpolation_duration: 1}
$data merge entity $(bone_grip) {transformation: [-0.9962f,0.0876f,-0.0009f,-0.0573f,0.0862f,0.982f,0.1681f,-0.6196f,0.0156f,0.1674f,-0.9858f,0.4678f,0f,0f,0f,1f],start_interpolation: 0,interpolation_duration: 1}
$data merge entity $(bone_trigger) {transformation: [-0.9962f,0.0876f,-0.0009f,-0.0569f,0.0862f,0.982f,0.1681f,-0.6205f,0.0156f,0.1674f,-0.9858f,0.4987f,0f,0f,0f,1f],start_interpolation: 0,interpolation_duration: 1}
$data merge entity $(bone_trigger_gaurd) {transformation: [-0.9962f,0.0876f,-0.0009f,-0.0544f,0.0862f,0.982f,0.1681f,-0.5976f,0.0156f,0.1674f,-0.9858f,0.5356f,0f,0f,0f,1f],start_interpolation: 0,interpolation_duration: 1}
$data merge entity $(bone_right_arm) {transformation: [-0.9962f,-0.0009f,-0.0876f,-0.0937f,0.0862f,0.1681f,-0.982f,-0.5823f,0.0156f,-0.9858f,-0.1674f,0.1414f,0f,0f,0f,1f],start_interpolation: 0,interpolation_duration: 1}
$data merge entity $(bone_magazine1) {transformation: [0f,0f,0f,-0.114f,0f,0f,0f,-0.5588f,0f,0f,0f,0.5009f,0f,0f,0f,1f],start_interpolation: 0,interpolation_duration: 1}
$data merge entity $(bone_left_arm) {transformation: [-0.8344f,0.402f,0.377f,0.0844f,-0.3243f,0.1949f,-0.9257f,-0.5907f,-0.4456f,-0.8946f,-0.0322f,0.1527f,0f,0f,0f,1f],start_interpolation: 0,interpolation_duration: 1}
data modify entity @s data merge value {"cameras":{},"locators":{"barrel1":{"px":-0.07189629106256062,"py":-0.6008055901605809,"pz":0.8356928825100358,"ry":359.94560081920577,"rx":9.679384920911986}}}