# This file was generated by Animated Java via MC-Build. It is not recommended to edit this file directly.
$data merge entity $(bone_muzzleflash) {transformation: [0f,0f,0f,-0.2031f,0f,0f,0f,-0.9516f,0f,0f,0f,0.4294f,0f,0f,0f,1f],start_interpolation: 0,interpolation_duration: 1}
$data merge entity $(bone_slide) {transformation: [-0.9962f,0.0876f,-0.0009f,-0.0455f,0.0861f,0.9819f,0.1686f,-0.5208f,0.0157f,0.1679f,-0.9857f,0.6825f,0f,0f,0f,1f],start_interpolation: 0,interpolation_duration: 1}
$data merge entity $(bone_barrel) {transformation: [-0.9962f,0.0876f,-0.0009f,0.0564f,0.0861f,0.9819f,0.1686f,-0.6097f,0.0157f,0.1679f,-0.9857f,0.6672f,0f,0f,0f,1f],start_interpolation: 0,interpolation_duration: 1}
$data merge entity $(bone_magazine) {transformation: [-0.9962f,0.0876f,-0.0009f,-0.0573f,0.0861f,0.9819f,0.1686f,-0.6187f,0.0157f,0.1679f,-0.9857f,0.4659f,0f,0f,0f,1f],start_interpolation: 0,interpolation_duration: 1}
$data merge entity $(bone_grip) {transformation: [-0.9962f,0.0876f,-0.0009f,-0.0573f,0.0861f,0.9819f,0.1686f,-0.6187f,0.0157f,0.1679f,-0.9857f,0.4659f,0f,0f,0f,1f],start_interpolation: 0,interpolation_duration: 1}
$data merge entity $(bone_trigger) {transformation: [-0.9962f,0.0876f,-0.0009f,-0.0569f,0.0861f,0.9819f,0.1686f,-0.6196f,0.0157f,0.1679f,-0.9857f,0.4968f,0f,0f,0f,1f],start_interpolation: 0,interpolation_duration: 1}
$data merge entity $(bone_trigger_gaurd) {transformation: [-0.9962f,0.0876f,-0.0009f,-0.0544f,0.0861f,0.9819f,0.1686f,-0.5967f,0.0157f,0.1679f,-0.9857f,0.5337f,0f,0f,0f,1f],start_interpolation: 0,interpolation_duration: 1}
$data merge entity $(bone_right_arm) {transformation: [-0.9962f,-0.0009f,-0.0876f,-0.0937f,0.0861f,0.1686f,-0.9819f,-0.5813f,0.0157f,-0.9857f,-0.1679f,0.1396f,0f,0f,0f,1f],start_interpolation: 0,interpolation_duration: 1}
$data merge entity $(bone_magazine1) {transformation: [0f,0f,0f,-0.114f,0f,0f,0f,-0.5578f,0f,0f,0f,0.499f,0f,0f,0f,1f],start_interpolation: 0,interpolation_duration: 1}
$data merge entity $(bone_left_arm) {transformation: [-0.8344f,0.402f,0.377f,0.0844f,-0.3241f,0.1953f,-0.9256f,-0.5896f,-0.4458f,-0.8946f,-0.0326f,0.1508f,0f,0f,0f,1f],start_interpolation: 0,interpolation_duration: 1}
data modify entity @s data merge value {"cameras":{},"locators":{"barrel1":{"px":-0.07189089439426467,"py":-0.6000402955500448,"pz":0.8338092411545801,"ry":359.94534015912814,"rx":9.70527215441162}}}