# This file was generated by Animated Java via MC-Build. It is not recommended to edit this file directly.
$data merge entity $(bone_muzzleflash) {transformation: [0f,0f,0f,-0.2031f,0f,0f,0f,-0.951f,0f,0f,0f,0.4284f,0f,0f,0f,1f],start_interpolation: 0,interpolation_duration: 1}
$data merge entity $(bone_slide) {transformation: [-0.9962f,0.0875f,-0.0009f,-0.0455f,0.0861f,0.9819f,0.1686f,-0.5202f,0.0157f,0.1678f,-0.9857f,0.6815f,0f,0f,0f,1f],start_interpolation: 0,interpolation_duration: 1}
$data merge entity $(bone_barrel) {transformation: [-0.9962f,0.0875f,-0.0009f,0.0564f,0.0861f,0.9819f,0.1686f,-0.6091f,0.0157f,0.1678f,-0.9857f,0.6662f,0f,0f,0f,1f],start_interpolation: 0,interpolation_duration: 1}
$data merge entity $(bone_magazine) {transformation: [-0.9962f,0.0875f,-0.0009f,-0.0573f,0.0861f,0.9819f,0.1686f,-0.618f,0.0157f,0.1678f,-0.9857f,0.4649f,0f,0f,0f,1f],start_interpolation: 0,interpolation_duration: 1}
$data merge entity $(bone_grip) {transformation: [-0.9962f,0.0875f,-0.0009f,-0.0573f,0.0861f,0.9819f,0.1686f,-0.618f,0.0157f,0.1678f,-0.9857f,0.4649f,0f,0f,0f,1f],start_interpolation: 0,interpolation_duration: 1}
$data merge entity $(bone_trigger) {transformation: [-0.9962f,0.0875f,-0.0009f,-0.0569f,0.0861f,0.9819f,0.1686f,-0.6189f,0.0157f,0.1678f,-0.9857f,0.4959f,0f,0f,0f,1f],start_interpolation: 0,interpolation_duration: 1}
$data merge entity $(bone_trigger_gaurd) {transformation: [-0.9962f,0.0875f,-0.0009f,-0.0544f,0.0861f,0.9819f,0.1686f,-0.596f,0.0157f,0.1678f,-0.9857f,0.5327f,0f,0f,0f,1f],start_interpolation: 0,interpolation_duration: 1}
$data merge entity $(bone_right_arm) {transformation: [-0.9962f,-0.0009f,-0.0875f,-0.0937f,0.0861f,0.1686f,-0.9819f,-0.5806f,0.0157f,-0.9857f,-0.1678f,0.1386f,0f,0f,0f,1f],start_interpolation: 0,interpolation_duration: 1}
$data merge entity $(bone_magazine1) {transformation: [0f,0f,0f,-0.114f,0f,0f,0f,-0.5572f,0f,0f,0f,0.498f,0f,0f,0f,1f],start_interpolation: 0,interpolation_duration: 1}
$data merge entity $(bone_left_arm) {transformation: [-0.8344f,0.402f,0.377f,0.0844f,-0.3242f,0.1953f,-0.9256f,-0.5889f,-0.4458f,-0.8946f,-0.0326f,0.1498f,0f,0f,0f,1f],start_interpolation: 0,interpolation_duration: 1}
data modify entity @s data merge value {"cameras":{},"locators":{"barrel1":{"px":-0.07188629861191252,"py":-0.5993927726046009,"pz":0.8328330183149308,"ry":359.9451218456368,"rx":9.704973082440322}}}