# This file was generated by Animated Java via MC-Build. It is not recommended to edit this file directly.
$data merge entity $(bone_muzzleflash) {transformation: [0f,0f,0f,-0.2031f,0f,0f,0f,-0.9502f,0f,0f,0f,0.4274f,0f,0f,0f,1f],start_interpolation: 0,interpolation_duration: 1}
$data merge entity $(bone_slide) {transformation: [-0.9962f,0.0875f,-0.0009f,-0.0455f,0.0861f,0.9819f,0.1684f,-0.5194f,0.0157f,0.1677f,-0.9857f,0.6805f,0f,0f,0f,1f],start_interpolation: 0,interpolation_duration: 1}
$data merge entity $(bone_barrel) {transformation: [-0.9962f,0.0875f,-0.0009f,0.0564f,0.0861f,0.9819f,0.1684f,-0.6083f,0.0157f,0.1677f,-0.9857f,0.6652f,0f,0f,0f,1f],start_interpolation: 0,interpolation_duration: 1}
$data merge entity $(bone_magazine) {transformation: [-0.9962f,0.0875f,-0.0009f,-0.0573f,0.0861f,0.9819f,0.1684f,-0.6173f,0.0157f,0.1677f,-0.9857f,0.464f,0f,0f,0f,1f],start_interpolation: 0,interpolation_duration: 1}
$data merge entity $(bone_grip) {transformation: [-0.9962f,0.0875f,-0.0009f,-0.0573f,0.0861f,0.9819f,0.1684f,-0.6173f,0.0157f,0.1677f,-0.9857f,0.464f,0f,0f,0f,1f],start_interpolation: 0,interpolation_duration: 1}
$data merge entity $(bone_trigger) {transformation: [-0.9962f,0.0875f,-0.0009f,-0.0569f,0.0861f,0.9819f,0.1684f,-0.6181f,0.0157f,0.1677f,-0.9857f,0.4949f,0f,0f,0f,1f],start_interpolation: 0,interpolation_duration: 1}
$data merge entity $(bone_trigger_gaurd) {transformation: [-0.9962f,0.0875f,-0.0009f,-0.0544f,0.0861f,0.9819f,0.1684f,-0.5953f,0.0157f,0.1677f,-0.9857f,0.5317f,0f,0f,0f,1f],start_interpolation: 0,interpolation_duration: 1}
$data merge entity $(bone_right_arm) {transformation: [-0.9962f,-0.0009f,-0.0875f,-0.0937f,0.0861f,0.1684f,-0.9819f,-0.5799f,0.0157f,-0.9857f,-0.1677f,0.1376f,0f,0f,0f,1f],start_interpolation: 0,interpolation_duration: 1}
$data merge entity $(bone_magazine1) {transformation: [0f,0f,0f,-0.114f,0f,0f,0f,-0.5564f,0f,0f,0f,0.497f,0f,0f,0f,1f],start_interpolation: 0,interpolation_duration: 1}
$data merge entity $(bone_left_arm) {transformation: [-0.8344f,0.402f,0.3771f,0.0844f,-0.3242f,0.1952f,-0.9256f,-0.5882f,-0.4457f,-0.8946f,-0.0325f,0.1488f,0f,0f,0f,1f],start_interpolation: 0,interpolation_duration: 1}
data modify entity @s data merge value {"cameras":{},"locators":{"barrel1":{"px":-0.07188051606451945,"py":-0.5985742525499252,"pz":0.8318348442389907,"ry":359.94484885395036,"rx":9.69611900264544}}}