# This file was generated by Animated Java via MC-Build. It is not recommended to edit this file directly.
$data merge entity $(bone_muzzleflash) {transformation: [0f,0f,0f,-0.2031f,0f,0f,0f,-0.9493f,0f,0f,0f,0.4265f,0f,0f,0f,1f],start_interpolation: 0,interpolation_duration: 1}
$data merge entity $(bone_slide) {transformation: [-0.9962f,0.0875f,-0.001f,-0.0455f,0.0861f,0.982f,0.1681f,-0.5184f,0.0156f,0.1674f,-0.9858f,0.6794f,0f,0f,0f,1f],start_interpolation: 0,interpolation_duration: 1}
$data merge entity $(bone_barrel) {transformation: [-0.9962f,0.0875f,-0.001f,0.0564f,0.0861f,0.982f,0.1681f,-0.6073f,0.0156f,0.1674f,-0.9858f,0.6642f,0f,0f,0f,1f],start_interpolation: 0,interpolation_duration: 1}
$data merge entity $(bone_magazine) {transformation: [-0.9962f,0.0875f,-0.001f,-0.0573f,0.0861f,0.982f,0.1681f,-0.6164f,0.0156f,0.1674f,-0.9858f,0.4629f,0f,0f,0f,1f],start_interpolation: 0,interpolation_duration: 1}
$data merge entity $(bone_grip) {transformation: [-0.9962f,0.0875f,-0.001f,-0.0573f,0.0861f,0.982f,0.1681f,-0.6164f,0.0156f,0.1674f,-0.9858f,0.4629f,0f,0f,0f,1f],start_interpolation: 0,interpolation_duration: 1}
$data merge entity $(bone_trigger) {transformation: [-0.9962f,0.0875f,-0.001f,-0.0569f,0.0861f,0.982f,0.1681f,-0.6173f,0.0156f,0.1674f,-0.9858f,0.4939f,0f,0f,0f,1f],start_interpolation: 0,interpolation_duration: 1}
$data merge entity $(bone_trigger_gaurd) {transformation: [-0.9962f,0.0875f,-0.001f,-0.0543f,0.0861f,0.982f,0.1681f,-0.5944f,0.0156f,0.1674f,-0.9858f,0.5307f,0f,0f,0f,1f],start_interpolation: 0,interpolation_duration: 1}
$data merge entity $(bone_right_arm) {transformation: [-0.9962f,-0.001f,-0.0875f,-0.0937f,0.0861f,0.1681f,-0.982f,-0.5791f,0.0156f,-0.9858f,-0.1674f,0.1366f,0f,0f,0f,1f],start_interpolation: 0,interpolation_duration: 1}
$data merge entity $(bone_magazine1) {transformation: [0f,0f,0f,-0.114f,0f,0f,0f,-0.5555f,0f,0f,0f,0.496f,0f,0f,0f,1f],start_interpolation: 0,interpolation_duration: 1}
$data merge entity $(bone_left_arm) {transformation: [-0.8344f,0.402f,0.3771f,0.0844f,-0.3244f,0.1949f,-0.9256f,-0.5874f,-0.4456f,-0.8946f,-0.0322f,0.1478f,0f,0f,0f,1f],start_interpolation: 0,interpolation_duration: 1}
data modify entity @s data merge value {"cameras":{},"locators":{"barrel1":{"px":-0.0718736095796093,"py":-0.5975889081389387,"pz":0.830815399236468,"ry":359.9445245212255,"rx":9.678915002682885}}}