# This file was generated by Animated Java via MC-Build. It is not recommended to edit this file directly.
$data merge entity $(bone_muzzleflash) {transformation: [0f,0f,0f,-0.203f,0f,0f,0f,-0.9484f,0f,0f,0f,0.4257f,0f,0f,0f,1f],start_interpolation: 0,interpolation_duration: 1}
$data merge entity $(bone_slide) {transformation: [-0.9962f,0.0874f,-0.001f,-0.0454f,0.086f,0.9821f,0.1677f,-0.5174f,0.0156f,0.167f,-0.9858f,0.6784f,0f,0f,0f,1f],start_interpolation: 0,interpolation_duration: 1}
$data merge entity $(bone_barrel) {transformation: [-0.9962f,0.0874f,-0.001f,0.0564f,0.086f,0.9821f,0.1677f,-0.6063f,0.0156f,0.167f,-0.9858f,0.6631f,0f,0f,0f,1f],start_interpolation: 0,interpolation_duration: 1}
$data merge entity $(bone_magazine) {transformation: [-0.9962f,0.0874f,-0.001f,-0.0573f,0.086f,0.9821f,0.1677f,-0.6154f,0.0156f,0.167f,-0.9858f,0.4619f,0f,0f,0f,1f],start_interpolation: 0,interpolation_duration: 1}
$data merge entity $(bone_grip) {transformation: [-0.9962f,0.0874f,-0.001f,-0.0573f,0.086f,0.9821f,0.1677f,-0.6154f,0.0156f,0.167f,-0.9858f,0.4619f,0f,0f,0f,1f],start_interpolation: 0,interpolation_duration: 1}
$data merge entity $(bone_trigger) {transformation: [-0.9962f,0.0874f,-0.001f,-0.0569f,0.086f,0.9821f,0.1677f,-0.6163f,0.0156f,0.167f,-0.9858f,0.4928f,0f,0f,0f,1f],start_interpolation: 0,interpolation_duration: 1}
$data merge entity $(bone_trigger_gaurd) {transformation: [-0.9962f,0.0874f,-0.001f,-0.0543f,0.086f,0.9821f,0.1677f,-0.5933f,0.0156f,0.167f,-0.9858f,0.5296f,0f,0f,0f,1f],start_interpolation: 0,interpolation_duration: 1}
$data merge entity $(bone_right_arm) {transformation: [-0.9962f,-0.001f,-0.0874f,-0.0937f,0.086f,0.1677f,-0.9821f,-0.5783f,0.0156f,-0.9858f,-0.167f,0.1355f,0f,0f,0f,1f],start_interpolation: 0,interpolation_duration: 1}
$data merge entity $(bone_magazine1) {transformation: [0f,0f,0f,-0.114f,0f,0f,0f,-0.5545f,0f,0f,0f,0.4949f,0f,0f,0f,1f],start_interpolation: 0,interpolation_duration: 1}
$data merge entity $(bone_left_arm) {transformation: [-0.8344f,0.402f,0.3771f,0.0844f,-0.3246f,0.1945f,-0.9256f,-0.5866f,-0.4455f,-0.8947f,-0.0318f,0.1467f,0f,0f,0f,1f],start_interpolation: 0,interpolation_duration: 1}
data modify entity @s data merge value {"cameras":{},"locators":{"barrel1":{"px":-0.07186564484965743,"py":-0.5964408996852127,"pz":0.8297753220987846,"ry":359.9441524267164,"rx":9.65356616974985}}}