# This file was generated by Animated Java via MC-Build. It is not recommended to edit this file directly.
$data merge entity $(bone_muzzleflash) {transformation: [0f,0f,0f,-0.2251f,0f,0f,0f,-0.7471f,0f,0f,0f,0.3996f,0f,0f,0f,1f],start_interpolation: 0,interpolation_duration: 1}
$data merge entity $(bone_slide) {transformation: [-0.9913f,0.1316f,-0.0012f,-0.0469f,0.1316f,0.9913f,-0.0052f,-0.2863f,0.0005f,-0.0053f,-1f,0.574f,0f,0f,0f,1f],start_interpolation: 0,interpolation_duration: 1}
$data merge entity $(bone_barrel) {transformation: [-0.9913f,0.1316f,-0.0012f,0.0509f,0.1316f,0.9913f,-0.0052f,-0.3809f,0.0005f,-0.0053f,-1f,0.5744f,0f,0f,0f,1f],start_interpolation: 0,interpolation_duration: 1}
$data merge entity $(bone_magazine) {transformation: [-0.9913f,0.1316f,-0.0012f,-0.0647f,0.1316f,0.9913f,-0.0052f,-0.4197f,0.0005f,-0.0053f,-1f,0.3778f,0f,0f,0f,1f],start_interpolation: 0,interpolation_duration: 1}
$data merge entity $(bone_grip) {transformation: [-0.9913f,0.1316f,-0.0012f,-0.0647f,0.1316f,0.9913f,-0.0052f,-0.4197f,0.0005f,-0.0053f,-1f,0.3778f,0f,0f,0f,1f],start_interpolation: 0,interpolation_duration: 1}
$data merge entity $(bone_trigger) {transformation: [-0.9913f,0.1316f,-0.0012f,-0.0641f,0.1316f,0.9913f,-0.0052f,-0.4152f,0.0005f,-0.0053f,-1f,0.4084f,0f,0f,0f,1f],start_interpolation: 0,interpolation_duration: 1}
$data merge entity $(bone_trigger_gaurd) {transformation: [-0.9913f,0.1316f,-0.0012f,-0.0602f,0.1316f,0.9913f,-0.0052f,-0.3864f,0.0005f,-0.0053f,-1f,0.4407f,0f,0f,0f,1f],start_interpolation: 0,interpolation_duration: 1}
$data merge entity $(bone_right_arm) {transformation: [-0.9913f,-0.0012f,-0.1316f,-0.1019f,0.1316f,-0.0052f,-0.9913f,-0.4379f,0.0005f,-1f,0.0053f,0.0499f,0f,0f,0f,1f],start_interpolation: 0,interpolation_duration: 1}
$data merge entity $(bone_magazine1) {transformation: [0f,0f,0f,-0.1184f,0f,0f,0f,-0.3515f,0f,0f,0f,0.3997f,0f,0f,0f,1f],start_interpolation: 0,interpolation_duration: 1}
$data merge entity $(bone_left_arm) {transformation: [-0.8512f,0.4033f,0.336f,0.0757f,-0.3593f,0.019f,-0.933f,-0.452f,-0.3827f,-0.9149f,0.1287f,0.0623f,0f,0f,0f,1f],start_interpolation: 0,interpolation_duration: 1}
data modify entity @s data merge value {"cameras":{},"locators":{"barrel1":{"px":-0.07557319300697807,"py":-0.33679916943216676,"pz":0.7368040221944068,"ry":359.93308941724524,"rx":-0.29913709780342396}}}