# This file was generated by Animated Java via MC-Build. It is not recommended to edit this file directly.
$data merge entity $(bone_muzzleflash) {transformation: [0f,0f,0f,-0.203f,0f,0f,0f,-0.9473f,0f,0f,0f,0.4248f,0f,0f,0f,1f],start_interpolation: 0,interpolation_duration: 1}
$data merge entity $(bone_slide) {transformation: [-0.9962f,0.0874f,-0.001f,-0.0454f,0.086f,0.9822f,0.1671f,-0.5161f,0.0156f,0.1664f,-0.9859f,0.6773f,0f,0f,0f,1f],start_interpolation: 0,interpolation_duration: 1}
$data merge entity $(bone_barrel) {transformation: [-0.9962f,0.0874f,-0.001f,0.0564f,0.086f,0.9822f,0.1671f,-0.605f,0.0156f,0.1664f,-0.9859f,0.6621f,0f,0f,0f,1f],start_interpolation: 0,interpolation_duration: 1}
$data merge entity $(bone_magazine) {transformation: [-0.9962f,0.0874f,-0.001f,-0.0573f,0.086f,0.9822f,0.1671f,-0.6143f,0.0156f,0.1664f,-0.9859f,0.4609f,0f,0f,0f,1f],start_interpolation: 0,interpolation_duration: 1}
$data merge entity $(bone_grip) {transformation: [-0.9962f,0.0874f,-0.001f,-0.0573f,0.086f,0.9822f,0.1671f,-0.6143f,0.0156f,0.1664f,-0.9859f,0.4609f,0f,0f,0f,1f],start_interpolation: 0,interpolation_duration: 1}
$data merge entity $(bone_trigger) {transformation: [-0.9962f,0.0874f,-0.001f,-0.0569f,0.086f,0.9822f,0.1671f,-0.6152f,0.0156f,0.1664f,-0.9859f,0.4918f,0f,0f,0f,1f],start_interpolation: 0,interpolation_duration: 1}
$data merge entity $(bone_trigger_gaurd) {transformation: [-0.9962f,0.0874f,-0.001f,-0.0543f,0.086f,0.9822f,0.1671f,-0.5922f,0.0156f,0.1664f,-0.9859f,0.5286f,0f,0f,0f,1f],start_interpolation: 0,interpolation_duration: 1}
$data merge entity $(bone_right_arm) {transformation: [-0.9962f,-0.001f,-0.0874f,-0.0937f,0.086f,0.1671f,-0.9822f,-0.5774f,0.0156f,-0.9859f,-0.1664f,0.1344f,0f,0f,0f,1f],start_interpolation: 0,interpolation_duration: 1}
$data merge entity $(bone_magazine1) {transformation: [0f,0f,0f,-0.114f,0f,0f,0f,-0.5534f,0f,0f,0f,0.4938f,0f,0f,0f,1f],start_interpolation: 0,interpolation_duration: 1}
$data merge entity $(bone_left_arm) {transformation: [-0.8343f,0.402f,0.3772f,0.0844f,-0.3249f,0.194f,-0.9256f,-0.5857f,-0.4453f,-0.8948f,-0.0313f,0.1457f,0f,0f,0f,1f],start_interpolation: 0,interpolation_duration: 1}
data modify entity @s data merge value {"cameras":{},"locators":{"barrel1":{"px":-0.07185669005026325,"py":-0.5951343761886133,"pz":0.8287152136175492,"ry":359.94373635863985,"rx":9.620277590758972}}}