# This file was generated by Animated Java via MC-Build. It is not recommended to edit this file directly.
$data merge entity $(bone_muzzleflash) {transformation: [0f,0f,0f,-0.203f,0f,0f,0f,-0.9461f,0f,0f,0f,0.424f,0f,0f,0f,1f],start_interpolation: 0,interpolation_duration: 1}
$data merge entity $(bone_slide) {transformation: [-0.9962f,0.0873f,-0.001f,-0.0454f,0.086f,0.9823f,0.1664f,-0.5148f,0.0155f,0.1657f,-0.9861f,0.6761f,0f,0f,0f,1f],start_interpolation: 0,interpolation_duration: 1}
$data merge entity $(bone_barrel) {transformation: [-0.9962f,0.0873f,-0.001f,0.0565f,0.086f,0.9823f,0.1664f,-0.6037f,0.0155f,0.1657f,-0.9861f,0.661f,0f,0f,0f,1f],start_interpolation: 0,interpolation_duration: 1}
$data merge entity $(bone_magazine) {transformation: [-0.9962f,0.0873f,-0.001f,-0.0573f,0.086f,0.9823f,0.1664f,-0.6131f,0.0155f,0.1657f,-0.9861f,0.4598f,0f,0f,0f,1f],start_interpolation: 0,interpolation_duration: 1}
$data merge entity $(bone_grip) {transformation: [-0.9962f,0.0873f,-0.001f,-0.0573f,0.086f,0.9823f,0.1664f,-0.6131f,0.0155f,0.1657f,-0.9861f,0.4598f,0f,0f,0f,1f],start_interpolation: 0,interpolation_duration: 1}
$data merge entity $(bone_trigger) {transformation: [-0.9962f,0.0873f,-0.001f,-0.0569f,0.086f,0.9823f,0.1664f,-0.6139f,0.0155f,0.1657f,-0.9861f,0.4907f,0f,0f,0f,1f],start_interpolation: 0,interpolation_duration: 1}
$data merge entity $(bone_trigger_gaurd) {transformation: [-0.9962f,0.0873f,-0.001f,-0.0543f,0.086f,0.9823f,0.1664f,-0.591f,0.0155f,0.1657f,-0.9861f,0.5275f,0f,0f,0f,1f],start_interpolation: 0,interpolation_duration: 1}
$data merge entity $(bone_right_arm) {transformation: [-0.9962f,-0.001f,-0.0873f,-0.0937f,0.086f,0.1664f,-0.9823f,-0.5764f,0.0155f,-0.9861f,-0.1657f,0.1333f,0f,0f,0f,1f],start_interpolation: 0,interpolation_duration: 1}
$data merge entity $(bone_magazine1) {transformation: [0f,0f,0f,-0.1139f,0f,0f,0f,-0.5522f,0f,0f,0f,0.4927f,0f,0f,0f,1f],start_interpolation: 0,interpolation_duration: 1}
$data merge entity $(bone_left_arm) {transformation: [-0.8343f,0.402f,0.3772f,0.0844f,-0.3253f,0.1934f,-0.9256f,-0.5847f,-0.4451f,-0.895f,-0.0306f,0.1446f,0f,0f,0f,1f],start_interpolation: 0,interpolation_duration: 1}
data modify entity @s data merge value {"cameras":{},"locators":{"barrel1":{"px":-0.07184681547135145,"py":-0.5936734764563469,"pz":0.8276356400086038,"ry":359.9432802820673,"rx":9.579254352507853}}}