# This file was generated by Animated Java via MC-Build. It is not recommended to edit this file directly.
$data merge entity $(bone_muzzleflash) {transformation: [0f,0f,0f,-0.203f,0f,0f,0f,-0.9449f,0f,0f,0f,0.4232f,0f,0f,0f,1f],start_interpolation: 0,interpolation_duration: 1}
$data merge entity $(bone_slide) {transformation: [-0.9962f,0.0873f,-0.001f,-0.0454f,0.0859f,0.9824f,0.1656f,-0.5133f,0.0154f,0.1649f,-0.9862f,0.675f,0f,0f,0f,1f],start_interpolation: 0,interpolation_duration: 1}
$data merge entity $(bone_barrel) {transformation: [-0.9962f,0.0873f,-0.001f,0.0565f,0.0859f,0.9824f,0.1656f,-0.6022f,0.0154f,0.1649f,-0.9862f,0.6599f,0f,0f,0f,1f],start_interpolation: 0,interpolation_duration: 1}
$data merge entity $(bone_magazine) {transformation: [-0.9962f,0.0873f,-0.001f,-0.0573f,0.0859f,0.9824f,0.1656f,-0.6118f,0.0154f,0.1649f,-0.9862f,0.4587f,0f,0f,0f,1f],start_interpolation: 0,interpolation_duration: 1}
$data merge entity $(bone_grip) {transformation: [-0.9962f,0.0873f,-0.001f,-0.0573f,0.0859f,0.9824f,0.1656f,-0.6118f,0.0154f,0.1649f,-0.9862f,0.4587f,0f,0f,0f,1f],start_interpolation: 0,interpolation_duration: 1}
$data merge entity $(bone_trigger) {transformation: [-0.9962f,0.0873f,-0.001f,-0.0569f,0.0859f,0.9824f,0.1656f,-0.6126f,0.0154f,0.1649f,-0.9862f,0.4896f,0f,0f,0f,1f],start_interpolation: 0,interpolation_duration: 1}
$data merge entity $(bone_trigger_gaurd) {transformation: [-0.9962f,0.0873f,-0.001f,-0.0543f,0.0859f,0.9824f,0.1656f,-0.5896f,0.0154f,0.1649f,-0.9862f,0.5264f,0f,0f,0f,1f],start_interpolation: 0,interpolation_duration: 1}
$data merge entity $(bone_right_arm) {transformation: [-0.9962f,-0.001f,-0.0873f,-0.0937f,0.0859f,0.1656f,-0.9824f,-0.5754f,0.0154f,-0.9862f,-0.1649f,0.1322f,0f,0f,0f,1f],start_interpolation: 0,interpolation_duration: 1}
$data merge entity $(bone_magazine1) {transformation: [0f,0f,0f,-0.1139f,0f,0f,0f,-0.5509f,0f,0f,0f,0.4916f,0f,0f,0f,1f],start_interpolation: 0,interpolation_duration: 1}
$data merge entity $(bone_left_arm) {transformation: [-0.8343f,0.402f,0.3773f,0.0844f,-0.3257f,0.1927f,-0.9256f,-0.5836f,-0.4448f,-0.8951f,-0.0298f,0.1435f,0f,0f,0f,1f],start_interpolation: 0,interpolation_duration: 1}
data modify entity @s data merge value {"cameras":{},"locators":{"barrel1":{"px":-0.07183609316118905,"py":-0.5920623302145938,"pz":0.8265371362431643,"ry":359.94278830786624,"rx":9.530701541841623}}}