# This file was generated by Animated Java via MC-Build. It is not recommended to edit this file directly.
$data merge entity $(bone_muzzleflash) {transformation: [0f,0f,0f,-0.2029f,0f,0f,0f,-0.9435f,0f,0f,0f,0.4224f,0f,0f,0f,1f],start_interpolation: 0,interpolation_duration: 1}
$data merge entity $(bone_slide) {transformation: [-0.9962f,0.0872f,-0.001f,-0.0454f,0.0859f,0.9826f,0.1646f,-0.5117f,0.0153f,0.1639f,-0.9864f,0.6738f,0f,0f,0f,1f],start_interpolation: 0,interpolation_duration: 1}
$data merge entity $(bone_barrel) {transformation: [-0.9962f,0.0872f,-0.001f,0.0565f,0.0859f,0.9826f,0.1646f,-0.6006f,0.0153f,0.1639f,-0.9864f,0.6588f,0f,0f,0f,1f],start_interpolation: 0,interpolation_duration: 1}
$data merge entity $(bone_magazine) {transformation: [-0.9962f,0.0872f,-0.001f,-0.0573f,0.0859f,0.9826f,0.1646f,-0.6104f,0.0153f,0.1639f,-0.9864f,0.4576f,0f,0f,0f,1f],start_interpolation: 0,interpolation_duration: 1}
$data merge entity $(bone_grip) {transformation: [-0.9962f,0.0872f,-0.001f,-0.0573f,0.0859f,0.9826f,0.1646f,-0.6104f,0.0153f,0.1639f,-0.9864f,0.4576f,0f,0f,0f,1f],start_interpolation: 0,interpolation_duration: 1}
$data merge entity $(bone_trigger) {transformation: [-0.9962f,0.0872f,-0.001f,-0.0569f,0.0859f,0.9826f,0.1646f,-0.6112f,0.0153f,0.1639f,-0.9864f,0.4885f,0f,0f,0f,1f],start_interpolation: 0,interpolation_duration: 1}
$data merge entity $(bone_trigger_gaurd) {transformation: [-0.9962f,0.0872f,-0.001f,-0.0543f,0.0859f,0.9826f,0.1646f,-0.5881f,0.0153f,0.1639f,-0.9864f,0.5253f,0f,0f,0f,1f],start_interpolation: 0,interpolation_duration: 1}
$data merge entity $(bone_right_arm) {transformation: [-0.9962f,-0.001f,-0.0872f,-0.0937f,0.0859f,0.1646f,-0.9826f,-0.5743f,0.0153f,-0.9864f,-0.1639f,0.1311f,0f,0f,0f,1f],start_interpolation: 0,interpolation_duration: 1}
$data merge entity $(bone_magazine1) {transformation: [0f,0f,0f,-0.1139f,0f,0f,0f,-0.5495f,0f,0f,0f,0.4904f,0f,0f,0f,1f],start_interpolation: 0,interpolation_duration: 1}
$data merge entity $(bone_left_arm) {transformation: [-0.8343f,0.402f,0.3773f,0.0844f,-0.3262f,0.1918f,-0.9256f,-0.5825f,-0.4445f,-0.8953f,-0.0289f,0.1424f,0f,0f,0f,1f],start_interpolation: 0,interpolation_duration: 1}
data modify entity @s data merge value {"cameras":{},"locators":{"barrel1":{"px":-0.07182459658302047,"py":-0.5903050592062475,"pz":0.825420209287471,"ry":359.94226466271107,"rx":9.474824245806362}}}