# This file was generated by Animated Java via MC-Build. It is not recommended to edit this file directly.
$data merge entity $(bone_muzzleflash) {transformation: [0f,0f,0f,-0.2029f,0f,0f,0f,-0.9421f,0f,0f,0f,0.4216f,0f,0f,0f,1f],start_interpolation: 0,interpolation_duration: 1}
$data merge entity $(bone_slide) {transformation: [-0.9962f,0.0872f,-0.001f,-0.0454f,0.0858f,0.9828f,0.1635f,-0.51f,0.0152f,0.1628f,-0.9865f,0.6725f,0f,0f,0f,1f],start_interpolation: 0,interpolation_duration: 1}
$data merge entity $(bone_barrel) {transformation: [-0.9962f,0.0872f,-0.001f,0.0565f,0.0858f,0.9828f,0.1635f,-0.5989f,0.0152f,0.1628f,-0.9865f,0.6577f,0f,0f,0f,1f],start_interpolation: 0,interpolation_duration: 1}
$data merge entity $(bone_magazine) {transformation: [-0.9962f,0.0872f,-0.001f,-0.0572f,0.0858f,0.9828f,0.1635f,-0.6089f,0.0152f,0.1628f,-0.9865f,0.4565f,0f,0f,0f,1f],start_interpolation: 0,interpolation_duration: 1}
$data merge entity $(bone_grip) {transformation: [-0.9962f,0.0872f,-0.001f,-0.0572f,0.0858f,0.9828f,0.1635f,-0.6089f,0.0152f,0.1628f,-0.9865f,0.4565f,0f,0f,0f,1f],start_interpolation: 0,interpolation_duration: 1}
$data merge entity $(bone_trigger) {transformation: [-0.9962f,0.0872f,-0.001f,-0.0568f,0.0858f,0.9828f,0.1635f,-0.6096f,0.0152f,0.1628f,-0.9865f,0.4874f,0f,0f,0f,1f],start_interpolation: 0,interpolation_duration: 1}
$data merge entity $(bone_trigger_gaurd) {transformation: [-0.9962f,0.0872f,-0.001f,-0.0543f,0.0858f,0.9828f,0.1635f,-0.5866f,0.0152f,0.1628f,-0.9865f,0.5241f,0f,0f,0f,1f],start_interpolation: 0,interpolation_duration: 1}
$data merge entity $(bone_right_arm) {transformation: [-0.9962f,-0.001f,-0.0872f,-0.0937f,0.0858f,0.1635f,-0.9828f,-0.5732f,0.0152f,-0.9865f,-0.1628f,0.1299f,0f,0f,0f,1f],start_interpolation: 0,interpolation_duration: 1}
$data merge entity $(bone_magazine1) {transformation: [0f,0f,0f,-0.1139f,0f,0f,0f,-0.5479f,0f,0f,0f,0.4893f,0f,0f,0f,1f],start_interpolation: 0,interpolation_duration: 1}
$data merge entity $(bone_left_arm) {transformation: [-0.8343f,0.402f,0.3774f,0.0845f,-0.3267f,0.1909f,-0.9256f,-0.5814f,-0.4441f,-0.8955f,-0.0279f,0.1412f,0f,0f,0f,1f],start_interpolation: 0,interpolation_duration: 1}
data modify entity @s data merge value {"cameras":{},"locators":{"barrel1":{"px":-0.07181240028414501,"py":-0.5884057782706315,"pz":0.8242853412522728,"ry":359.94171366018054,"rx":9.411827551791536}}}