# This file was generated by Animated Java via MC-Build. It is not recommended to edit this file directly.
$data merge entity $(bone_muzzleflash) {transformation: [0f,0f,0f,-0.2029f,0f,0f,0f,-0.9405f,0f,0f,0f,0.4209f,0f,0f,0f,1f],start_interpolation: 0,interpolation_duration: 1}
$data merge entity $(bone_slide) {transformation: [-0.9962f,0.0871f,-0.001f,-0.0454f,0.0858f,0.983f,0.1623f,-0.5081f,0.0151f,0.1616f,-0.9867f,0.6713f,0f,0f,0f,1f],start_interpolation: 0,interpolation_duration: 1}
$data merge entity $(bone_barrel) {transformation: [-0.9962f,0.0871f,-0.001f,0.0565f,0.0858f,0.983f,0.1623f,-0.5971f,0.0151f,0.1616f,-0.9867f,0.6566f,0f,0f,0f,1f],start_interpolation: 0,interpolation_duration: 1}
$data merge entity $(bone_magazine) {transformation: [-0.9962f,0.0871f,-0.001f,-0.0572f,0.0858f,0.983f,0.1623f,-0.6073f,0.0151f,0.1616f,-0.9867f,0.4554f,0f,0f,0f,1f],start_interpolation: 0,interpolation_duration: 1}
$data merge entity $(bone_grip) {transformation: [-0.9962f,0.0871f,-0.001f,-0.0572f,0.0858f,0.983f,0.1623f,-0.6073f,0.0151f,0.1616f,-0.9867f,0.4554f,0f,0f,0f,1f],start_interpolation: 0,interpolation_duration: 1}
$data merge entity $(bone_trigger) {transformation: [-0.9962f,0.0871f,-0.001f,-0.0568f,0.0858f,0.983f,0.1623f,-0.608f,0.0151f,0.1616f,-0.9867f,0.4863f,0f,0f,0f,1f],start_interpolation: 0,interpolation_duration: 1}
$data merge entity $(bone_trigger_gaurd) {transformation: [-0.9962f,0.0871f,-0.001f,-0.0543f,0.0858f,0.983f,0.1623f,-0.5849f,0.0151f,0.1616f,-0.9867f,0.523f,0f,0f,0f,1f],start_interpolation: 0,interpolation_duration: 1}
$data merge entity $(bone_right_arm) {transformation: [-0.9962f,-0.001f,-0.0871f,-0.0937f,0.0858f,0.1623f,-0.983f,-0.572f,0.0151f,-0.9867f,-0.1616f,0.1288f,0f,0f,0f,1f],start_interpolation: 0,interpolation_duration: 1}
$data merge entity $(bone_magazine1) {transformation: [0f,0f,0f,-0.1139f,0f,0f,0f,-0.5463f,0f,0f,0f,0.4881f,0f,0f,0f,1f],start_interpolation: 0,interpolation_duration: 1}
$data merge entity $(bone_left_arm) {transformation: [-0.8343f,0.4019f,0.3774f,0.0845f,-0.3273f,0.1898f,-0.9256f,-0.5802f,-0.4437f,-0.8958f,-0.0268f,0.14f,0f,0f,0f,1f],start_interpolation: 0,interpolation_duration: 1}
data modify entity @s data merge value {"cameras":{},"locators":{"barrel1":{"px":-0.07179957957727848,"py":-0.5863685964013726,"pz":0.8231329924533648,"ry":359.9411396729584,"rx":9.34191654765994}}}