# This file was generated by Animated Java via MC-Build. It is not recommended to edit this file directly.
$data merge entity $(bone_muzzleflash) {transformation: [0f,0f,0f,-0.2028f,0f,0f,0f,-0.9389f,0f,0f,0f,0.4202f,0f,0f,0f,1f],start_interpolation: 0,interpolation_duration: 1}
$data merge entity $(bone_slide) {transformation: [-0.9962f,0.087f,-0.001f,-0.0454f,0.0857f,0.9832f,0.161f,-0.5061f,0.015f,0.1603f,-0.987f,0.67f,0f,0f,0f,1f],start_interpolation: 0,interpolation_duration: 1}
$data merge entity $(bone_barrel) {transformation: [-0.9962f,0.087f,-0.001f,0.0565f,0.0857f,0.9832f,0.161f,-0.5951f,0.015f,0.1603f,-0.987f,0.6554f,0f,0f,0f,1f],start_interpolation: 0,interpolation_duration: 1}
$data merge entity $(bone_magazine) {transformation: [-0.9962f,0.087f,-0.001f,-0.0572f,0.0857f,0.9832f,0.161f,-0.6057f,0.015f,0.1603f,-0.987f,0.4542f,0f,0f,0f,1f],start_interpolation: 0,interpolation_duration: 1}
$data merge entity $(bone_grip) {transformation: [-0.9962f,0.087f,-0.001f,-0.0572f,0.0857f,0.9832f,0.161f,-0.6057f,0.015f,0.1603f,-0.987f,0.4542f,0f,0f,0f,1f],start_interpolation: 0,interpolation_duration: 1}
$data merge entity $(bone_trigger) {transformation: [-0.9962f,0.087f,-0.001f,-0.0568f,0.0857f,0.9832f,0.161f,-0.6063f,0.015f,0.1603f,-0.987f,0.4852f,0f,0f,0f,1f],start_interpolation: 0,interpolation_duration: 1}
$data merge entity $(bone_trigger_gaurd) {transformation: [-0.9962f,0.087f,-0.001f,-0.0543f,0.0857f,0.9832f,0.161f,-0.5831f,0.015f,0.1603f,-0.987f,0.5218f,0f,0f,0f,1f],start_interpolation: 0,interpolation_duration: 1}
$data merge entity $(bone_right_arm) {transformation: [-0.9962f,-0.001f,-0.087f,-0.0936f,0.0857f,0.161f,-0.9832f,-0.5708f,0.015f,-0.987f,-0.1603f,0.1276f,0f,0f,0f,1f],start_interpolation: 0,interpolation_duration: 1}
$data merge entity $(bone_magazine1) {transformation: [0f,0f,0f,-0.1139f,0f,0f,0f,-0.5446f,0f,0f,0f,0.4868f,0f,0f,0f,1f],start_interpolation: 0,interpolation_duration: 1}
$data merge entity $(bone_left_arm) {transformation: [-0.8342f,0.4019f,0.3775f,0.0845f,-0.328f,0.1886f,-0.9257f,-0.5789f,-0.4433f,-0.896f,-0.0255f,0.1389f,0f,0f,0f,1f],start_interpolation: 0,interpolation_duration: 1}
data modify entity @s data merge value {"cameras":{},"locators":{"barrel1":{"px":-0.07178621023406145,"py":-0.5841976177789385,"pz":0.8219636043842943,"ry":359.9405471061499,"rx":9.265296321863781}}}