# This file was generated by Animated Java via MC-Build. It is not recommended to edit this file directly.
$data merge entity $(bone_muzzleflash) {transformation: [0f,0f,0f,-0.2028f,0f,0f,0f,-0.9372f,0f,0f,0f,0.4196f,0f,0f,0f,1f],start_interpolation: 0,interpolation_duration: 1}
$data merge entity $(bone_slide) {transformation: [-0.9962f,0.087f,-0.001f,-0.0454f,0.0857f,0.9835f,0.1596f,-0.5041f,0.0149f,0.1589f,-0.9872f,0.6687f,0f,0f,0f,1f],start_interpolation: 0,interpolation_duration: 1}
$data merge entity $(bone_barrel) {transformation: [-0.9962f,0.087f,-0.001f,0.0565f,0.0857f,0.9835f,0.1596f,-0.593f,0.0149f,0.1589f,-0.9872f,0.6542f,0f,0f,0f,1f],start_interpolation: 0,interpolation_duration: 1}
$data merge entity $(bone_magazine) {transformation: [-0.9962f,0.087f,-0.001f,-0.0572f,0.0857f,0.9835f,0.1596f,-0.6039f,0.0149f,0.1589f,-0.9872f,0.4531f,0f,0f,0f,1f],start_interpolation: 0,interpolation_duration: 1}
$data merge entity $(bone_grip) {transformation: [-0.9962f,0.087f,-0.001f,-0.0572f,0.0857f,0.9835f,0.1596f,-0.6039f,0.0149f,0.1589f,-0.9872f,0.4531f,0f,0f,0f,1f],start_interpolation: 0,interpolation_duration: 1}
$data merge entity $(bone_trigger) {transformation: [-0.9962f,0.087f,-0.001f,-0.0568f,0.0857f,0.9835f,0.1596f,-0.6045f,0.0149f,0.1589f,-0.9872f,0.484f,0f,0f,0f,1f],start_interpolation: 0,interpolation_duration: 1}
$data merge entity $(bone_trigger_gaurd) {transformation: [-0.9962f,0.087f,-0.001f,-0.0542f,0.0857f,0.9835f,0.1596f,-0.5813f,0.0149f,0.1589f,-0.9872f,0.5206f,0f,0f,0f,1f],start_interpolation: 0,interpolation_duration: 1}
$data merge entity $(bone_right_arm) {transformation: [-0.9962f,-0.001f,-0.087f,-0.0936f,0.0857f,0.1596f,-0.9835f,-0.5695f,0.0149f,-0.9872f,-0.1589f,0.1264f,0f,0f,0f,1f],start_interpolation: 0,interpolation_duration: 1}
$data merge entity $(bone_magazine1) {transformation: [0f,0f,0f,-0.1139f,0f,0f,0f,-0.5428f,0f,0f,0f,0.4856f,0f,0f,0f,1f],start_interpolation: 0,interpolation_duration: 1}
$data merge entity $(bone_left_arm) {transformation: [-0.8342f,0.4019f,0.3776f,0.0845f,-0.3287f,0.1874f,-0.9257f,-0.5776f,-0.4428f,-0.8963f,-0.0242f,0.1377f,0f,0f,0f,1f],start_interpolation: 0,interpolation_duration: 1}
data modify entity @s data merge value {"cameras":{},"locators":{"barrel1":{"px":-0.0717723681905943,"py":-0.5818969427746443,"pz":0.8207776026022545,"ry":359.9399403717264,"rx":9.182171963545908}}}