# This file was generated by Animated Java via MC-Build. It is not recommended to edit this file directly.
$data merge entity $(bone_muzzleflash) {transformation: [0f,0f,0f,-0.2027f,0f,0f,0f,-0.9354f,0f,0f,0f,0.4189f,0f,0f,0f,1f],start_interpolation: 0,interpolation_duration: 1}
$data merge entity $(bone_slide) {transformation: [-0.9962f,0.0869f,-0.001f,-0.0454f,0.0856f,0.9837f,0.158f,-0.5019f,0.0148f,0.1573f,-0.9874f,0.6674f,0f,0f,0f,1f],start_interpolation: 0,interpolation_duration: 1}
$data merge entity $(bone_barrel) {transformation: [-0.9962f,0.0869f,-0.001f,0.0565f,0.0856f,0.9837f,0.158f,-0.5909f,0.0148f,0.1573f,-0.9874f,0.653f,0f,0f,0f,1f],start_interpolation: 0,interpolation_duration: 1}
$data merge entity $(bone_magazine) {transformation: [-0.9962f,0.0869f,-0.001f,-0.0572f,0.0856f,0.9837f,0.158f,-0.602f,0.0148f,0.1573f,-0.9874f,0.4519f,0f,0f,0f,1f],start_interpolation: 0,interpolation_duration: 1}
$data merge entity $(bone_grip) {transformation: [-0.9962f,0.0869f,-0.001f,-0.0572f,0.0856f,0.9837f,0.158f,-0.602f,0.0148f,0.1573f,-0.9874f,0.4519f,0f,0f,0f,1f],start_interpolation: 0,interpolation_duration: 1}
$data merge entity $(bone_trigger) {transformation: [-0.9962f,0.0869f,-0.001f,-0.0568f,0.0856f,0.9837f,0.158f,-0.6026f,0.0148f,0.1573f,-0.9874f,0.4828f,0f,0f,0f,1f],start_interpolation: 0,interpolation_duration: 1}
$data merge entity $(bone_trigger_gaurd) {transformation: [-0.9962f,0.0869f,-0.001f,-0.0542f,0.0856f,0.9837f,0.158f,-0.5793f,0.0148f,0.1573f,-0.9874f,0.5194f,0f,0f,0f,1f],start_interpolation: 0,interpolation_duration: 1}
$data merge entity $(bone_right_arm) {transformation: [-0.9962f,-0.001f,-0.0869f,-0.0936f,0.0856f,0.158f,-0.9837f,-0.5681f,0.0148f,-0.9874f,-0.1573f,0.1252f,0f,0f,0f,1f],start_interpolation: 0,interpolation_duration: 1}
$data merge entity $(bone_magazine1) {transformation: [0f,0f,0f,-0.1139f,0f,0f,0f,-0.5409f,0f,0f,0f,0.4843f,0f,0f,0f,1f],start_interpolation: 0,interpolation_duration: 1}
$data merge entity $(bone_left_arm) {transformation: [-0.8342f,0.4019f,0.3776f,0.0845f,-0.3294f,0.186f,-0.9257f,-0.5762f,-0.4423f,-0.8966f,-0.0228f,0.1365f,0f,0f,0f,1f],start_interpolation: 0,interpolation_duration: 1}
data modify entity @s data merge value {"cameras":{},"locators":{"barrel1":{"px":-0.07175812926490026,"py":-0.5794706689232322,"pz":0.8195753995280719,"ry":359.9393238641078,"rx":9.092748562625447}}}