# This file was generated by Animated Java via MC-Build. It is not recommended to edit this file directly.
$data merge entity $(bone_muzzleflash) {transformation: [0f,0f,0f,-0.2027f,0f,0f,0f,-0.9335f,0f,0f,0f,0.4183f,0f,0f,0f,1f],start_interpolation: 0,interpolation_duration: 1}
$data merge entity $(bone_slide) {transformation: [-0.9962f,0.0868f,-0.0011f,-0.0454f,0.0856f,0.984f,0.1564f,-0.4996f,0.0146f,0.1557f,-0.9877f,0.6661f,0f,0f,0f,1f],start_interpolation: 0,interpolation_duration: 1}
$data merge entity $(bone_barrel) {transformation: [-0.9962f,0.0868f,-0.0011f,0.0566f,0.0856f,0.984f,0.1564f,-0.5886f,0.0146f,0.1557f,-0.9877f,0.6519f,0f,0f,0f,1f],start_interpolation: 0,interpolation_duration: 1}
$data merge entity $(bone_magazine) {transformation: [-0.9962f,0.0868f,-0.0011f,-0.0572f,0.0856f,0.984f,0.1564f,-0.6001f,0.0146f,0.1557f,-0.9877f,0.4507f,0f,0f,0f,1f],start_interpolation: 0,interpolation_duration: 1}
$data merge entity $(bone_grip) {transformation: [-0.9962f,0.0868f,-0.0011f,-0.0572f,0.0856f,0.984f,0.1564f,-0.6001f,0.0146f,0.1557f,-0.9877f,0.4507f,0f,0f,0f,1f],start_interpolation: 0,interpolation_duration: 1}
$data merge entity $(bone_trigger) {transformation: [-0.9962f,0.0868f,-0.0011f,-0.0568f,0.0856f,0.984f,0.1564f,-0.6006f,0.0146f,0.1557f,-0.9877f,0.4817f,0f,0f,0f,1f],start_interpolation: 0,interpolation_duration: 1}
$data merge entity $(bone_trigger_gaurd) {transformation: [-0.9962f,0.0868f,-0.0011f,-0.0542f,0.0856f,0.984f,0.1564f,-0.5773f,0.0146f,0.1557f,-0.9877f,0.5182f,0f,0f,0f,1f],start_interpolation: 0,interpolation_duration: 1}
$data merge entity $(bone_right_arm) {transformation: [-0.9962f,-0.0011f,-0.0868f,-0.0936f,0.0856f,0.1564f,-0.984f,-0.5667f,0.0146f,-0.9877f,-0.1557f,0.1239f,0f,0f,0f,1f],start_interpolation: 0,interpolation_duration: 1}
$data merge entity $(bone_magazine1) {transformation: [0f,0f,0f,-0.1139f,0f,0f,0f,-0.5389f,0f,0f,0f,0.483f,0f,0f,0f,1f],start_interpolation: 0,interpolation_duration: 1}
$data merge entity $(bone_left_arm) {transformation: [-0.8342f,0.4019f,0.3777f,0.0845f,-0.3302f,0.1845f,-0.9257f,-0.5748f,-0.4417f,-0.8969f,-0.0212f,0.1352f,0f,0f,0f,1f],start_interpolation: 0,interpolation_duration: 1}
data modify entity @s data merge value {"cameras":{},"locators":{"barrel1":{"px":-0.07174356888623365,"py":-0.5769228918614109,"pz":0.8183573971610955,"ry":359.93870193688895,"rx":8.997231209867143}}}