# This file was generated by Animated Java via MC-Build. It is not recommended to edit this file directly.
$data merge entity $(bone_muzzleflash) {transformation: [0f,0f,0f,-0.2253f,0f,0f,0f,-0.7472f,0f,0f,0f,0.3994f,0f,0f,0f,1f],start_interpolation: 0,interpolation_duration: 1}
$data merge entity $(bone_slide) {transformation: [-0.9913f,0.1319f,-0.0011f,-0.0469f,0.1319f,0.9912f,-0.0048f,-0.2866f,0.0005f,-0.0049f,-1f,0.574f,0f,0f,0f,1f],start_interpolation: 0,interpolation_duration: 1}
$data merge entity $(bone_barrel) {transformation: [-0.9913f,0.1319f,-0.0011f,0.0508f,0.1319f,0.9912f,-0.0048f,-0.3813f,0.0005f,-0.0049f,-1f,0.5743f,0f,0f,0f,1f],start_interpolation: 0,interpolation_duration: 1}
$data merge entity $(bone_magazine) {transformation: [-0.9913f,0.1319f,-0.0011f,-0.0647f,0.1319f,0.9912f,-0.0048f,-0.4199f,0.0005f,-0.0049f,-1f,0.3777f,0f,0f,0f,1f],start_interpolation: 0,interpolation_duration: 1}
$data merge entity $(bone_grip) {transformation: [-0.9913f,0.1319f,-0.0011f,-0.0647f,0.1319f,0.9912f,-0.0048f,-0.4199f,0.0005f,-0.0049f,-1f,0.3777f,0f,0f,0f,1f],start_interpolation: 0,interpolation_duration: 1}
$data merge entity $(bone_trigger) {transformation: [-0.9913f,0.1319f,-0.0011f,-0.0641f,0.1319f,0.9912f,-0.0048f,-0.4154f,0.0005f,-0.0049f,-1f,0.4083f,0f,0f,0f,1f],start_interpolation: 0,interpolation_duration: 1}
$data merge entity $(bone_trigger_gaurd) {transformation: [-0.9913f,0.1319f,-0.0011f,-0.0603f,0.1319f,0.9912f,-0.0048f,-0.3866f,0.0005f,-0.0049f,-1f,0.4406f,0f,0f,0f,1f],start_interpolation: 0,interpolation_duration: 1}
$data merge entity $(bone_right_arm) {transformation: [-0.9913f,-0.0011f,-0.1319f,-0.102f,0.1319f,-0.0048f,-0.9912f,-0.4379f,0.0005f,-1f,0.0049f,0.0498f,0f,0f,0f,1f],start_interpolation: 0,interpolation_duration: 1}
$data merge entity $(bone_magazine1) {transformation: [0f,0f,0f,-0.1184f,0f,0f,0f,-0.3517f,0f,0f,0f,0.3997f,0f,0f,0f,1f],start_interpolation: 0,interpolation_duration: 1}
$data merge entity $(bone_left_arm) {transformation: [-0.8513f,0.4033f,0.3357f,0.0757f,-0.3588f,0.0193f,-0.9332f,-0.4521f,-0.3828f,-0.9149f,0.1283f,0.0623f,0f,0f,0f,1f],start_interpolation: 0,interpolation_duration: 1}
data modify entity @s data merge value {"cameras":{},"locators":{"barrel1":{"px":-0.07561435735399205,"py":-0.3371619964870589,"pz":0.7367653768225069,"ry":359.93416932862647,"rx":-0.27277574260127774}}}