# This file was generated by Animated Java via MC-Build. It is not recommended to edit this file directly.
$data merge entity $(bone_muzzleflash) {transformation: [0f,0f,0f,-0.2027f,0f,0f,0f,-0.9316f,0f,0f,0f,0.4177f,0f,0f,0f,1f],start_interpolation: 0,interpolation_duration: 1}
$data merge entity $(bone_slide) {transformation: [-0.9962f,0.0867f,-0.0011f,-0.0454f,0.0855f,0.9843f,0.1546f,-0.4972f,0.0145f,0.154f,-0.988f,0.6647f,0f,0f,0f,1f],start_interpolation: 0,interpolation_duration: 1}
$data merge entity $(bone_barrel) {transformation: [-0.9962f,0.0867f,-0.0011f,0.0566f,0.0855f,0.9843f,0.1546f,-0.5862f,0.0145f,0.154f,-0.988f,0.6506f,0f,0f,0f,1f],start_interpolation: 0,interpolation_duration: 1}
$data merge entity $(bone_magazine) {transformation: [-0.9962f,0.0867f,-0.0011f,-0.0572f,0.0855f,0.9843f,0.1546f,-0.5981f,0.0145f,0.154f,-0.988f,0.4495f,0f,0f,0f,1f],start_interpolation: 0,interpolation_duration: 1}
$data merge entity $(bone_grip) {transformation: [-0.9962f,0.0867f,-0.0011f,-0.0572f,0.0855f,0.9843f,0.1546f,-0.5981f,0.0145f,0.154f,-0.988f,0.4495f,0f,0f,0f,1f],start_interpolation: 0,interpolation_duration: 1}
$data merge entity $(bone_trigger) {transformation: [-0.9962f,0.0867f,-0.0011f,-0.0567f,0.0855f,0.9843f,0.1546f,-0.5985f,0.0145f,0.154f,-0.988f,0.4805f,0f,0f,0f,1f],start_interpolation: 0,interpolation_duration: 1}
$data merge entity $(bone_trigger_gaurd) {transformation: [-0.9962f,0.0867f,-0.0011f,-0.0542f,0.0855f,0.9843f,0.1546f,-0.5751f,0.0145f,0.154f,-0.988f,0.517f,0f,0f,0f,1f],start_interpolation: 0,interpolation_duration: 1}
$data merge entity $(bone_right_arm) {transformation: [-0.9962f,-0.0011f,-0.0867f,-0.0936f,0.0855f,0.1546f,-0.9843f,-0.5653f,0.0145f,-0.988f,-0.154f,0.1227f,0f,0f,0f,1f],start_interpolation: 0,interpolation_duration: 1}
$data merge entity $(bone_magazine1) {transformation: [0f,0f,0f,-0.1138f,0f,0f,0f,-0.5368f,0f,0f,0f,0.4817f,0f,0f,0f,1f],start_interpolation: 0,interpolation_duration: 1}
$data merge entity $(bone_left_arm) {transformation: [-0.8341f,0.4019f,0.3778f,0.0845f,-0.3311f,0.183f,-0.9257f,-0.5733f,-0.4411f,-0.8972f,-0.0196f,0.134f,0f,0f,0f,1f],start_interpolation: 0,interpolation_duration: 1}
data modify entity @s data merge value {"cameras":{},"locators":{"barrel1":{"px":-0.07172876183617041,"py":-0.5742577062300216,"pz":0.8171239897096951,"ry":359.9380788807157,"rx":8.895824996934302}}}