# This file was generated by Animated Java via MC-Build. It is not recommended to edit this file directly.
$data merge entity $(bone_muzzleflash) {transformation: [0f,0f,0f,-0.2026f,0f,0f,0f,-0.9296f,0f,0f,0f,0.4171f,0f,0f,0f,1f],start_interpolation: 0,interpolation_duration: 1}
$data merge entity $(bone_slide) {transformation: [-0.9962f,0.0867f,-0.0011f,-0.0454f,0.0855f,0.9846f,0.1528f,-0.4947f,0.0143f,0.1521f,-0.9883f,0.6633f,0f,0f,0f,1f],start_interpolation: 0,interpolation_duration: 1}
$data merge entity $(bone_barrel) {transformation: [-0.9962f,0.0867f,-0.0011f,0.0566f,0.0855f,0.9846f,0.1528f,-0.5837f,0.0143f,0.1521f,-0.9883f,0.6494f,0f,0f,0f,1f],start_interpolation: 0,interpolation_duration: 1}
$data merge entity $(bone_magazine) {transformation: [-0.9962f,0.0867f,-0.0011f,-0.0571f,0.0855f,0.9846f,0.1528f,-0.596f,0.0143f,0.1521f,-0.9883f,0.4483f,0f,0f,0f,1f],start_interpolation: 0,interpolation_duration: 1}
$data merge entity $(bone_grip) {transformation: [-0.9962f,0.0867f,-0.0011f,-0.0571f,0.0855f,0.9846f,0.1528f,-0.596f,0.0143f,0.1521f,-0.9883f,0.4483f,0f,0f,0f,1f],start_interpolation: 0,interpolation_duration: 1}
$data merge entity $(bone_trigger) {transformation: [-0.9962f,0.0867f,-0.0011f,-0.0567f,0.0855f,0.9846f,0.1528f,-0.5964f,0.0143f,0.1521f,-0.9883f,0.4793f,0f,0f,0f,1f],start_interpolation: 0,interpolation_duration: 1}
$data merge entity $(bone_trigger_gaurd) {transformation: [-0.9962f,0.0867f,-0.0011f,-0.0542f,0.0855f,0.9846f,0.1528f,-0.5729f,0.0143f,0.1521f,-0.9883f,0.5157f,0f,0f,0f,1f],start_interpolation: 0,interpolation_duration: 1}
$data merge entity $(bone_right_arm) {transformation: [-0.9962f,-0.0011f,-0.0867f,-0.0936f,0.0855f,0.1528f,-0.9846f,-0.5638f,0.0143f,-0.9883f,-0.1521f,0.1214f,0f,0f,0f,1f],start_interpolation: 0,interpolation_duration: 1}
$data merge entity $(bone_magazine1) {transformation: [0f,0f,0f,-0.1138f,0f,0f,0f,-0.5347f,0f,0f,0f,0.4804f,0f,0f,0f,1f],start_interpolation: 0,interpolation_duration: 1}
$data merge entity $(bone_left_arm) {transformation: [-0.8341f,0.4019f,0.3779f,0.0846f,-0.332f,0.1813f,-0.9257f,-0.5718f,-0.4405f,-0.8976f,-0.0178f,0.1328f,0f,0f,0f,1f],start_interpolation: 0,interpolation_duration: 1}
data modify entity @s data merge value {"cameras":{},"locators":{"barrel1":{"px":-0.07171378200143502,"py":-0.5714792065377605,"pz":0.8158755661379726,"ry":359.93745890231537,"rx":8.788735016424956}}}