# This file was generated by Animated Java via MC-Build. It is not recommended to edit this file directly.
$data merge entity $(bone_muzzleflash) {transformation: [0f,0f,0f,-0.2026f,0f,0f,0f,-0.9275f,0f,0f,0f,0.4165f,0f,0f,0f,1f],start_interpolation: 0,interpolation_duration: 1}
$data merge entity $(bone_slide) {transformation: [-0.9962f,0.0866f,-0.0011f,-0.0453f,0.0854f,0.9849f,0.1508f,-0.4921f,0.0141f,0.1502f,-0.9886f,0.6619f,0f,0f,0f,1f],start_interpolation: 0,interpolation_duration: 1}
$data merge entity $(bone_barrel) {transformation: [-0.9962f,0.0866f,-0.0011f,0.0566f,0.0854f,0.9849f,0.1508f,-0.5811f,0.0141f,0.1502f,-0.9886f,0.6482f,0f,0f,0f,1f],start_interpolation: 0,interpolation_duration: 1}
$data merge entity $(bone_magazine) {transformation: [-0.9962f,0.0866f,-0.0011f,-0.0571f,0.0854f,0.9849f,0.1508f,-0.5938f,0.0141f,0.1502f,-0.9886f,0.4471f,0f,0f,0f,1f],start_interpolation: 0,interpolation_duration: 1}
$data merge entity $(bone_grip) {transformation: [-0.9962f,0.0866f,-0.0011f,-0.0571f,0.0854f,0.9849f,0.1508f,-0.5938f,0.0141f,0.1502f,-0.9886f,0.4471f,0f,0f,0f,1f],start_interpolation: 0,interpolation_duration: 1}
$data merge entity $(bone_trigger) {transformation: [-0.9962f,0.0866f,-0.0011f,-0.0567f,0.0854f,0.9849f,0.1508f,-0.5941f,0.0141f,0.1502f,-0.9886f,0.4781f,0f,0f,0f,1f],start_interpolation: 0,interpolation_duration: 1}
$data merge entity $(bone_trigger_gaurd) {transformation: [-0.9962f,0.0866f,-0.0011f,-0.0542f,0.0854f,0.9849f,0.1508f,-0.5706f,0.0141f,0.1502f,-0.9886f,0.5145f,0f,0f,0f,1f],start_interpolation: 0,interpolation_duration: 1}
$data merge entity $(bone_right_arm) {transformation: [-0.9962f,-0.0011f,-0.0866f,-0.0936f,0.0854f,0.1508f,-0.9849f,-0.5623f,0.0141f,-0.9886f,-0.1502f,0.1201f,0f,0f,0f,1f],start_interpolation: 0,interpolation_duration: 1}
$data merge entity $(bone_magazine1) {transformation: [0f,0f,0f,-0.1138f,0f,0f,0f,-0.5325f,0f,0f,0f,0.4791f,0f,0f,0f,1f],start_interpolation: 0,interpolation_duration: 1}
$data merge entity $(bone_left_arm) {transformation: [-0.8341f,0.4019f,0.3779f,0.0846f,-0.3329f,0.1796f,-0.9257f,-0.5703f,-0.4399f,-0.8979f,-0.016f,0.1315f,0f,0f,0f,1f],start_interpolation: 0,interpolation_duration: 1}
data modify entity @s data merge value {"cameras":{},"locators":{"barrel1":{"px":-0.07169870213843313,"py":-0.5685914879846491,"pz":0.8146125126291917,"ry":359.93684610468017,"rx":8.67616636189156}}}