# This file was generated by Animated Java via MC-Build. It is not recommended to edit this file directly.
$data merge entity $(bone_muzzleflash) {transformation: [0f,0f,0f,-0.2025f,0f,0f,0f,-0.9253f,0f,0f,0f,0.416f,0f,0f,0f,1f],start_interpolation: 0,interpolation_duration: 1}
$data merge entity $(bone_slide) {transformation: [-0.9963f,0.0865f,-0.0011f,-0.0453f,0.0854f,0.9852f,0.1488f,-0.4894f,0.014f,0.1482f,-0.9889f,0.6604f,0f,0f,0f,1f],start_interpolation: 0,interpolation_duration: 1}
$data merge entity $(bone_barrel) {transformation: [-0.9963f,0.0865f,-0.0011f,0.0566f,0.0854f,0.9852f,0.1488f,-0.5785f,0.014f,0.1482f,-0.9889f,0.6469f,0f,0f,0f,1f],start_interpolation: 0,interpolation_duration: 1}
$data merge entity $(bone_magazine) {transformation: [-0.9963f,0.0865f,-0.0011f,-0.0571f,0.0854f,0.9852f,0.1488f,-0.5916f,0.014f,0.1482f,-0.9889f,0.4459f,0f,0f,0f,1f],start_interpolation: 0,interpolation_duration: 1}
$data merge entity $(bone_grip) {transformation: [-0.9963f,0.0865f,-0.0011f,-0.0571f,0.0854f,0.9852f,0.1488f,-0.5916f,0.014f,0.1482f,-0.9889f,0.4459f,0f,0f,0f,1f],start_interpolation: 0,interpolation_duration: 1}
$data merge entity $(bone_trigger) {transformation: [-0.9963f,0.0865f,-0.0011f,-0.0567f,0.0854f,0.9852f,0.1488f,-0.5918f,0.014f,0.1482f,-0.9889f,0.4768f,0f,0f,0f,1f],start_interpolation: 0,interpolation_duration: 1}
$data merge entity $(bone_trigger_gaurd) {transformation: [-0.9963f,0.0865f,-0.0011f,-0.0542f,0.0854f,0.9852f,0.1488f,-0.5682f,0.014f,0.1482f,-0.9889f,0.5132f,0f,0f,0f,1f],start_interpolation: 0,interpolation_duration: 1}
$data merge entity $(bone_right_arm) {transformation: [-0.9963f,-0.0011f,-0.0865f,-0.0935f,0.0854f,0.1488f,-0.9852f,-0.5607f,0.014f,-0.9889f,-0.1482f,0.1188f,0f,0f,0f,1f],start_interpolation: 0,interpolation_duration: 1}
$data merge entity $(bone_magazine1) {transformation: [0f,0f,0f,-0.1138f,0f,0f,0f,-0.5302f,0f,0f,0f,0.4777f,0f,0f,0f,1f],start_interpolation: 0,interpolation_duration: 1}
$data merge entity $(bone_left_arm) {transformation: [-0.834f,0.4018f,0.378f,0.0846f,-0.3339f,0.1778f,-0.9257f,-0.5687f,-0.4392f,-0.8983f,-0.0141f,0.1302f,0f,0f,0f,1f],start_interpolation: 0,interpolation_duration: 1}
data modify entity @s data merge value {"cameras":{},"locators":{"barrel1":{"px":-0.07168359364947662,"py":-0.5655986472436898,"pz":0.8133352149663436,"ry":359.93624446840636,"rx":8.558324127844294}}}