# This file was generated by Animated Java via MC-Build. It is not recommended to edit this file directly.
$data merge entity $(bone_muzzleflash) {transformation: [0f,0f,0f,-0.2025f,0f,0f,0f,-0.9231f,0f,0f,0f,0.4155f,0f,0f,0f,1f],start_interpolation: 0,interpolation_duration: 1}
$data merge entity $(bone_slide) {transformation: [-0.9963f,0.0864f,-0.0011f,-0.0453f,0.0853f,0.9855f,0.1467f,-0.4866f,0.0138f,0.1461f,-0.9892f,0.659f,0f,0f,0f,1f],start_interpolation: 0,interpolation_duration: 1}
$data merge entity $(bone_barrel) {transformation: [-0.9963f,0.0864f,-0.0011f,0.0566f,0.0853f,0.9855f,0.1467f,-0.5757f,0.0138f,0.1461f,-0.9892f,0.6457f,0f,0f,0f,1f],start_interpolation: 0,interpolation_duration: 1}
$data merge entity $(bone_magazine) {transformation: [-0.9963f,0.0864f,-0.0011f,-0.0571f,0.0853f,0.9855f,0.1467f,-0.5893f,0.0138f,0.1461f,-0.9892f,0.4447f,0f,0f,0f,1f],start_interpolation: 0,interpolation_duration: 1}
$data merge entity $(bone_grip) {transformation: [-0.9963f,0.0864f,-0.0011f,-0.0571f,0.0853f,0.9855f,0.1467f,-0.5893f,0.0138f,0.1461f,-0.9892f,0.4447f,0f,0f,0f,1f],start_interpolation: 0,interpolation_duration: 1}
$data merge entity $(bone_trigger) {transformation: [-0.9963f,0.0864f,-0.0011f,-0.0567f,0.0853f,0.9855f,0.1467f,-0.5895f,0.0138f,0.1461f,-0.9892f,0.4756f,0f,0f,0f,1f],start_interpolation: 0,interpolation_duration: 1}
$data merge entity $(bone_trigger_gaurd) {transformation: [-0.9963f,0.0864f,-0.0011f,-0.0541f,0.0853f,0.9855f,0.1467f,-0.5658f,0.0138f,0.1461f,-0.9892f,0.5119f,0f,0f,0f,1f],start_interpolation: 0,interpolation_duration: 1}
$data merge entity $(bone_right_arm) {transformation: [-0.9963f,-0.0011f,-0.0864f,-0.0935f,0.0853f,0.1467f,-0.9855f,-0.5591f,0.0138f,-0.9892f,-0.1461f,0.1175f,0f,0f,0f,1f],start_interpolation: 0,interpolation_duration: 1}
$data merge entity $(bone_magazine1) {transformation: [0f,0f,0f,-0.1138f,0f,0f,0f,-0.5278f,0f,0f,0f,0.4764f,0f,0f,0f,1f],start_interpolation: 0,interpolation_duration: 1}
$data merge entity $(bone_left_arm) {transformation: [-0.834f,0.4018f,0.3781f,0.0846f,-0.3349f,0.1759f,-0.9257f,-0.567f,-0.4385f,-0.8987f,-0.0121f,0.1289f,0f,0f,0f,1f],start_interpolation: 0,interpolation_duration: 1}
data modify entity @s data merge value {"cameras":{},"locators":{"barrel1":{"px":-0.07166852637070167,"py":-0.5625047831993921,"pz":0.8120440608301651,"ry":359.9356578341843,"rx":8.435413409738485}}}