# This file was generated by Animated Java via MC-Build. It is not recommended to edit this file directly.
$data merge entity $(bone_muzzleflash) {transformation: [0f,0f,0f,-0.2024f,0f,0f,0f,-0.9208f,0f,0f,0f,0.415f,0f,0f,0f,1f],start_interpolation: 0,interpolation_duration: 1}
$data merge entity $(bone_slide) {transformation: [-0.9963f,0.0863f,-0.0011f,-0.0453f,0.0852f,0.9858f,0.1445f,-0.4838f,0.0136f,0.1439f,-0.9895f,0.6575f,0f,0f,0f,1f],start_interpolation: 0,interpolation_duration: 1}
$data merge entity $(bone_barrel) {transformation: [-0.9963f,0.0863f,-0.0011f,0.0567f,0.0852f,0.9858f,0.1445f,-0.5729f,0.0136f,0.1439f,-0.9895f,0.6444f,0f,0f,0f,1f],start_interpolation: 0,interpolation_duration: 1}
$data merge entity $(bone_magazine) {transformation: [-0.9963f,0.0863f,-0.0011f,-0.0571f,0.0852f,0.9858f,0.1445f,-0.5869f,0.0136f,0.1439f,-0.9895f,0.4434f,0f,0f,0f,1f],start_interpolation: 0,interpolation_duration: 1}
$data merge entity $(bone_grip) {transformation: [-0.9963f,0.0863f,-0.0011f,-0.0571f,0.0852f,0.9858f,0.1445f,-0.5869f,0.0136f,0.1439f,-0.9895f,0.4434f,0f,0f,0f,1f],start_interpolation: 0,interpolation_duration: 1}
$data merge entity $(bone_trigger) {transformation: [-0.9963f,0.0863f,-0.0011f,-0.0567f,0.0852f,0.9858f,0.1445f,-0.587f,0.0136f,0.1439f,-0.9895f,0.4744f,0f,0f,0f,1f],start_interpolation: 0,interpolation_duration: 1}
$data merge entity $(bone_trigger_gaurd) {transformation: [-0.9963f,0.0863f,-0.0011f,-0.0541f,0.0852f,0.9858f,0.1445f,-0.5633f,0.0136f,0.1439f,-0.9895f,0.5106f,0f,0f,0f,1f],start_interpolation: 0,interpolation_duration: 1}
$data merge entity $(bone_right_arm) {transformation: [-0.9963f,-0.0011f,-0.0863f,-0.0935f,0.0852f,0.1445f,-0.9858f,-0.5575f,0.0136f,-0.9895f,-0.1439f,0.1162f,0f,0f,0f,1f],start_interpolation: 0,interpolation_duration: 1}
$data merge entity $(bone_magazine1) {transformation: [0f,0f,0f,-0.1138f,0f,0f,0f,-0.5253f,0f,0f,0f,0.475f,0f,0f,0f,1f],start_interpolation: 0,interpolation_duration: 1}
$data merge entity $(bone_left_arm) {transformation: [-0.834f,0.4018f,0.3782f,0.0846f,-0.336f,0.1739f,-0.9257f,-0.5653f,-0.4377f,-0.8991f,-0.0101f,0.1277f,0f,0f,0f,1f],start_interpolation: 0,interpolation_duration: 1}
data modify entity @s data merge value {"cameras":{},"locators":{"barrel1":{"px":-0.07165356837169423,"py":-0.5593139976420787,"pz":0.8107394420148429,"ry":359.93508988643885,"rx":8.307639303946772}}}