# This file was generated by Animated Java via MC-Build. It is not recommended to edit this file directly.
$data merge entity $(bone_muzzleflash) {transformation: [0f,0f,0f,-0.2024f,0f,0f,0f,-0.9184f,0f,0f,0f,0.4145f,0f,0f,0f,1f],start_interpolation: 0,interpolation_duration: 1}
$data merge entity $(bone_slide) {transformation: [-0.9963f,0.0862f,-0.0011f,-0.0453f,0.0852f,0.9862f,0.1422f,-0.4809f,0.0134f,0.1416f,-0.9898f,0.656f,0f,0f,0f,1f],start_interpolation: 0,interpolation_duration: 1}
$data merge entity $(bone_barrel) {transformation: [-0.9963f,0.0862f,-0.0011f,0.0567f,0.0852f,0.9862f,0.1422f,-0.57f,0.0134f,0.1416f,-0.9898f,0.6431f,0f,0f,0f,1f],start_interpolation: 0,interpolation_duration: 1}
$data merge entity $(bone_magazine) {transformation: [-0.9963f,0.0862f,-0.0011f,-0.057f,0.0852f,0.9862f,0.1422f,-0.5845f,0.0134f,0.1416f,-0.9898f,0.4422f,0f,0f,0f,1f],start_interpolation: 0,interpolation_duration: 1}
$data merge entity $(bone_grip) {transformation: [-0.9963f,0.0862f,-0.0011f,-0.057f,0.0852f,0.9862f,0.1422f,-0.5845f,0.0134f,0.1416f,-0.9898f,0.4422f,0f,0f,0f,1f],start_interpolation: 0,interpolation_duration: 1}
$data merge entity $(bone_trigger) {transformation: [-0.9963f,0.0862f,-0.0011f,-0.0566f,0.0852f,0.9862f,0.1422f,-0.5845f,0.0134f,0.1416f,-0.9898f,0.4731f,0f,0f,0f,1f],start_interpolation: 0,interpolation_duration: 1}
$data merge entity $(bone_trigger_gaurd) {transformation: [-0.9963f,0.0862f,-0.0011f,-0.0541f,0.0852f,0.9862f,0.1422f,-0.5607f,0.0134f,0.1416f,-0.9898f,0.5093f,0f,0f,0f,1f],start_interpolation: 0,interpolation_duration: 1}
$data merge entity $(bone_right_arm) {transformation: [-0.9963f,-0.0011f,-0.0862f,-0.0935f,0.0852f,0.1422f,-0.9862f,-0.5558f,0.0134f,-0.9898f,-0.1416f,0.1149f,0f,0f,0f,1f],start_interpolation: 0,interpolation_duration: 1}
$data merge entity $(bone_magazine1) {transformation: [0f,0f,0f,-0.1138f,0f,0f,0f,-0.5228f,0f,0f,0f,0.4736f,0f,0f,0f,1f],start_interpolation: 0,interpolation_duration: 1}
$data merge entity $(bone_left_arm) {transformation: [-0.834f,0.4018f,0.3783f,0.0846f,-0.337f,0.1719f,-0.9257f,-0.5636f,-0.437f,-0.8994f,-0.0079f,0.1264f,0f,0f,0f,1f],start_interpolation: 0,interpolation_duration: 1}
data modify entity @s data merge value {"cameras":{},"locators":{"barrel1":{"px":-0.07163878576685033,"py":-0.5560303959171082,"pz":0.8094217565615554,"ry":359.9345441381124,"rx":8.175206907716658}}}