# This file was generated by Animated Java via MC-Build. It is not recommended to edit this file directly.
$data merge entity $(bone_muzzleflash) {transformation: [0f,0f,0f,-0.2023f,0f,0f,0f,-0.916f,0f,0f,0f,0.414f,0f,0f,0f,1f],start_interpolation: 0,interpolation_duration: 1}
$data merge entity $(bone_slide) {transformation: [-0.9963f,0.0861f,-0.0011f,-0.0453f,0.0851f,0.9865f,0.1398f,-0.4778f,0.0132f,0.1392f,-0.9902f,0.6545f,0f,0f,0f,1f],start_interpolation: 0,interpolation_duration: 1}
$data merge entity $(bone_barrel) {transformation: [-0.9963f,0.0861f,-0.0011f,0.0567f,0.0851f,0.9865f,0.1398f,-0.567f,0.0132f,0.1392f,-0.9902f,0.6418f,0f,0f,0f,1f],start_interpolation: 0,interpolation_duration: 1}
$data merge entity $(bone_magazine) {transformation: [-0.9963f,0.0861f,-0.0011f,-0.057f,0.0851f,0.9865f,0.1398f,-0.582f,0.0132f,0.1392f,-0.9902f,0.4409f,0f,0f,0f,1f],start_interpolation: 0,interpolation_duration: 1}
$data merge entity $(bone_grip) {transformation: [-0.9963f,0.0861f,-0.0011f,-0.057f,0.0851f,0.9865f,0.1398f,-0.582f,0.0132f,0.1392f,-0.9902f,0.4409f,0f,0f,0f,1f],start_interpolation: 0,interpolation_duration: 1}
$data merge entity $(bone_trigger) {transformation: [-0.9963f,0.0861f,-0.0011f,-0.0566f,0.0851f,0.9865f,0.1398f,-0.582f,0.0132f,0.1392f,-0.9902f,0.4718f,0f,0f,0f,1f],start_interpolation: 0,interpolation_duration: 1}
$data merge entity $(bone_trigger_gaurd) {transformation: [-0.9963f,0.0861f,-0.0011f,-0.0541f,0.0851f,0.9865f,0.1398f,-0.558f,0.0132f,0.1392f,-0.9902f,0.508f,0f,0f,0f,1f],start_interpolation: 0,interpolation_duration: 1}
$data merge entity $(bone_right_arm) {transformation: [-0.9963f,-0.0011f,-0.0861f,-0.0935f,0.0851f,0.1398f,-0.9865f,-0.5541f,0.0132f,-0.9902f,-0.1392f,0.1136f,0f,0f,0f,1f],start_interpolation: 0,interpolation_duration: 1}
$data merge entity $(bone_magazine1) {transformation: [0f,0f,0f,-0.1138f,0f,0f,0f,-0.5203f,0f,0f,0f,0.4722f,0f,0f,0f,1f],start_interpolation: 0,interpolation_duration: 1}
$data merge entity $(bone_left_arm) {transformation: [-0.8339f,0.4018f,0.3783f,0.0847f,-0.3382f,0.1698f,-0.9256f,-0.5619f,-0.4362f,-0.8999f,-0.0057f,0.125f,0f,0f,0f,1f],start_interpolation: 0,interpolation_duration: 1}
data modify entity @s data merge value {"cameras":{},"locators":{"barrel1":{"px":-0.07162424253851052,"py":-0.5526580875283732,"pz":0.8080914108099156,"ry":359.9340239165877,"rx":8.038321319114347}}}