# This file was generated by Animated Java via MC-Build. It is not recommended to edit this file directly.
$data merge entity $(bone_muzzleflash) {transformation: [0f,0f,0f,-0.2023f,0f,0f,0f,-0.9135f,0f,0f,0f,0.4136f,0f,0f,0f,1f],start_interpolation: 0,interpolation_duration: 1}
$data merge entity $(bone_slide) {transformation: [-0.9963f,0.086f,-0.0011f,-0.0453f,0.0851f,0.9869f,0.1374f,-0.4748f,0.013f,0.1368f,-0.9905f,0.653f,0f,0f,0f,1f],start_interpolation: 0,interpolation_duration: 1}
$data merge entity $(bone_barrel) {transformation: [-0.9963f,0.086f,-0.0011f,0.0567f,0.0851f,0.9869f,0.1374f,-0.5639f,0.013f,0.1368f,-0.9905f,0.6405f,0f,0f,0f,1f],start_interpolation: 0,interpolation_duration: 1}
$data merge entity $(bone_magazine) {transformation: [-0.9963f,0.086f,-0.0011f,-0.057f,0.0851f,0.9869f,0.1374f,-0.5794f,0.013f,0.1368f,-0.9905f,0.4396f,0f,0f,0f,1f],start_interpolation: 0,interpolation_duration: 1}
$data merge entity $(bone_grip) {transformation: [-0.9963f,0.086f,-0.0011f,-0.057f,0.0851f,0.9869f,0.1374f,-0.5794f,0.013f,0.1368f,-0.9905f,0.4396f,0f,0f,0f,1f],start_interpolation: 0,interpolation_duration: 1}
$data merge entity $(bone_trigger) {transformation: [-0.9963f,0.086f,-0.0011f,-0.0566f,0.0851f,0.9869f,0.1374f,-0.5793f,0.013f,0.1368f,-0.9905f,0.4706f,0f,0f,0f,1f],start_interpolation: 0,interpolation_duration: 1}
$data merge entity $(bone_trigger_gaurd) {transformation: [-0.9963f,0.086f,-0.0011f,-0.0541f,0.0851f,0.9869f,0.1374f,-0.5553f,0.013f,0.1368f,-0.9905f,0.5067f,0f,0f,0f,1f],start_interpolation: 0,interpolation_duration: 1}
$data merge entity $(bone_right_arm) {transformation: [-0.9963f,-0.0011f,-0.086f,-0.0935f,0.0851f,0.1374f,-0.9869f,-0.5524f,0.013f,-0.9905f,-0.1368f,0.1123f,0f,0f,0f,1f],start_interpolation: 0,interpolation_duration: 1}
$data merge entity $(bone_magazine1) {transformation: [0f,0f,0f,-0.1137f,0f,0f,0f,-0.5177f,0f,0f,0f,0.4708f,0f,0f,0f,1f],start_interpolation: 0,interpolation_duration: 1}
$data merge entity $(bone_left_arm) {transformation: [-0.8339f,0.4018f,0.3784f,0.0847f,-0.3393f,0.1676f,-0.9256f,-0.5601f,-0.4353f,-0.9003f,-0.0034f,0.1237f,0f,0f,0f,1f],start_interpolation: 0,interpolation_duration: 1}
data modify entity @s data merge value {"cameras":{},"locators":{"barrel1":{"px":-0.07161000037191813,"py":-0.5492011866956247,"pz":0.8067488213673166,"ry":359.93353235073994,"rx":7.89718763695589}}}