# This file was generated by Animated Java via MC-Build. It is not recommended to edit this file directly.
$data merge entity $(bone_muzzleflash) {transformation: [0f,0f,0f,-0.2022f,0f,0f,0f,-0.911f,0f,0f,0f,0.4132f,0f,0f,0f,1f],start_interpolation: 0,interpolation_duration: 1}
$data merge entity $(bone_slide) {transformation: [-0.9963f,0.086f,-0.0012f,-0.0453f,0.085f,0.9872f,0.1349f,-0.4716f,0.0127f,0.1343f,-0.9909f,0.6514f,0f,0f,0f,1f],start_interpolation: 0,interpolation_duration: 1}
$data merge entity $(bone_barrel) {transformation: [-0.9963f,0.086f,-0.0012f,0.0567f,0.085f,0.9872f,0.1349f,-0.5608f,0.0127f,0.1343f,-0.9909f,0.6392f,0f,0f,0f,1f],start_interpolation: 0,interpolation_duration: 1}
$data merge entity $(bone_magazine) {transformation: [-0.9963f,0.086f,-0.0012f,-0.057f,0.085f,0.9872f,0.1349f,-0.5768f,0.0127f,0.1343f,-0.9909f,0.4384f,0f,0f,0f,1f],start_interpolation: 0,interpolation_duration: 1}
$data merge entity $(bone_grip) {transformation: [-0.9963f,0.086f,-0.0012f,-0.057f,0.085f,0.9872f,0.1349f,-0.5768f,0.0127f,0.1343f,-0.9909f,0.4384f,0f,0f,0f,1f],start_interpolation: 0,interpolation_duration: 1}
$data merge entity $(bone_trigger) {transformation: [-0.9963f,0.086f,-0.0012f,-0.0566f,0.085f,0.9872f,0.1349f,-0.5766f,0.0127f,0.1343f,-0.9909f,0.4693f,0f,0f,0f,1f],start_interpolation: 0,interpolation_duration: 1}
$data merge entity $(bone_trigger_gaurd) {transformation: [-0.9963f,0.086f,-0.0012f,-0.0541f,0.085f,0.9872f,0.1349f,-0.5525f,0.0127f,0.1343f,-0.9909f,0.5053f,0f,0f,0f,1f],start_interpolation: 0,interpolation_duration: 1}
$data merge entity $(bone_right_arm) {transformation: [-0.9963f,-0.0012f,-0.086f,-0.0934f,0.085f,0.1349f,-0.9872f,-0.5506f,0.0127f,-0.9909f,-0.1343f,0.1109f,0f,0f,0f,1f],start_interpolation: 0,interpolation_duration: 1}
$data merge entity $(bone_magazine1) {transformation: [0f,0f,0f,-0.1137f,0f,0f,0f,-0.515f,0f,0f,0f,0.4693f,0f,0f,0f,1f],start_interpolation: 0,interpolation_duration: 1}
$data merge entity $(bone_left_arm) {transformation: [-0.8339f,0.4018f,0.3785f,0.0847f,-0.3405f,0.1653f,-0.9256f,-0.5582f,-0.4345f,-0.9007f,-0.0011f,0.1224f,0f,0f,0f,1f],start_interpolation: 0,interpolation_duration: 1}
data modify entity @s data merge value {"cameras":{},"locators":{"barrel1":{"px":-0.07159611850205985,"py":-0.5456638128653926,"pz":0.8053944169960924,"ry":359.9330723591137,"rx":7.752010960726617}}}