# This file was generated by Animated Java via MC-Build. It is not recommended to edit this file directly.
$data merge entity $(bone_muzzleflash) {transformation: [0f,0f,0f,-0.2255f,0f,0f,0f,-0.7474f,0f,0f,0f,0.3991f,0f,0f,0f,1f],start_interpolation: 0,interpolation_duration: 1}
$data merge entity $(bone_slide) {transformation: [-0.9912f,0.1323f,-0.0011f,-0.0469f,0.1323f,0.9912f,-0.0043f,-0.287f,0.0006f,-0.0044f,-1f,0.574f,0f,0f,0f,1f],start_interpolation: 0,interpolation_duration: 1}
$data merge entity $(bone_barrel) {transformation: [-0.9912f,0.1323f,-0.0011f,0.0508f,0.1323f,0.9912f,-0.0043f,-0.3816f,0.0006f,-0.0044f,-1f,0.5743f,0f,0f,0f,1f],start_interpolation: 0,interpolation_duration: 1}
$data merge entity $(bone_magazine) {transformation: [-0.9912f,0.1323f,-0.0011f,-0.0648f,0.1323f,0.9912f,-0.0043f,-0.4201f,0.0006f,-0.0044f,-1f,0.3776f,0f,0f,0f,1f],start_interpolation: 0,interpolation_duration: 1}
$data merge entity $(bone_grip) {transformation: [-0.9912f,0.1323f,-0.0011f,-0.0648f,0.1323f,0.9912f,-0.0043f,-0.4201f,0.0006f,-0.0044f,-1f,0.3776f,0f,0f,0f,1f],start_interpolation: 0,interpolation_duration: 1}
$data merge entity $(bone_trigger) {transformation: [-0.9912f,0.1323f,-0.0011f,-0.0642f,0.1323f,0.9912f,-0.0043f,-0.4156f,0.0006f,-0.0044f,-1f,0.4082f,0f,0f,0f,1f],start_interpolation: 0,interpolation_duration: 1}
$data merge entity $(bone_trigger_gaurd) {transformation: [-0.9912f,0.1323f,-0.0011f,-0.0603f,0.1323f,0.9912f,-0.0043f,-0.3869f,0.0006f,-0.0044f,-1f,0.4405f,0f,0f,0f,1f],start_interpolation: 0,interpolation_duration: 1}
$data merge entity $(bone_right_arm) {transformation: [-0.9912f,-0.0011f,-0.1323f,-0.102f,0.1323f,-0.0043f,-0.9912f,-0.438f,0.0006f,-1f,0.0044f,0.0497f,0f,0f,0f,1f],start_interpolation: 0,interpolation_duration: 1}
$data merge entity $(bone_magazine1) {transformation: [0f,0f,0f,-0.1184f,0f,0f,0f,-0.352f,0f,0f,0f,0.3996f,0f,0f,0f,1f],start_interpolation: 0,interpolation_duration: 1}
$data merge entity $(bone_left_arm) {transformation: [-0.8514f,0.4033f,0.3354f,0.0756f,-0.3584f,0.0196f,-0.9334f,-0.4522f,-0.383f,-0.9148f,0.1278f,0.0622f,0f,0f,0f,1f],start_interpolation: 0,interpolation_duration: 1}
data modify entity @s data merge value {"cameras":{},"locators":{"barrel1":{"px":-0.07565608355776146,"py":-0.33757257785016404,"pz":0.7367231623646548,"ry":359.9353732504044,"rx":-0.2440999637005279}}}