# This file was generated by Animated Java via MC-Build. It is not recommended to edit this file directly.
$data merge entity $(bone_muzzleflash) {transformation: [0f,0f,0f,-0.2022f,0f,0f,0f,-0.9084f,0f,0f,0f,0.4128f,0f,0f,0f,1f],start_interpolation: 0,interpolation_duration: 1}
$data merge entity $(bone_slide) {transformation: [-0.9963f,0.0859f,-0.0012f,-0.0453f,0.085f,0.9876f,0.1323f,-0.4684f,0.0125f,0.1317f,-0.9912f,0.6499f,0f,0f,0f,1f],start_interpolation: 0,interpolation_duration: 1}
$data merge entity $(bone_barrel) {transformation: [-0.9963f,0.0859f,-0.0012f,0.0567f,0.085f,0.9876f,0.1323f,-0.5576f,0.0125f,0.1317f,-0.9912f,0.6379f,0f,0f,0f,1f],start_interpolation: 0,interpolation_duration: 1}
$data merge entity $(bone_magazine) {transformation: [-0.9963f,0.0859f,-0.0012f,-0.057f,0.085f,0.9876f,0.1323f,-0.5742f,0.0125f,0.1317f,-0.9912f,0.4371f,0f,0f,0f,1f],start_interpolation: 0,interpolation_duration: 1}
$data merge entity $(bone_grip) {transformation: [-0.9963f,0.0859f,-0.0012f,-0.057f,0.085f,0.9876f,0.1323f,-0.5742f,0.0125f,0.1317f,-0.9912f,0.4371f,0f,0f,0f,1f],start_interpolation: 0,interpolation_duration: 1}
$data merge entity $(bone_trigger) {transformation: [-0.9963f,0.0859f,-0.0012f,-0.0566f,0.085f,0.9876f,0.1323f,-0.5739f,0.0125f,0.1317f,-0.9912f,0.468f,0f,0f,0f,1f],start_interpolation: 0,interpolation_duration: 1}
$data merge entity $(bone_trigger_gaurd) {transformation: [-0.9963f,0.0859f,-0.0012f,-0.054f,0.085f,0.9876f,0.1323f,-0.5497f,0.0125f,0.1317f,-0.9912f,0.504f,0f,0f,0f,1f],start_interpolation: 0,interpolation_duration: 1}
$data merge entity $(bone_right_arm) {transformation: [-0.9963f,-0.0012f,-0.0859f,-0.0934f,0.085f,0.1323f,-0.9876f,-0.5488f,0.0125f,-0.9912f,-0.1317f,0.1096f,0f,0f,0f,1f],start_interpolation: 0,interpolation_duration: 1}
$data merge entity $(bone_magazine1) {transformation: [0f,0f,0f,-0.1137f,0f,0f,0f,-0.5122f,0f,0f,0f,0.4679f,0f,0f,0f,1f],start_interpolation: 0,interpolation_duration: 1}
$data merge entity $(bone_left_arm) {transformation: [-0.8338f,0.4018f,0.3786f,0.0847f,-0.3417f,0.163f,-0.9256f,-0.5564f,-0.4336f,-0.9011f,0.0013f,0.1211f,0f,0f,0f,1f],start_interpolation: 0,interpolation_duration: 1}
data modify entity @s data merge value {"cameras":{},"locators":{"barrel1":{"px":-0.07158265357245772,"py":-0.5420500911754479,"pz":0.8040286404183608,"ry":359.9326466392137,"rx":7.602996390490225}}}