# This file was generated by Animated Java via MC-Build. It is not recommended to edit this file directly.
$data merge entity $(bone_muzzleflash) {transformation: [0f,0f,0f,-0.2021f,0f,0f,0f,-0.9058f,0f,0f,0f,0.4124f,0f,0f,0f,1f],start_interpolation: 0,interpolation_duration: 1}
$data merge entity $(bone_slide) {transformation: [-0.9963f,0.0858f,-0.0012f,-0.0453f,0.0849f,0.9879f,0.1297f,-0.4651f,0.0123f,0.1291f,-0.9916f,0.6483f,0f,0f,0f,1f],start_interpolation: 0,interpolation_duration: 1}
$data merge entity $(bone_barrel) {transformation: [-0.9963f,0.0858f,-0.0012f,0.0568f,0.0849f,0.9879f,0.1297f,-0.5544f,0.0123f,0.1291f,-0.9916f,0.6365f,0f,0f,0f,1f],start_interpolation: 0,interpolation_duration: 1}
$data merge entity $(bone_magazine) {transformation: [-0.9963f,0.0858f,-0.0012f,-0.057f,0.0849f,0.9879f,0.1297f,-0.5715f,0.0123f,0.1291f,-0.9916f,0.4358f,0f,0f,0f,1f],start_interpolation: 0,interpolation_duration: 1}
$data merge entity $(bone_grip) {transformation: [-0.9963f,0.0858f,-0.0012f,-0.057f,0.0849f,0.9879f,0.1297f,-0.5715f,0.0123f,0.1291f,-0.9916f,0.4358f,0f,0f,0f,1f],start_interpolation: 0,interpolation_duration: 1}
$data merge entity $(bone_trigger) {transformation: [-0.9963f,0.0858f,-0.0012f,-0.0565f,0.0849f,0.9879f,0.1297f,-0.5711f,0.0123f,0.1291f,-0.9916f,0.4667f,0f,0f,0f,1f],start_interpolation: 0,interpolation_duration: 1}
$data merge entity $(bone_trigger_gaurd) {transformation: [-0.9963f,0.0858f,-0.0012f,-0.054f,0.0849f,0.9879f,0.1297f,-0.5468f,0.0123f,0.1291f,-0.9916f,0.5026f,0f,0f,0f,1f],start_interpolation: 0,interpolation_duration: 1}
$data merge entity $(bone_right_arm) {transformation: [-0.9963f,-0.0012f,-0.0858f,-0.0934f,0.0849f,0.1297f,-0.9879f,-0.5469f,0.0123f,-0.9916f,-0.1291f,0.1082f,0f,0f,0f,1f],start_interpolation: 0,interpolation_duration: 1}
$data merge entity $(bone_magazine1) {transformation: [0f,0f,0f,-0.1137f,0f,0f,0f,-0.5094f,0f,0f,0f,0.4664f,0f,0f,0f,1f],start_interpolation: 0,interpolation_duration: 1}
$data merge entity $(bone_left_arm) {transformation: [-0.8338f,0.4017f,0.3787f,0.0847f,-0.3429f,0.1607f,-0.9255f,-0.5545f,-0.4327f,-0.9015f,0.0038f,0.1197f,0f,0f,0f,1f],start_interpolation: 0,interpolation_duration: 1}
data modify entity @s data merge value {"cameras":{},"locators":{"barrel1":{"px":-0.07156965950598583,"py":-0.5383641528729408,"pz":0.8026519500383404,"ry":359.93225765790146,"rx":7.450349026788602}}}