# This file was generated by Animated Java via MC-Build. It is not recommended to edit this file directly.
$data merge entity $(bone_muzzleflash) {transformation: [0f,0f,0f,-0.2021f,0f,0f,0f,-0.9031f,0f,0f,0f,0.412f,0f,0f,0f,1f],start_interpolation: 0,interpolation_duration: 1}
$data merge entity $(bone_slide) {transformation: [-0.9963f,0.0857f,-0.0012f,-0.0453f,0.0848f,0.9883f,0.127f,-0.4618f,0.012f,0.1264f,-0.9919f,0.6467f,0f,0f,0f,1f],start_interpolation: 0,interpolation_duration: 1}
$data merge entity $(bone_barrel) {transformation: [-0.9963f,0.0857f,-0.0012f,0.0568f,0.0848f,0.9883f,0.127f,-0.5511f,0.012f,0.1264f,-0.9919f,0.6352f,0f,0f,0f,1f],start_interpolation: 0,interpolation_duration: 1}
$data merge entity $(bone_magazine) {transformation: [-0.9963f,0.0857f,-0.0012f,-0.0569f,0.0848f,0.9883f,0.127f,-0.5687f,0.012f,0.1264f,-0.9919f,0.4345f,0f,0f,0f,1f],start_interpolation: 0,interpolation_duration: 1}
$data merge entity $(bone_grip) {transformation: [-0.9963f,0.0857f,-0.0012f,-0.0569f,0.0848f,0.9883f,0.127f,-0.5687f,0.012f,0.1264f,-0.9919f,0.4345f,0f,0f,0f,1f],start_interpolation: 0,interpolation_duration: 1}
$data merge entity $(bone_trigger) {transformation: [-0.9963f,0.0857f,-0.0012f,-0.0565f,0.0848f,0.9883f,0.127f,-0.5683f,0.012f,0.1264f,-0.9919f,0.4654f,0f,0f,0f,1f],start_interpolation: 0,interpolation_duration: 1}
$data merge entity $(bone_trigger_gaurd) {transformation: [-0.9963f,0.0857f,-0.0012f,-0.054f,0.0848f,0.9883f,0.127f,-0.5438f,0.012f,0.1264f,-0.9919f,0.5013f,0f,0f,0f,1f],start_interpolation: 0,interpolation_duration: 1}
$data merge entity $(bone_right_arm) {transformation: [-0.9963f,-0.0012f,-0.0857f,-0.0934f,0.0848f,0.127f,-0.9883f,-0.5451f,0.012f,-0.9919f,-0.1264f,0.1068f,0f,0f,0f,1f],start_interpolation: 0,interpolation_duration: 1}
$data merge entity $(bone_magazine1) {transformation: [0f,0f,0f,-0.1137f,0f,0f,0f,-0.5066f,0f,0f,0f,0.465f,0f,0f,0f,1f],start_interpolation: 0,interpolation_duration: 1}
$data merge entity $(bone_left_arm) {transformation: [-0.8338f,0.4017f,0.3788f,0.0847f,-0.3442f,0.1583f,-0.9255f,-0.5526f,-0.4317f,-0.902f,0.0063f,0.1184f,0f,0f,0f,1f],start_interpolation: 0,interpolation_duration: 1}
data modify entity @s data merge value {"cameras":{},"locators":{"barrel1":{"px":-0.07155718738779351,"py":-0.5346101356865255,"pz":0.8012648215818827,"ry":359.9319076428872,"rx":7.294273970533818}}}