# This file was generated by Animated Java via MC-Build. It is not recommended to edit this file directly.
$data merge entity $(bone_muzzleflash) {transformation: [0f,0f,0f,-0.202f,0f,0f,0f,-0.9004f,0f,0f,0f,0.4116f,0f,0f,0f,1f],start_interpolation: 0,interpolation_duration: 1}
$data merge entity $(bone_slide) {transformation: [-0.9963f,0.0856f,-0.0012f,-0.0453f,0.0848f,0.9886f,0.1242f,-0.4584f,0.0118f,0.1237f,-0.9923f,0.6451f,0f,0f,0f,1f],start_interpolation: 0,interpolation_duration: 1}
$data merge entity $(bone_barrel) {transformation: [-0.9963f,0.0856f,-0.0012f,0.0568f,0.0848f,0.9886f,0.1242f,-0.5477f,0.0118f,0.1237f,-0.9923f,0.6338f,0f,0f,0f,1f],start_interpolation: 0,interpolation_duration: 1}
$data merge entity $(bone_magazine) {transformation: [-0.9963f,0.0856f,-0.0012f,-0.0569f,0.0848f,0.9886f,0.1242f,-0.5659f,0.0118f,0.1237f,-0.9923f,0.4332f,0f,0f,0f,1f],start_interpolation: 0,interpolation_duration: 1}
$data merge entity $(bone_grip) {transformation: [-0.9963f,0.0856f,-0.0012f,-0.0569f,0.0848f,0.9886f,0.1242f,-0.5659f,0.0118f,0.1237f,-0.9923f,0.4332f,0f,0f,0f,1f],start_interpolation: 0,interpolation_duration: 1}
$data merge entity $(bone_trigger) {transformation: [-0.9963f,0.0856f,-0.0012f,-0.0565f,0.0848f,0.9886f,0.1242f,-0.5654f,0.0118f,0.1237f,-0.9923f,0.4641f,0f,0f,0f,1f],start_interpolation: 0,interpolation_duration: 1}
$data merge entity $(bone_trigger_gaurd) {transformation: [-0.9963f,0.0856f,-0.0012f,-0.054f,0.0848f,0.9886f,0.1242f,-0.5409f,0.0118f,0.1237f,-0.9923f,0.4999f,0f,0f,0f,1f],start_interpolation: 0,interpolation_duration: 1}
$data merge entity $(bone_right_arm) {transformation: [-0.9963f,-0.0012f,-0.0856f,-0.0934f,0.0848f,0.1242f,-0.9886f,-0.5432f,0.0118f,-0.9923f,-0.1237f,0.1055f,0f,0f,0f,1f],start_interpolation: 0,interpolation_duration: 1}
$data merge entity $(bone_magazine1) {transformation: [0f,0f,0f,-0.1137f,0f,0f,0f,-0.5037f,0f,0f,0f,0.4635f,0f,0f,0f,1f],start_interpolation: 0,interpolation_duration: 1}
$data merge entity $(bone_left_arm) {transformation: [-0.8337f,0.4017f,0.3788f,0.0848f,-0.3454f,0.1558f,-0.9254f,-0.5507f,-0.4308f,-0.9024f,0.0089f,0.1171f,0f,0f,0f,1f],start_interpolation: 0,interpolation_duration: 1}
data modify entity @s data merge value {"cameras":{},"locators":{"barrel1":{"px":-0.0715452853604214,"py":-0.5307921841529469,"pz":0.7998677496529107,"ry":359.93159857530907,"rx":7.134976322893707}}}