# This file was generated by Animated Java via MC-Build. It is not recommended to edit this file directly.
$data merge entity $(bone_muzzleflash) {transformation: [0f,0f,0f,-0.202f,0f,0f,0f,-0.8976f,0f,0f,0f,0.4112f,0f,0f,0f,1f],start_interpolation: 0,interpolation_duration: 1}
$data merge entity $(bone_slide) {transformation: [-0.9963f,0.0855f,-0.0012f,-0.0453f,0.0847f,0.989f,0.1214f,-0.455f,0.0116f,0.1209f,-0.9926f,0.6435f,0f,0f,0f,1f],start_interpolation: 0,interpolation_duration: 1}
$data merge entity $(bone_barrel) {transformation: [-0.9963f,0.0855f,-0.0012f,0.0568f,0.0847f,0.989f,0.1214f,-0.5443f,0.0116f,0.1209f,-0.9926f,0.6325f,0f,0f,0f,1f],start_interpolation: 0,interpolation_duration: 1}
$data merge entity $(bone_magazine) {transformation: [-0.9963f,0.0855f,-0.0012f,-0.0569f,0.0847f,0.989f,0.1214f,-0.5631f,0.0116f,0.1209f,-0.9926f,0.4319f,0f,0f,0f,1f],start_interpolation: 0,interpolation_duration: 1}
$data merge entity $(bone_grip) {transformation: [-0.9963f,0.0855f,-0.0012f,-0.0569f,0.0847f,0.989f,0.1214f,-0.5631f,0.0116f,0.1209f,-0.9926f,0.4319f,0f,0f,0f,1f],start_interpolation: 0,interpolation_duration: 1}
$data merge entity $(bone_trigger) {transformation: [-0.9963f,0.0855f,-0.0012f,-0.0565f,0.0847f,0.989f,0.1214f,-0.5624f,0.0116f,0.1209f,-0.9926f,0.4628f,0f,0f,0f,1f],start_interpolation: 0,interpolation_duration: 1}
$data merge entity $(bone_trigger_gaurd) {transformation: [-0.9963f,0.0855f,-0.0012f,-0.054f,0.0847f,0.989f,0.1214f,-0.5378f,0.0116f,0.1209f,-0.9926f,0.4985f,0f,0f,0f,1f],start_interpolation: 0,interpolation_duration: 1}
$data merge entity $(bone_right_arm) {transformation: [-0.9963f,-0.0012f,-0.0855f,-0.0934f,0.0847f,0.1214f,-0.989f,-0.5413f,0.0116f,-0.9926f,-0.1209f,0.1041f,0f,0f,0f,1f],start_interpolation: 0,interpolation_duration: 1}
$data merge entity $(bone_magazine1) {transformation: [0f,0f,0f,-0.1137f,0f,0f,0f,-0.5008f,0f,0f,0f,0.462f,0f,0f,0f,1f],start_interpolation: 0,interpolation_duration: 1}
$data merge entity $(bone_left_arm) {transformation: [-0.8337f,0.4017f,0.3789f,0.0848f,-0.3467f,0.1533f,-0.9254f,-0.5487f,-0.4298f,-0.9028f,0.0115f,0.1157f,0f,0f,0f,1f],start_interpolation: 0,interpolation_duration: 1}
data modify entity @s data merge value {"cameras":{},"locators":{"barrel1":{"px":-0.07153399853119899,"py":-0.5269144498987232,"pz":0.7984612492064113,"ry":359.9313321833868,"rx":6.972661185172334}}}