# This file was generated by Animated Java via MC-Build. It is not recommended to edit this file directly.
$data merge entity $(bone_muzzleflash) {transformation: [0f,0f,0f,-0.2019f,0f,0f,0f,-0.8948f,0f,0f,0f,0.4109f,0f,0f,0f,1f],start_interpolation: 0,interpolation_duration: 1}
$data merge entity $(bone_slide) {transformation: [-0.9963f,0.0854f,-0.0012f,-0.0453f,0.0847f,0.9893f,0.1185f,-0.4515f,0.0113f,0.118f,-0.9929f,0.6419f,0f,0f,0f,1f],start_interpolation: 0,interpolation_duration: 1}
$data merge entity $(bone_barrel) {transformation: [-0.9963f,0.0854f,-0.0012f,0.0568f,0.0847f,0.9893f,0.1185f,-0.5408f,0.0113f,0.118f,-0.9929f,0.6311f,0f,0f,0f,1f],start_interpolation: 0,interpolation_duration: 1}
$data merge entity $(bone_magazine) {transformation: [-0.9963f,0.0854f,-0.0012f,-0.0569f,0.0847f,0.9893f,0.1185f,-0.5602f,0.0113f,0.118f,-0.9929f,0.4306f,0f,0f,0f,1f],start_interpolation: 0,interpolation_duration: 1}
$data merge entity $(bone_grip) {transformation: [-0.9963f,0.0854f,-0.0012f,-0.0569f,0.0847f,0.9893f,0.1185f,-0.5602f,0.0113f,0.118f,-0.9929f,0.4306f,0f,0f,0f,1f],start_interpolation: 0,interpolation_duration: 1}
$data merge entity $(bone_trigger) {transformation: [-0.9963f,0.0854f,-0.0012f,-0.0565f,0.0847f,0.9893f,0.1185f,-0.5595f,0.0113f,0.118f,-0.9929f,0.4615f,0f,0f,0f,1f],start_interpolation: 0,interpolation_duration: 1}
$data merge entity $(bone_trigger_gaurd) {transformation: [-0.9963f,0.0854f,-0.0012f,-0.054f,0.0847f,0.9893f,0.1185f,-0.5348f,0.0113f,0.118f,-0.9929f,0.4971f,0f,0f,0f,1f],start_interpolation: 0,interpolation_duration: 1}
$data merge entity $(bone_right_arm) {transformation: [-0.9963f,-0.0012f,-0.0854f,-0.0933f,0.0847f,0.1185f,-0.9893f,-0.5394f,0.0113f,-0.9929f,-0.118f,0.1027f,0f,0f,0f,1f],start_interpolation: 0,interpolation_duration: 1}
$data merge entity $(bone_magazine1) {transformation: [0f,0f,0f,-0.1137f,0f,0f,0f,-0.4979f,0f,0f,0f,0.4605f,0f,0f,0f,1f],start_interpolation: 0,interpolation_duration: 1}
$data merge entity $(bone_left_arm) {transformation: [-0.8337f,0.4017f,0.379f,0.0848f,-0.348f,0.1507f,-0.9253f,-0.5467f,-0.4288f,-0.9033f,0.0142f,0.1144f,0f,0f,0f,1f],start_interpolation: 0,interpolation_duration: 1}
data modify entity @s data merge value {"cameras":{},"locators":{"barrel1":{"px":-0.07152336889201812,"py":-0.5229810918777101,"pz":0.7970458569375851,"ry":359.93110993714333,"rx":6.807533658687113}}}