# This file was generated by Animated Java via MC-Build. It is not recommended to edit this file directly.
$data merge entity $(bone_muzzleflash) {transformation: [0f,0f,0f,-0.2019f,0f,0f,0f,-0.892f,0f,0f,0f,0.4106f,0f,0f,0f,1f],start_interpolation: 0,interpolation_duration: 1}
$data merge entity $(bone_slide) {transformation: [-0.9964f,0.0853f,-0.0012f,-0.0452f,0.0846f,0.9897f,0.1156f,-0.4479f,0.0111f,0.1151f,-0.9933f,0.6403f,0f,0f,0f,1f],start_interpolation: 0,interpolation_duration: 1}
$data merge entity $(bone_barrel) {transformation: [-0.9964f,0.0853f,-0.0012f,0.0568f,0.0846f,0.9897f,0.1156f,-0.5373f,0.0111f,0.1151f,-0.9933f,0.6297f,0f,0f,0f,1f],start_interpolation: 0,interpolation_duration: 1}
$data merge entity $(bone_magazine) {transformation: [-0.9964f,0.0853f,-0.0012f,-0.0569f,0.0846f,0.9897f,0.1156f,-0.5573f,0.0111f,0.1151f,-0.9933f,0.4293f,0f,0f,0f,1f],start_interpolation: 0,interpolation_duration: 1}
$data merge entity $(bone_grip) {transformation: [-0.9964f,0.0853f,-0.0012f,-0.0569f,0.0846f,0.9897f,0.1156f,-0.5573f,0.0111f,0.1151f,-0.9933f,0.4293f,0f,0f,0f,1f],start_interpolation: 0,interpolation_duration: 1}
$data merge entity $(bone_trigger) {transformation: [-0.9964f,0.0853f,-0.0012f,-0.0565f,0.0846f,0.9897f,0.1156f,-0.5565f,0.0111f,0.1151f,-0.9933f,0.4602f,0f,0f,0f,1f],start_interpolation: 0,interpolation_duration: 1}
$data merge entity $(bone_trigger_gaurd) {transformation: [-0.9964f,0.0853f,-0.0012f,-0.054f,0.0846f,0.9897f,0.1156f,-0.5316f,0.0111f,0.1151f,-0.9933f,0.4957f,0f,0f,0f,1f],start_interpolation: 0,interpolation_duration: 1}
$data merge entity $(bone_right_arm) {transformation: [-0.9964f,-0.0012f,-0.0853f,-0.0933f,0.0846f,0.1156f,-0.9897f,-0.5374f,0.0111f,-0.9933f,-0.1151f,0.1014f,0f,0f,0f,1f],start_interpolation: 0,interpolation_duration: 1}
$data merge entity $(bone_magazine1) {transformation: [0f,0f,0f,-0.1137f,0f,0f,0f,-0.4949f,0f,0f,0f,0.459f,0f,0f,0f,1f],start_interpolation: 0,interpolation_duration: 1}
$data merge entity $(bone_left_arm) {transformation: [-0.8336f,0.4017f,0.3791f,0.0848f,-0.3494f,0.1481f,-0.9252f,-0.5447f,-0.4278f,-0.9037f,0.0169f,0.113f,0f,0f,0f,1f],start_interpolation: 0,interpolation_duration: 1}
data modify entity @s data merge value {"cameras":{},"locators":{"barrel1":{"px":-0.07151343525157523,"py":-0.5189962765654742,"pz":0.7956221325867254,"ry":359.93093304418124,"rx":6.639798844643748}}}