# This file was generated by Animated Java via MC-Build. It is not recommended to edit this file directly.
$data merge entity $(bone_muzzleflash) {transformation: [0f,0f,0f,-0.2019f,0f,0f,0f,-0.8891f,0f,0f,0f,0.4102f,0f,0f,0f,1f],start_interpolation: 0,interpolation_duration: 1}
$data merge entity $(bone_slide) {transformation: [-0.9964f,0.0853f,-0.0012f,-0.0452f,0.0846f,0.99f,0.1127f,-0.4444f,0.0108f,0.1122f,-0.9936f,0.6386f,0f,0f,0f,1f],start_interpolation: 0,interpolation_duration: 1}
$data merge entity $(bone_barrel) {transformation: [-0.9964f,0.0853f,-0.0012f,0.0568f,0.0846f,0.99f,0.1127f,-0.5337f,0.0108f,0.1122f,-0.9936f,0.6284f,0f,0f,0f,1f],start_interpolation: 0,interpolation_duration: 1}
$data merge entity $(bone_magazine) {transformation: [-0.9964f,0.0853f,-0.0012f,-0.0569f,0.0846f,0.99f,0.1127f,-0.5543f,0.0108f,0.1122f,-0.9936f,0.4279f,0f,0f,0f,1f],start_interpolation: 0,interpolation_duration: 1}
$data merge entity $(bone_grip) {transformation: [-0.9964f,0.0853f,-0.0012f,-0.0569f,0.0846f,0.99f,0.1127f,-0.5543f,0.0108f,0.1122f,-0.9936f,0.4279f,0f,0f,0f,1f],start_interpolation: 0,interpolation_duration: 1}
$data merge entity $(bone_trigger) {transformation: [-0.9964f,0.0853f,-0.0012f,-0.0564f,0.0846f,0.99f,0.1127f,-0.5534f,0.0108f,0.1122f,-0.9936f,0.4589f,0f,0f,0f,1f],start_interpolation: 0,interpolation_duration: 1}
$data merge entity $(bone_trigger_gaurd) {transformation: [-0.9964f,0.0853f,-0.0012f,-0.0539f,0.0846f,0.99f,0.1127f,-0.5285f,0.0108f,0.1122f,-0.9936f,0.4943f,0f,0f,0f,1f],start_interpolation: 0,interpolation_duration: 1}
$data merge entity $(bone_right_arm) {transformation: [-0.9964f,-0.0012f,-0.0853f,-0.0933f,0.0846f,0.1127f,-0.99f,-0.5354f,0.0108f,-0.9936f,-0.1122f,0.1f,0f,0f,0f,1f],start_interpolation: 0,interpolation_duration: 1}
$data merge entity $(bone_magazine1) {transformation: [0f,0f,0f,-0.1136f,0f,0f,0f,-0.4918f,0f,0f,0f,0.4575f,0f,0f,0f,1f],start_interpolation: 0,interpolation_duration: 1}
$data merge entity $(bone_left_arm) {transformation: [-0.8336f,0.4017f,0.3792f,0.0848f,-0.3507f,0.1454f,-0.9251f,-0.5427f,-0.4268f,-0.9041f,0.0196f,0.1117f,0f,0f,0f,1f],start_interpolation: 0,interpolation_duration: 1}
data modify entity @s data merge value {"cameras":{},"locators":{"barrel1":{"px":-0.07150423318017968,"py":-0.5149641781115343,"pz":0.7941906601593698,"ry":359.9308024465071,"rx":6.4696618440107425}}}