# This file was generated by Animated Java via MC-Build. It is not recommended to edit this file directly.
$data merge entity $(bone_muzzleflash) {transformation: [0f,0f,0f,-0.2018f,0f,0f,0f,-0.8862f,0f,0f,0f,0.4099f,0f,0f,0f,1f],start_interpolation: 0,interpolation_duration: 1}
$data merge entity $(bone_slide) {transformation: [-0.9964f,0.0852f,-0.0012f,-0.0452f,0.0845f,0.9904f,0.1097f,-0.4408f,0.0105f,0.1092f,-0.994f,0.637f,0f,0f,0f,1f],start_interpolation: 0,interpolation_duration: 1}
$data merge entity $(bone_barrel) {transformation: [-0.9964f,0.0852f,-0.0012f,0.0568f,0.0845f,0.9904f,0.1097f,-0.5302f,0.0105f,0.1092f,-0.994f,0.627f,0f,0f,0f,1f],start_interpolation: 0,interpolation_duration: 1}
$data merge entity $(bone_magazine) {transformation: [-0.9964f,0.0852f,-0.0012f,-0.0568f,0.0845f,0.9904f,0.1097f,-0.5513f,0.0105f,0.1092f,-0.994f,0.4266f,0f,0f,0f,1f],start_interpolation: 0,interpolation_duration: 1}
$data merge entity $(bone_grip) {transformation: [-0.9964f,0.0852f,-0.0012f,-0.0568f,0.0845f,0.9904f,0.1097f,-0.5513f,0.0105f,0.1092f,-0.994f,0.4266f,0f,0f,0f,1f],start_interpolation: 0,interpolation_duration: 1}
$data merge entity $(bone_trigger) {transformation: [-0.9964f,0.0852f,-0.0012f,-0.0564f,0.0845f,0.9904f,0.1097f,-0.5504f,0.0105f,0.1092f,-0.994f,0.4575f,0f,0f,0f,1f],start_interpolation: 0,interpolation_duration: 1}
$data merge entity $(bone_trigger_gaurd) {transformation: [-0.9964f,0.0852f,-0.0012f,-0.0539f,0.0845f,0.9904f,0.1097f,-0.5253f,0.0105f,0.1092f,-0.994f,0.4929f,0f,0f,0f,1f],start_interpolation: 0,interpolation_duration: 1}
$data merge entity $(bone_right_arm) {transformation: [-0.9964f,-0.0012f,-0.0852f,-0.0933f,0.0845f,0.1097f,-0.9904f,-0.5335f,0.0105f,-0.994f,-0.1092f,0.0986f,0f,0f,0f,1f],start_interpolation: 0,interpolation_duration: 1}
$data merge entity $(bone_magazine1) {transformation: [0f,0f,0f,-0.1136f,0f,0f,0f,-0.4888f,0f,0f,0f,0.456f,0f,0f,0f,1f],start_interpolation: 0,interpolation_duration: 1}
$data merge entity $(bone_left_arm) {transformation: [-0.8336f,0.4017f,0.3792f,0.0848f,-0.3521f,0.1427f,-0.925f,-0.5407f,-0.4257f,-0.9046f,0.0224f,0.1103f,0f,0f,0f,1f],start_interpolation: 0,interpolation_duration: 1}
data modify entity @s data merge value {"cameras":{},"locators":{"barrel1":{"px":-0.07149579496722117,"py":-0.5108889784506596,"pz":0.7927520490612379,"ry":359.93071881839273,"rx":6.297327757394939}}}