# This file was generated by Animated Java via MC-Build. It is not recommended to edit this file directly.
$data merge entity $(bone_muzzleflash) {transformation: [0f,0f,0f,-0.2018f,0f,0f,0f,-0.8832f,0f,0f,0f,0.4096f,0f,0f,0f,1f],start_interpolation: 0,interpolation_duration: 1}
$data merge entity $(bone_slide) {transformation: [-0.9964f,0.0851f,-0.0012f,-0.0452f,0.0845f,0.9907f,0.1067f,-0.4371f,0.0103f,0.1062f,-0.9943f,0.6353f,0f,0f,0f,1f],start_interpolation: 0,interpolation_duration: 1}
$data merge entity $(bone_barrel) {transformation: [-0.9964f,0.0851f,-0.0012f,0.0569f,0.0845f,0.9907f,0.1067f,-0.5265f,0.0103f,0.1062f,-0.9943f,0.6256f,0f,0f,0f,1f],start_interpolation: 0,interpolation_duration: 1}
$data merge entity $(bone_magazine) {transformation: [-0.9964f,0.0851f,-0.0012f,-0.0568f,0.0845f,0.9907f,0.1067f,-0.5483f,0.0103f,0.1062f,-0.9943f,0.4253f,0f,0f,0f,1f],start_interpolation: 0,interpolation_duration: 1}
$data merge entity $(bone_grip) {transformation: [-0.9964f,0.0851f,-0.0012f,-0.0568f,0.0845f,0.9907f,0.1067f,-0.5483f,0.0103f,0.1062f,-0.9943f,0.4253f,0f,0f,0f,1f],start_interpolation: 0,interpolation_duration: 1}
$data merge entity $(bone_trigger) {transformation: [-0.9964f,0.0851f,-0.0012f,-0.0564f,0.0845f,0.9907f,0.1067f,-0.5473f,0.0103f,0.1062f,-0.9943f,0.4562f,0f,0f,0f,1f],start_interpolation: 0,interpolation_duration: 1}
$data merge entity $(bone_trigger_gaurd) {transformation: [-0.9964f,0.0851f,-0.0012f,-0.0539f,0.0845f,0.9907f,0.1067f,-0.5221f,0.0103f,0.1062f,-0.9943f,0.4915f,0f,0f,0f,1f],start_interpolation: 0,interpolation_duration: 1}
$data merge entity $(bone_right_arm) {transformation: [-0.9964f,-0.0012f,-0.0851f,-0.0933f,0.0845f,0.1067f,-0.9907f,-0.5315f,0.0103f,-0.9943f,-0.1062f,0.0972f,0f,0f,0f,1f],start_interpolation: 0,interpolation_duration: 1}
$data merge entity $(bone_magazine1) {transformation: [0f,0f,0f,-0.1136f,0f,0f,0f,-0.4857f,0f,0f,0f,0.4545f,0f,0f,0f,1f],start_interpolation: 0,interpolation_duration: 1}
$data merge entity $(bone_left_arm) {transformation: [-0.8335f,0.4017f,0.3793f,0.0849f,-0.3534f,0.14f,-0.9249f,-0.5386f,-0.4246f,-0.905f,0.0252f,0.109f,0f,0f,0f,1f],start_interpolation: 0,interpolation_duration: 1}
data modify entity @s data merge value {"cameras":{},"locators":{"barrel1":{"px":-0.07148814959139257,"py":-0.5067748673745279,"pz":0.791306935147457,"ry":359.9306825652665,"rx":6.123001684919545}}}