# This file was generated by Animated Java via MC-Build. It is not recommended to edit this file directly.
$data merge entity $(bone_muzzleflash) {transformation: [0f,0f,0f,-0.2256f,0f,0f,0f,-0.7476f,0f,0f,0f,0.3989f,0f,0f,0f,1f],start_interpolation: 0,interpolation_duration: 1}
$data merge entity $(bone_slide) {transformation: [-0.9912f,0.1326f,-0.0011f,-0.0469f,0.1326f,0.9912f,-0.0037f,-0.2873f,0.0006f,-0.0038f,-1f,0.574f,0f,0f,0f,1f],start_interpolation: 0,interpolation_duration: 1}
$data merge entity $(bone_barrel) {transformation: [-0.9912f,0.1326f,-0.0011f,0.0507f,0.1326f,0.9912f,-0.0037f,-0.382f,0.0006f,-0.0038f,-1f,0.5742f,0f,0f,0f,1f],start_interpolation: 0,interpolation_duration: 1}
$data merge entity $(bone_magazine) {transformation: [-0.9912f,0.1326f,-0.0011f,-0.0649f,0.1326f,0.9912f,-0.0037f,-0.4204f,0.0006f,-0.0038f,-1f,0.3775f,0f,0f,0f,1f],start_interpolation: 0,interpolation_duration: 1}
$data merge entity $(bone_grip) {transformation: [-0.9912f,0.1326f,-0.0011f,-0.0649f,0.1326f,0.9912f,-0.0037f,-0.4204f,0.0006f,-0.0038f,-1f,0.3775f,0f,0f,0f,1f],start_interpolation: 0,interpolation_duration: 1}
$data merge entity $(bone_trigger) {transformation: [-0.9912f,0.1326f,-0.0011f,-0.0642f,0.1326f,0.9912f,-0.0037f,-0.4159f,0.0006f,-0.0038f,-1f,0.4081f,0f,0f,0f,1f],start_interpolation: 0,interpolation_duration: 1}
$data merge entity $(bone_trigger_gaurd) {transformation: [-0.9912f,0.1326f,-0.0011f,-0.0604f,0.1326f,0.9912f,-0.0037f,-0.3872f,0.0006f,-0.0038f,-1f,0.4405f,0f,0f,0f,1f],start_interpolation: 0,interpolation_duration: 1}
$data merge entity $(bone_right_arm) {transformation: [-0.9912f,-0.0011f,-0.1326f,-0.1021f,0.1326f,-0.0037f,-0.9912f,-0.438f,0.0006f,-1f,0.0038f,0.0496f,0f,0f,0f,1f],start_interpolation: 0,interpolation_duration: 1}
$data merge entity $(bone_magazine1) {transformation: [0f,0f,0f,-0.1185f,0f,0f,0f,-0.3522f,0f,0f,0f,0.3996f,0f,0f,0f,1f],start_interpolation: 0,interpolation_duration: 1}
$data merge entity $(bone_left_arm) {transformation: [-0.8515f,0.4034f,0.3351f,0.0756f,-0.3579f,0.02f,-0.9335f,-0.4524f,-0.3833f,-0.9148f,0.1273f,0.0621f,0f,0f,0f,1f],start_interpolation: 0,interpolation_duration: 1}
data modify entity @s data merge value {"cameras":{},"locators":{"barrel1":{"px":-0.07569833357040387,"py":-0.33802914692739133,"pz":0.7366774754467973,"ry":359.93669809941025,"rx":-0.21320413651558778}}}