# This file was generated by Animated Java via MC-Build. It is not recommended to edit this file directly.
$data merge entity $(bone_muzzleflash) {transformation: [0f,0f,0f,-0.2017f,0f,0f,0f,-0.8803f,0f,0f,0f,0.4093f,0f,0f,0f,1f],start_interpolation: 0,interpolation_duration: 1}
$data merge entity $(bone_slide) {transformation: [-0.9964f,0.085f,-0.0012f,-0.0452f,0.0844f,0.991f,0.1036f,-0.4334f,0.01f,0.1031f,-0.9946f,0.6337f,0f,0f,0f,1f],start_interpolation: 0,interpolation_duration: 1}
$data merge entity $(bone_barrel) {transformation: [-0.9964f,0.085f,-0.0012f,0.0569f,0.0844f,0.991f,0.1036f,-0.5229f,0.01f,0.1031f,-0.9946f,0.6242f,0f,0f,0f,1f],start_interpolation: 0,interpolation_duration: 1}
$data merge entity $(bone_magazine) {transformation: [-0.9964f,0.085f,-0.0012f,-0.0568f,0.0844f,0.991f,0.1036f,-0.5453f,0.01f,0.1031f,-0.9946f,0.424f,0f,0f,0f,1f],start_interpolation: 0,interpolation_duration: 1}
$data merge entity $(bone_grip) {transformation: [-0.9964f,0.085f,-0.0012f,-0.0568f,0.0844f,0.991f,0.1036f,-0.5453f,0.01f,0.1031f,-0.9946f,0.424f,0f,0f,0f,1f],start_interpolation: 0,interpolation_duration: 1}
$data merge entity $(bone_trigger) {transformation: [-0.9964f,0.085f,-0.0012f,-0.0564f,0.0844f,0.991f,0.1036f,-0.5442f,0.01f,0.1031f,-0.9946f,0.4549f,0f,0f,0f,1f],start_interpolation: 0,interpolation_duration: 1}
$data merge entity $(bone_trigger_gaurd) {transformation: [-0.9964f,0.085f,-0.0012f,-0.0539f,0.0844f,0.991f,0.1036f,-0.5189f,0.01f,0.1031f,-0.9946f,0.4901f,0f,0f,0f,1f],start_interpolation: 0,interpolation_duration: 1}
$data merge entity $(bone_right_arm) {transformation: [-0.9964f,-0.0012f,-0.085f,-0.0933f,0.0844f,0.1036f,-0.991f,-0.5294f,0.01f,-0.9946f,-0.1031f,0.0959f,0f,0f,0f,1f],start_interpolation: 0,interpolation_duration: 1}
$data merge entity $(bone_magazine1) {transformation: [0f,0f,0f,-0.1136f,0f,0f,0f,-0.4826f,0f,0f,0f,0.453f,0f,0f,0f,1f],start_interpolation: 0,interpolation_duration: 1}
$data merge entity $(bone_left_arm) {transformation: [-0.8335f,0.4017f,0.3794f,0.0849f,-0.3548f,0.1373f,-0.9248f,-0.5366f,-0.4236f,-0.9054f,0.0281f,0.1076f,0f,0f,0f,1f],start_interpolation: 0,interpolation_duration: 1}
data modify entity @s data merge value {"cameras":{},"locators":{"barrel1":{"px":-0.07148132270375919,"py":-0.5026260425651573,"pz":0.789855981685556,"ry":359.9306938236243,"rx":5.946888726106283}}}