# This file was generated by Animated Java via MC-Build. It is not recommended to edit this file directly.
$data merge entity $(bone_muzzleflash) {transformation: [0f,0f,0f,-0.2017f,0f,0f,0f,-0.8773f,0f,0f,0f,0.409f,0f,0f,0f,1f],start_interpolation: 0,interpolation_duration: 1}
$data merge entity $(bone_slide) {transformation: [-0.9964f,0.0849f,-0.0012f,-0.0452f,0.0844f,0.9913f,0.1005f,-0.4297f,0.0097f,0.1001f,-0.9949f,0.632f,0f,0f,0f,1f],start_interpolation: 0,interpolation_duration: 1}
$data merge entity $(bone_barrel) {transformation: [-0.9964f,0.0849f,-0.0012f,0.0569f,0.0844f,0.9913f,0.1005f,-0.5192f,0.0097f,0.1001f,-0.9949f,0.6228f,0f,0f,0f,1f],start_interpolation: 0,interpolation_duration: 1}
$data merge entity $(bone_magazine) {transformation: [-0.9964f,0.0849f,-0.0012f,-0.0568f,0.0844f,0.9913f,0.1005f,-0.5423f,0.0097f,0.1001f,-0.9949f,0.4227f,0f,0f,0f,1f],start_interpolation: 0,interpolation_duration: 1}
$data merge entity $(bone_grip) {transformation: [-0.9964f,0.0849f,-0.0012f,-0.0568f,0.0844f,0.9913f,0.1005f,-0.5423f,0.0097f,0.1001f,-0.9949f,0.4227f,0f,0f,0f,1f],start_interpolation: 0,interpolation_duration: 1}
$data merge entity $(bone_trigger) {transformation: [-0.9964f,0.0849f,-0.0012f,-0.0564f,0.0844f,0.9913f,0.1005f,-0.541f,0.0097f,0.1001f,-0.9949f,0.4536f,0f,0f,0f,1f],start_interpolation: 0,interpolation_duration: 1}
$data merge entity $(bone_trigger_gaurd) {transformation: [-0.9964f,0.0849f,-0.0012f,-0.0539f,0.0844f,0.9913f,0.1005f,-0.5156f,0.0097f,0.1001f,-0.9949f,0.4887f,0f,0f,0f,1f],start_interpolation: 0,interpolation_duration: 1}
$data merge entity $(bone_right_arm) {transformation: [-0.9964f,-0.0012f,-0.0849f,-0.0933f,0.0844f,0.1005f,-0.9913f,-0.5274f,0.0097f,-0.9949f,-0.1001f,0.0945f,0f,0f,0f,1f],start_interpolation: 0,interpolation_duration: 1}
$data merge entity $(bone_magazine1) {transformation: [0f,0f,0f,-0.1136f,0f,0f,0f,-0.4794f,0f,0f,0f,0.4515f,0f,0f,0f,1f],start_interpolation: 0,interpolation_duration: 1}
$data merge entity $(bone_left_arm) {transformation: [-0.8335f,0.4017f,0.3794f,0.0849f,-0.3562f,0.1345f,-0.9247f,-0.5345f,-0.4225f,-0.9058f,0.031f,0.1063f,0f,0f,0f,1f],start_interpolation: 0,interpolation_duration: 1}
data modify entity @s data merge value {"cameras":{},"locators":{"barrel1":{"px":-0.07147533662376446,"py":-0.498446709591621,"pz":0.7883998802317015,"ry":359.9307524619551,"rx":5.769193979762953}}}