# This file was generated by Animated Java via MC-Build. It is not recommended to edit this file directly.
$data merge entity $(bone_muzzleflash) {transformation: [0f,0f,0f,-0.2017f,0f,0f,0f,-0.8743f,0f,0f,0f,0.4088f,0f,0f,0f,1f],start_interpolation: 0,interpolation_duration: 1}
$data merge entity $(bone_slide) {transformation: [-0.9964f,0.0849f,-0.0012f,-0.0452f,0.0844f,0.9917f,0.0974f,-0.426f,0.0095f,0.097f,-0.9952f,0.6303f,0f,0f,0f,1f],start_interpolation: 0,interpolation_duration: 1}
$data merge entity $(bone_barrel) {transformation: [-0.9964f,0.0849f,-0.0012f,0.0569f,0.0844f,0.9917f,0.0974f,-0.5155f,0.0095f,0.097f,-0.9952f,0.6214f,0f,0f,0f,1f],start_interpolation: 0,interpolation_duration: 1}
$data merge entity $(bone_magazine) {transformation: [-0.9964f,0.0849f,-0.0012f,-0.0568f,0.0844f,0.9917f,0.0974f,-0.5392f,0.0095f,0.097f,-0.9952f,0.4213f,0f,0f,0f,1f],start_interpolation: 0,interpolation_duration: 1}
$data merge entity $(bone_grip) {transformation: [-0.9964f,0.0849f,-0.0012f,-0.0568f,0.0844f,0.9917f,0.0974f,-0.5392f,0.0095f,0.097f,-0.9952f,0.4213f,0f,0f,0f,1f],start_interpolation: 0,interpolation_duration: 1}
$data merge entity $(bone_trigger) {transformation: [-0.9964f,0.0849f,-0.0012f,-0.0564f,0.0844f,0.9917f,0.0974f,-0.5379f,0.0095f,0.097f,-0.9952f,0.4522f,0f,0f,0f,1f],start_interpolation: 0,interpolation_duration: 1}
$data merge entity $(bone_trigger_gaurd) {transformation: [-0.9964f,0.0849f,-0.0012f,-0.0539f,0.0844f,0.9917f,0.0974f,-0.5124f,0.0095f,0.097f,-0.9952f,0.4873f,0f,0f,0f,1f],start_interpolation: 0,interpolation_duration: 1}
$data merge entity $(bone_right_arm) {transformation: [-0.9964f,-0.0012f,-0.0849f,-0.0932f,0.0844f,0.0974f,-0.9917f,-0.5254f,0.0095f,-0.9952f,-0.097f,0.0931f,0f,0f,0f,1f],start_interpolation: 0,interpolation_duration: 1}
$data merge entity $(bone_magazine1) {transformation: [0f,0f,0f,-0.1136f,0f,0f,0f,-0.4763f,0f,0f,0f,0.45f,0f,0f,0f,1f],start_interpolation: 0,interpolation_duration: 1}
$data merge entity $(bone_left_arm) {transformation: [-0.8334f,0.4017f,0.3795f,0.0849f,-0.3575f,0.1317f,-0.9246f,-0.5324f,-0.4214f,-0.9063f,0.0339f,0.1049f,0f,0f,0f,1f],start_interpolation: 0,interpolation_duration: 1}
data modify entity @s data merge value {"cameras":{},"locators":{"barrel1":{"px":-0.07147021034825832,"py":-0.49424108187165344,"pz":0.7869393514196414,"ry":359.93085808267244,"rx":5.5901225438780004}}}