# This file was generated by Animated Java via MC-Build. It is not recommended to edit this file directly.
$data merge entity $(bone_muzzleflash) {transformation: [0f,0f,0f,-0.2016f,0f,0f,0f,-0.8712f,0f,0f,0f,0.4085f,0f,0f,0f,1f],start_interpolation: 0,interpolation_duration: 1}
$data merge entity $(bone_slide) {transformation: [-0.9964f,0.0848f,-0.0012f,-0.0452f,0.0843f,0.992f,0.0943f,-0.4223f,0.0092f,0.0938f,-0.9955f,0.6286f,0f,0f,0f,1f],start_interpolation: 0,interpolation_duration: 1}
$data merge entity $(bone_barrel) {transformation: [-0.9964f,0.0848f,-0.0012f,0.0569f,0.0843f,0.992f,0.0943f,-0.5118f,0.0092f,0.0938f,-0.9955f,0.62f,0f,0f,0f,1f],start_interpolation: 0,interpolation_duration: 1}
$data merge entity $(bone_magazine) {transformation: [-0.9964f,0.0848f,-0.0012f,-0.0568f,0.0843f,0.992f,0.0943f,-0.5361f,0.0092f,0.0938f,-0.9955f,0.42f,0f,0f,0f,1f],start_interpolation: 0,interpolation_duration: 1}
$data merge entity $(bone_grip) {transformation: [-0.9964f,0.0848f,-0.0012f,-0.0568f,0.0843f,0.992f,0.0943f,-0.5361f,0.0092f,0.0938f,-0.9955f,0.42f,0f,0f,0f,1f],start_interpolation: 0,interpolation_duration: 1}
$data merge entity $(bone_trigger) {transformation: [-0.9964f,0.0848f,-0.0012f,-0.0564f,0.0843f,0.992f,0.0943f,-0.5347f,0.0092f,0.0938f,-0.9955f,0.4509f,0f,0f,0f,1f],start_interpolation: 0,interpolation_duration: 1}
$data merge entity $(bone_trigger_gaurd) {transformation: [-0.9964f,0.0848f,-0.0012f,-0.0539f,0.0843f,0.992f,0.0943f,-0.5091f,0.0092f,0.0938f,-0.9955f,0.4859f,0f,0f,0f,1f],start_interpolation: 0,interpolation_duration: 1}
$data merge entity $(bone_right_arm) {transformation: [-0.9964f,-0.0012f,-0.0848f,-0.0932f,0.0843f,0.0943f,-0.992f,-0.5233f,0.0092f,-0.9955f,-0.0938f,0.0918f,0f,0f,0f,1f],start_interpolation: 0,interpolation_duration: 1}
$data merge entity $(bone_magazine1) {transformation: [0f,0f,0f,-0.1136f,0f,0f,0f,-0.4731f,0f,0f,0f,0.4484f,0f,0f,0f,1f],start_interpolation: 0,interpolation_duration: 1}
$data merge entity $(bone_left_arm) {transformation: [-0.8334f,0.4017f,0.3796f,0.0849f,-0.3589f,0.1289f,-0.9244f,-0.5303f,-0.4202f,-0.9067f,0.0368f,0.1036f,0f,0f,0f,1f],start_interpolation: 0,interpolation_duration: 1}
data modify entity @s data merge value {"cameras":{},"locators":{"barrel1":{"px":-0.0714659595736304,"py":-0.4900133805998315,"pz":0.7854751456618266,"ry":359.93101002504795,"rx":5.409879515523373}}}