# This file was generated by Animated Java via MC-Build. It is not recommended to edit this file directly.
$data merge entity $(bone_muzzleflash) {transformation: [0f,0f,0f,-0.2016f,0f,0f,0f,-0.8682f,0f,0f,0f,0.4082f,0f,0f,0f,1f],start_interpolation: 0,interpolation_duration: 1}
$data merge entity $(bone_slide) {transformation: [-0.9964f,0.0847f,-0.0012f,-0.0452f,0.0843f,0.9923f,0.0911f,-0.4185f,0.0089f,0.0907f,-0.9958f,0.6269f,0f,0f,0f,1f],start_interpolation: 0,interpolation_duration: 1}
$data merge entity $(bone_barrel) {transformation: [-0.9964f,0.0847f,-0.0012f,0.0569f,0.0843f,0.9923f,0.0911f,-0.5081f,0.0089f,0.0907f,-0.9958f,0.6186f,0f,0f,0f,1f],start_interpolation: 0,interpolation_duration: 1}
$data merge entity $(bone_magazine) {transformation: [-0.9964f,0.0847f,-0.0012f,-0.0568f,0.0843f,0.9923f,0.0911f,-0.533f,0.0089f,0.0907f,-0.9958f,0.4187f,0f,0f,0f,1f],start_interpolation: 0,interpolation_duration: 1}
$data merge entity $(bone_grip) {transformation: [-0.9964f,0.0847f,-0.0012f,-0.0568f,0.0843f,0.9923f,0.0911f,-0.533f,0.0089f,0.0907f,-0.9958f,0.4187f,0f,0f,0f,1f],start_interpolation: 0,interpolation_duration: 1}
$data merge entity $(bone_trigger) {transformation: [-0.9964f,0.0847f,-0.0012f,-0.0564f,0.0843f,0.9923f,0.0911f,-0.5315f,0.0089f,0.0907f,-0.9958f,0.4496f,0f,0f,0f,1f],start_interpolation: 0,interpolation_duration: 1}
$data merge entity $(bone_trigger_gaurd) {transformation: [-0.9964f,0.0847f,-0.0012f,-0.0539f,0.0843f,0.9923f,0.0911f,-0.5058f,0.0089f,0.0907f,-0.9958f,0.4845f,0f,0f,0f,1f],start_interpolation: 0,interpolation_duration: 1}
$data merge entity $(bone_right_arm) {transformation: [-0.9964f,-0.0012f,-0.0847f,-0.0932f,0.0843f,0.0911f,-0.9923f,-0.5213f,0.0089f,-0.9958f,-0.0907f,0.0904f,0f,0f,0f,1f],start_interpolation: 0,interpolation_duration: 1}
$data merge entity $(bone_magazine1) {transformation: [0f,0f,0f,-0.1136f,0f,0f,0f,-0.4699f,0f,0f,0f,0.4469f,0f,0f,0f,1f],start_interpolation: 0,interpolation_duration: 1}
$data merge entity $(bone_left_arm) {transformation: [-0.8334f,0.4017f,0.3796f,0.0849f,-0.3603f,0.126f,-0.9243f,-0.5282f,-0.4191f,-0.9071f,0.0397f,0.1022f,0f,0f,0f,1f],start_interpolation: 0,interpolation_duration: 1}
data modify entity @s data merge value {"cameras":{},"locators":{"barrel1":{"px":-0.07146259673112547,"py":-0.4857678346440925,"pz":0.7840080437621741,"ry":359.9312073691392,"rx":5.228669990766976}}}