# This file was generated by Animated Java via MC-Build. It is not recommended to edit this file directly.
$data merge entity $(bone_muzzleflash) {transformation: [0f,0f,0f,-0.2016f,0f,0f,0f,-0.8651f,0f,0f,0f,0.408f,0f,0f,0f,1f],start_interpolation: 0,interpolation_duration: 1}
$data merge entity $(bone_slide) {transformation: [-0.9964f,0.0847f,-0.0012f,-0.0452f,0.0843f,0.9926f,0.088f,-0.4148f,0.0086f,0.0876f,-0.9961f,0.6253f,0f,0f,0f,1f],start_interpolation: 0,interpolation_duration: 1}
$data merge entity $(bone_barrel) {transformation: [-0.9964f,0.0847f,-0.0012f,0.0569f,0.0843f,0.9926f,0.088f,-0.5043f,0.0086f,0.0876f,-0.9961f,0.6172f,0f,0f,0f,1f],start_interpolation: 0,interpolation_duration: 1}
$data merge entity $(bone_magazine) {transformation: [-0.9964f,0.0847f,-0.0012f,-0.0568f,0.0843f,0.9926f,0.088f,-0.5299f,0.0086f,0.0876f,-0.9961f,0.4174f,0f,0f,0f,1f],start_interpolation: 0,interpolation_duration: 1}
$data merge entity $(bone_grip) {transformation: [-0.9964f,0.0847f,-0.0012f,-0.0568f,0.0843f,0.9926f,0.088f,-0.5299f,0.0086f,0.0876f,-0.9961f,0.4174f,0f,0f,0f,1f],start_interpolation: 0,interpolation_duration: 1}
$data merge entity $(bone_trigger) {transformation: [-0.9964f,0.0847f,-0.0012f,-0.0564f,0.0843f,0.9926f,0.088f,-0.5283f,0.0086f,0.0876f,-0.9961f,0.4483f,0f,0f,0f,1f],start_interpolation: 0,interpolation_duration: 1}
$data merge entity $(bone_trigger_gaurd) {transformation: [-0.9964f,0.0847f,-0.0012f,-0.0539f,0.0843f,0.9926f,0.088f,-0.5025f,0.0086f,0.0876f,-0.9961f,0.4831f,0f,0f,0f,1f],start_interpolation: 0,interpolation_duration: 1}
$data merge entity $(bone_right_arm) {transformation: [-0.9964f,-0.0012f,-0.0847f,-0.0932f,0.0843f,0.088f,-0.9926f,-0.5192f,0.0086f,-0.9961f,-0.0876f,0.0891f,0f,0f,0f,1f],start_interpolation: 0,interpolation_duration: 1}
$data merge entity $(bone_magazine1) {transformation: [0f,0f,0f,-0.1136f,0f,0f,0f,-0.4668f,0f,0f,0f,0.4454f,0f,0f,0f,1f],start_interpolation: 0,interpolation_duration: 1}
$data merge entity $(bone_left_arm) {transformation: [-0.8334f,0.4017f,0.3797f,0.0849f,-0.3617f,0.1232f,-0.9241f,-0.5261f,-0.418f,-0.9075f,0.0426f,0.1009f,0f,0f,0f,1f],start_interpolation: 0,interpolation_duration: 1}
data modify entity @s data merge value {"cameras":{},"locators":{"barrel1":{"px":-0.07146013103541303,"py":-0.4815086804124178,"pz":0.7825388574399503,"ry":359.9314489407103,"rx":5.046699064596168}}}