# This file was generated by Animated Java via MC-Build. It is not recommended to edit this file directly.
$data merge entity $(bone_muzzleflash) {transformation: [0f,0f,0f,-0.2015f,0f,0f,0f,-0.8621f,0f,0f,0f,0.4077f,0f,0f,0f,1f],start_interpolation: 0,interpolation_duration: 1}
$data merge entity $(bone_slide) {transformation: [-0.9964f,0.0846f,-0.0012f,-0.0452f,0.0842f,0.9928f,0.0848f,-0.411f,0.0084f,0.0844f,-0.9964f,0.6236f,0f,0f,0f,1f],start_interpolation: 0,interpolation_duration: 1}
$data merge entity $(bone_barrel) {transformation: [-0.9964f,0.0846f,-0.0012f,0.0569f,0.0842f,0.9928f,0.0848f,-0.5006f,0.0084f,0.0844f,-0.9964f,0.6158f,0f,0f,0f,1f],start_interpolation: 0,interpolation_duration: 1}
$data merge entity $(bone_magazine) {transformation: [-0.9964f,0.0846f,-0.0012f,-0.0568f,0.0842f,0.9928f,0.0848f,-0.5268f,0.0084f,0.0844f,-0.9964f,0.4161f,0f,0f,0f,1f],start_interpolation: 0,interpolation_duration: 1}
$data merge entity $(bone_grip) {transformation: [-0.9964f,0.0846f,-0.0012f,-0.0568f,0.0842f,0.9928f,0.0848f,-0.5268f,0.0084f,0.0844f,-0.9964f,0.4161f,0f,0f,0f,1f],start_interpolation: 0,interpolation_duration: 1}
$data merge entity $(bone_trigger) {transformation: [-0.9964f,0.0846f,-0.0012f,-0.0564f,0.0842f,0.9928f,0.0848f,-0.5251f,0.0084f,0.0844f,-0.9964f,0.447f,0f,0f,0f,1f],start_interpolation: 0,interpolation_duration: 1}
$data merge entity $(bone_trigger_gaurd) {transformation: [-0.9964f,0.0846f,-0.0012f,-0.0539f,0.0842f,0.9928f,0.0848f,-0.4992f,0.0084f,0.0844f,-0.9964f,0.4817f,0f,0f,0f,1f],start_interpolation: 0,interpolation_duration: 1}
$data merge entity $(bone_right_arm) {transformation: [-0.9964f,-0.0012f,-0.0846f,-0.0932f,0.0842f,0.0848f,-0.9928f,-0.5172f,0.0084f,-0.9964f,-0.0844f,0.0877f,0f,0f,0f,1f],start_interpolation: 0,interpolation_duration: 1}
$data merge entity $(bone_magazine1) {transformation: [0f,0f,0f,-0.1136f,0f,0f,0f,-0.4636f,0f,0f,0f,0.4439f,0f,0f,0f,1f],start_interpolation: 0,interpolation_duration: 1}
$data merge entity $(bone_left_arm) {transformation: [-0.8333f,0.4017f,0.3797f,0.085f,-0.363f,0.1203f,-0.924f,-0.524f,-0.4168f,-0.9078f,0.0456f,0.0996f,0f,0f,0f,1f],start_interpolation: 0,interpolation_duration: 1}
data modify entity @s data merge value {"cameras":{},"locators":{"barrel1":{"px":-0.07145856854647831,"py":-0.47724016169155914,"pz":0.7810684297642598,"ry":359.9317333171406,"rx":4.864171830853167}}}