# This file was generated by Animated Java via MC-Build. It is not recommended to edit this file directly.
$data merge entity $(bone_muzzleflash) {transformation: [0f,0f,0f,-0.2015f,0f,0f,0f,-0.859f,0f,0f,0f,0.4075f,0f,0f,0f,1f],start_interpolation: 0,interpolation_duration: 1}
$data merge entity $(bone_slide) {transformation: [-0.9964f,0.0846f,-0.0012f,-0.0452f,0.0842f,0.9931f,0.0816f,-0.4072f,0.0081f,0.0812f,-0.9967f,0.6219f,0f,0f,0f,1f],start_interpolation: 0,interpolation_duration: 1}
$data merge entity $(bone_barrel) {transformation: [-0.9964f,0.0846f,-0.0012f,0.0569f,0.0842f,0.9931f,0.0816f,-0.4968f,0.0081f,0.0812f,-0.9967f,0.6144f,0f,0f,0f,1f],start_interpolation: 0,interpolation_duration: 1}
$data merge entity $(bone_magazine) {transformation: [-0.9964f,0.0846f,-0.0012f,-0.0568f,0.0842f,0.9931f,0.0816f,-0.5237f,0.0081f,0.0812f,-0.9967f,0.4148f,0f,0f,0f,1f],start_interpolation: 0,interpolation_duration: 1}
$data merge entity $(bone_grip) {transformation: [-0.9964f,0.0846f,-0.0012f,-0.0568f,0.0842f,0.9931f,0.0816f,-0.5237f,0.0081f,0.0812f,-0.9967f,0.4148f,0f,0f,0f,1f],start_interpolation: 0,interpolation_duration: 1}
$data merge entity $(bone_trigger) {transformation: [-0.9964f,0.0846f,-0.0012f,-0.0563f,0.0842f,0.9931f,0.0816f,-0.5219f,0.0081f,0.0812f,-0.9967f,0.4456f,0f,0f,0f,1f],start_interpolation: 0,interpolation_duration: 1}
$data merge entity $(bone_trigger_gaurd) {transformation: [-0.9964f,0.0846f,-0.0012f,-0.0539f,0.0842f,0.9931f,0.0816f,-0.4958f,0.0081f,0.0812f,-0.9967f,0.4803f,0f,0f,0f,1f],start_interpolation: 0,interpolation_duration: 1}
$data merge entity $(bone_right_arm) {transformation: [-0.9964f,-0.0012f,-0.0846f,-0.0932f,0.0842f,0.0816f,-0.9931f,-0.5151f,0.0081f,-0.9967f,-0.0812f,0.0864f,0f,0f,0f,1f],start_interpolation: 0,interpolation_duration: 1}
$data merge entity $(bone_magazine1) {transformation: [0f,0f,0f,-0.1136f,0f,0f,0f,-0.4604f,0f,0f,0f,0.4424f,0f,0f,0f,1f],start_interpolation: 0,interpolation_duration: 1}
$data merge entity $(bone_left_arm) {transformation: [-0.8333f,0.4017f,0.3798f,0.085f,-0.3644f,0.1174f,-0.9238f,-0.5219f,-0.4157f,-0.9082f,0.0485f,0.0983f,0f,0f,0f,1f],start_interpolation: 0,interpolation_duration: 1}
data modify entity @s data merge value {"cameras":{},"locators":{"barrel1":{"px":-0.07145791224489452,"py":-0.47296652945974105,"pz":0.779597635498637,"ry":359.93205883431847,"rx":4.681293382183723}}}