# This file was generated by Animated Java via MC-Build. It is not recommended to edit this file directly.
$data merge entity $(bone_muzzleflash) {transformation: [0f,0f,0f,-0.2015f,0f,0f,0f,-0.8559f,0f,0f,0f,0.4073f,0f,0f,0f,1f],start_interpolation: 0,interpolation_duration: 1}
$data merge entity $(bone_slide) {transformation: [-0.9964f,0.0845f,-0.0012f,-0.0452f,0.0842f,0.9934f,0.0784f,-0.4035f,0.0078f,0.078f,-0.9969f,0.6202f,0f,0f,0f,1f],start_interpolation: 0,interpolation_duration: 1}
$data merge entity $(bone_barrel) {transformation: [-0.9964f,0.0845f,-0.0012f,0.0569f,0.0842f,0.9934f,0.0784f,-0.4931f,0.0078f,0.078f,-0.9969f,0.6131f,0f,0f,0f,1f],start_interpolation: 0,interpolation_duration: 1}
$data merge entity $(bone_magazine) {transformation: [-0.9964f,0.0845f,-0.0012f,-0.0567f,0.0842f,0.9934f,0.0784f,-0.5206f,0.0078f,0.078f,-0.9969f,0.4135f,0f,0f,0f,1f],start_interpolation: 0,interpolation_duration: 1}
$data merge entity $(bone_grip) {transformation: [-0.9964f,0.0845f,-0.0012f,-0.0567f,0.0842f,0.9934f,0.0784f,-0.5206f,0.0078f,0.078f,-0.9969f,0.4135f,0f,0f,0f,1f],start_interpolation: 0,interpolation_duration: 1}
$data merge entity $(bone_trigger) {transformation: [-0.9964f,0.0845f,-0.0012f,-0.0563f,0.0842f,0.9934f,0.0784f,-0.5187f,0.0078f,0.078f,-0.9969f,0.4443f,0f,0f,0f,1f],start_interpolation: 0,interpolation_duration: 1}
$data merge entity $(bone_trigger_gaurd) {transformation: [-0.9964f,0.0845f,-0.0012f,-0.0539f,0.0842f,0.9934f,0.0784f,-0.4925f,0.0078f,0.078f,-0.9969f,0.4789f,0f,0f,0f,1f],start_interpolation: 0,interpolation_duration: 1}
$data merge entity $(bone_right_arm) {transformation: [-0.9964f,-0.0012f,-0.0845f,-0.0932f,0.0842f,0.0784f,-0.9934f,-0.5131f,0.0078f,-0.9969f,-0.078f,0.085f,0f,0f,0f,1f],start_interpolation: 0,interpolation_duration: 1}
$data merge entity $(bone_magazine1) {transformation: [0f,0f,0f,-0.1136f,0f,0f,0f,-0.4572f,0f,0f,0f,0.4409f,0f,0f,0f,1f],start_interpolation: 0,interpolation_duration: 1}
$data merge entity $(bone_left_arm) {transformation: [-0.8333f,0.4017f,0.3798f,0.085f,-0.3658f,0.1145f,-0.9236f,-0.5198f,-0.4145f,-0.9086f,0.0515f,0.097f,0f,0f,0f,1f],start_interpolation: 0,interpolation_duration: 1}
data modify entity @s data merge value {"cameras":{},"locators":{"barrel1":{"px":-0.0714581621205305,"py":-0.4686920416753053,"pz":0.7781273813552589,"ry":359.93242359452097,"rx":4.49826880999992}}}