# This file was generated by Animated Java via MC-Build. It is not recommended to edit this file directly.
$data merge entity $(bone_muzzleflash) {transformation: [0f,0f,0f,-0.2015f,0f,0f,0f,-0.8528f,0f,0f,0f,0.407f,0f,0f,0f,1f],start_interpolation: 0,interpolation_duration: 1}
$data merge entity $(bone_slide) {transformation: [-0.9964f,0.0845f,-0.0012f,-0.0452f,0.0842f,0.9936f,0.0752f,-0.3997f,0.0075f,0.0749f,-0.9972f,0.6185f,0f,0f,0f,1f],start_interpolation: 0,interpolation_duration: 1}
$data merge entity $(bone_barrel) {transformation: [-0.9964f,0.0845f,-0.0012f,0.0569f,0.0842f,0.9936f,0.0752f,-0.4893f,0.0075f,0.0749f,-0.9972f,0.6117f,0f,0f,0f,1f],start_interpolation: 0,interpolation_duration: 1}
$data merge entity $(bone_magazine) {transformation: [-0.9964f,0.0845f,-0.0012f,-0.0567f,0.0842f,0.9936f,0.0752f,-0.5175f,0.0075f,0.0749f,-0.9972f,0.4122f,0f,0f,0f,1f],start_interpolation: 0,interpolation_duration: 1}
$data merge entity $(bone_grip) {transformation: [-0.9964f,0.0845f,-0.0012f,-0.0567f,0.0842f,0.9936f,0.0752f,-0.5175f,0.0075f,0.0749f,-0.9972f,0.4122f,0f,0f,0f,1f],start_interpolation: 0,interpolation_duration: 1}
$data merge entity $(bone_trigger) {transformation: [-0.9964f,0.0845f,-0.0012f,-0.0563f,0.0842f,0.9936f,0.0752f,-0.5155f,0.0075f,0.0749f,-0.9972f,0.443f,0f,0f,0f,1f],start_interpolation: 0,interpolation_duration: 1}
$data merge entity $(bone_trigger_gaurd) {transformation: [-0.9964f,0.0845f,-0.0012f,-0.0539f,0.0842f,0.9936f,0.0752f,-0.4892f,0.0075f,0.0749f,-0.9972f,0.4775f,0f,0f,0f,1f],start_interpolation: 0,interpolation_duration: 1}
$data merge entity $(bone_right_arm) {transformation: [-0.9964f,-0.0012f,-0.0845f,-0.0932f,0.0842f,0.0752f,-0.9936f,-0.511f,0.0075f,-0.9972f,-0.0749f,0.0837f,0f,0f,0f,1f],start_interpolation: 0,interpolation_duration: 1}
$data merge entity $(bone_magazine1) {transformation: [0f,0f,0f,-0.1136f,0f,0f,0f,-0.454f,0f,0f,0f,0.4394f,0f,0f,0f,1f],start_interpolation: 0,interpolation_duration: 1}
$data merge entity $(bone_left_arm) {transformation: [-0.8333f,0.4017f,0.3799f,0.085f,-0.3671f,0.1116f,-0.9234f,-0.5177f,-0.4134f,-0.9089f,0.0544f,0.0957f,0f,0f,0f,1f],start_interpolation: 0,interpolation_duration: 1}
data modify entity @s data merge value {"cameras":{},"locators":{"barrel1":{"px":-0.07145931527474188,"py":-0.464420963043291,"pz":0.7766586061583113,"ry":359.9328254752758,"rx":4.315303204457968}}}