# This file was generated by Animated Java via MC-Build. It is not recommended to edit this file directly.
$data merge entity $(bone_muzzleflash) {transformation: [0f,0f,0f,-0.2258f,0f,0f,0f,-0.7479f,0f,0f,0f,0.3986f,0f,0f,0f,1f],start_interpolation: 0,interpolation_duration: 1}
$data merge entity $(bone_slide) {transformation: [-0.9911f,0.1328f,-0.0011f,-0.047f,0.1328f,0.9911f,-0.0031f,-0.2877f,0.0007f,-0.0033f,-1f,0.5739f,0f,0f,0f,1f],start_interpolation: 0,interpolation_duration: 1}
$data merge entity $(bone_barrel) {transformation: [-0.9911f,0.1328f,-0.0011f,0.0507f,0.1328f,0.9911f,-0.0031f,-0.3825f,0.0007f,-0.0033f,-1f,0.5741f,0f,0f,0f,1f],start_interpolation: 0,interpolation_duration: 1}
$data merge entity $(bone_magazine) {transformation: [-0.9911f,0.1328f,-0.0011f,-0.0649f,0.1328f,0.9911f,-0.0031f,-0.4207f,0.0007f,-0.0033f,-1f,0.3774f,0f,0f,0f,1f],start_interpolation: 0,interpolation_duration: 1}
$data merge entity $(bone_grip) {transformation: [-0.9911f,0.1328f,-0.0011f,-0.0649f,0.1328f,0.9911f,-0.0031f,-0.4207f,0.0007f,-0.0033f,-1f,0.3774f,0f,0f,0f,1f],start_interpolation: 0,interpolation_duration: 1}
$data merge entity $(bone_trigger) {transformation: [-0.9911f,0.1328f,-0.0011f,-0.0643f,0.1328f,0.9911f,-0.0031f,-0.4162f,0.0007f,-0.0033f,-1f,0.408f,0f,0f,0f,1f],start_interpolation: 0,interpolation_duration: 1}
$data merge entity $(bone_trigger_gaurd) {transformation: [-0.9911f,0.1328f,-0.0011f,-0.0604f,0.1328f,0.9911f,-0.0031f,-0.3875f,0.0007f,-0.0033f,-1f,0.4404f,0f,0f,0f,1f],start_interpolation: 0,interpolation_duration: 1}
$data merge entity $(bone_right_arm) {transformation: [-0.9911f,-0.0011f,-0.1328f,-0.1022f,0.1328f,-0.0031f,-0.9911f,-0.4381f,0.0007f,-1f,0.0033f,0.0495f,0f,0f,0f,1f],start_interpolation: 0,interpolation_duration: 1}
$data merge entity $(bone_magazine1) {transformation: [0f,0f,0f,-0.1185f,0f,0f,0f,-0.3525f,0f,0f,0f,0.3995f,0f,0f,0f,1f],start_interpolation: 0,interpolation_duration: 1}
$data merge entity $(bone_left_arm) {transformation: [-0.8516f,0.4034f,0.3348f,0.0755f,-0.3574f,0.0204f,-0.9337f,-0.4525f,-0.3835f,-0.9148f,0.1268f,0.0619f,0f,0f,0f,1f],start_interpolation: 0,interpolation_duration: 1}
data modify entity @s data merge value {"cameras":{},"locators":{"barrel1":{"px":-0.07574106600190694,"py":-0.33852993710452,"pz":0.7366284119212321,"ry":359.9381405258027,"rx":-0.18018262437340324}}}