# This file was generated by Animated Java via MC-Build. It is not recommended to edit this file directly.
$data merge entity $(bone_muzzleflash) {transformation: [0f,0f,0f,-0.2015f,0f,0f,0f,-0.8497f,0f,0f,0f,0.4068f,0f,0f,0f,1f],start_interpolation: 0,interpolation_duration: 1}
$data merge entity $(bone_slide) {transformation: [-0.9964f,0.0845f,-0.0012f,-0.0452f,0.0842f,0.9938f,0.0721f,-0.3959f,0.0072f,0.0717f,-0.9974f,0.6169f,0f,0f,0f,1f],start_interpolation: 0,interpolation_duration: 1}
$data merge entity $(bone_barrel) {transformation: [-0.9964f,0.0845f,-0.0012f,0.0569f,0.0842f,0.9938f,0.0721f,-0.4856f,0.0072f,0.0717f,-0.9974f,0.6103f,0f,0f,0f,1f],start_interpolation: 0,interpolation_duration: 1}
$data merge entity $(bone_magazine) {transformation: [-0.9964f,0.0845f,-0.0012f,-0.0567f,0.0842f,0.9938f,0.0721f,-0.5144f,0.0072f,0.0717f,-0.9974f,0.4109f,0f,0f,0f,1f],start_interpolation: 0,interpolation_duration: 1}
$data merge entity $(bone_grip) {transformation: [-0.9964f,0.0845f,-0.0012f,-0.0567f,0.0842f,0.9938f,0.0721f,-0.5144f,0.0072f,0.0717f,-0.9974f,0.4109f,0f,0f,0f,1f],start_interpolation: 0,interpolation_duration: 1}
$data merge entity $(bone_trigger) {transformation: [-0.9964f,0.0845f,-0.0012f,-0.0563f,0.0842f,0.9938f,0.0721f,-0.5123f,0.0072f,0.0717f,-0.9974f,0.4417f,0f,0f,0f,1f],start_interpolation: 0,interpolation_duration: 1}
$data merge entity $(bone_trigger_gaurd) {transformation: [-0.9964f,0.0845f,-0.0012f,-0.0539f,0.0842f,0.9938f,0.0721f,-0.4859f,0.0072f,0.0717f,-0.9974f,0.4762f,0f,0f,0f,1f],start_interpolation: 0,interpolation_duration: 1}
$data merge entity $(bone_right_arm) {transformation: [-0.9964f,-0.0012f,-0.0845f,-0.0932f,0.0842f,0.0721f,-0.9938f,-0.5089f,0.0072f,-0.9974f,-0.0717f,0.0824f,0f,0f,0f,1f],start_interpolation: 0,interpolation_duration: 1}
$data merge entity $(bone_magazine1) {transformation: [0f,0f,0f,-0.1136f,0f,0f,0f,-0.4508f,0f,0f,0f,0.4379f,0f,0f,0f,1f],start_interpolation: 0,interpolation_duration: 1}
$data merge entity $(bone_left_arm) {transformation: [-0.8333f,0.4017f,0.3799f,0.085f,-0.3685f,0.1088f,-0.9233f,-0.5156f,-0.4122f,-0.9093f,0.0574f,0.0944f,0f,0f,0f,1f],start_interpolation: 0,interpolation_duration: 1}
data modify entity @s data merge value {"cameras":{},"locators":{"barrel1":{"px":-0.07146136603608519,"py":-0.46015756476197306,"pz":0.7751922809160696,"ry":359.93326213920886,"rx":4.132601654451888}}}