# This file was generated by Animated Java via MC-Build. It is not recommended to edit this file directly.
$data merge entity $(bone_muzzleflash) {transformation: [0f,0f,0f,-0.2015f,0f,0f,0f,-0.8467f,0f,0f,0f,0.4066f,0f,0f,0f,1f],start_interpolation: 0,interpolation_duration: 1}
$data merge entity $(bone_slide) {transformation: [-0.9964f,0.0844f,-0.0012f,-0.0452f,0.0841f,0.9941f,0.0689f,-0.3922f,0.007f,0.0685f,-0.9976f,0.6152f,0f,0f,0f,1f],start_interpolation: 0,interpolation_duration: 1}
$data merge entity $(bone_barrel) {transformation: [-0.9964f,0.0844f,-0.0012f,0.0569f,0.0841f,0.9941f,0.0689f,-0.4818f,0.007f,0.0685f,-0.9976f,0.6089f,0f,0f,0f,1f],start_interpolation: 0,interpolation_duration: 1}
$data merge entity $(bone_magazine) {transformation: [-0.9964f,0.0844f,-0.0012f,-0.0567f,0.0841f,0.9941f,0.0689f,-0.5113f,0.007f,0.0685f,-0.9976f,0.4096f,0f,0f,0f,1f],start_interpolation: 0,interpolation_duration: 1}
$data merge entity $(bone_grip) {transformation: [-0.9964f,0.0844f,-0.0012f,-0.0567f,0.0841f,0.9941f,0.0689f,-0.5113f,0.007f,0.0685f,-0.9976f,0.4096f,0f,0f,0f,1f],start_interpolation: 0,interpolation_duration: 1}
$data merge entity $(bone_trigger) {transformation: [-0.9964f,0.0844f,-0.0012f,-0.0563f,0.0841f,0.9941f,0.0689f,-0.5091f,0.007f,0.0685f,-0.9976f,0.4404f,0f,0f,0f,1f],start_interpolation: 0,interpolation_duration: 1}
$data merge entity $(bone_trigger_gaurd) {transformation: [-0.9964f,0.0844f,-0.0012f,-0.0539f,0.0841f,0.9941f,0.0689f,-0.4826f,0.007f,0.0685f,-0.9976f,0.4748f,0f,0f,0f,1f],start_interpolation: 0,interpolation_duration: 1}
$data merge entity $(bone_right_arm) {transformation: [-0.9964f,-0.0012f,-0.0844f,-0.0932f,0.0841f,0.0689f,-0.9941f,-0.5069f,0.007f,-0.9976f,-0.0685f,0.0811f,0f,0f,0f,1f],start_interpolation: 0,interpolation_duration: 1}
$data merge entity $(bone_magazine1) {transformation: [0f,0f,0f,-0.1136f,0f,0f,0f,-0.4476f,0f,0f,0f,0.4364f,0f,0f,0f,1f],start_interpolation: 0,interpolation_duration: 1}
$data merge entity $(bone_left_arm) {transformation: [-0.8332f,0.4017f,0.3799f,0.085f,-0.3698f,0.1059f,-0.9231f,-0.5135f,-0.411f,-0.9096f,0.0603f,0.0931f,0f,0f,0f,1f],start_interpolation: 0,interpolation_duration: 1}
data modify entity @s data merge value {"cameras":{},"locators":{"barrel1":{"px":-0.07146430608959006,"py":-0.4559061242513751,"pz":0.7737294088012713,"ry":359.9337310448761,"rx":3.9503692476235326}}}