# This file was generated by Animated Java via MC-Build. It is not recommended to edit this file directly.
$data merge entity $(bone_muzzleflash) {transformation: [0f,0f,0f,-0.2014f,0f,0f,0f,-0.8436f,0f,0f,0f,0.4064f,0f,0f,0f,1f],start_interpolation: 0,interpolation_duration: 1}
$data merge entity $(bone_slide) {transformation: [-0.9964f,0.0844f,-0.0011f,-0.0452f,0.0841f,0.9943f,0.0657f,-0.3885f,0.0067f,0.0654f,-0.9978f,0.6136f,0f,0f,0f,1f],start_interpolation: 0,interpolation_duration: 1}
$data merge entity $(bone_barrel) {transformation: [-0.9964f,0.0844f,-0.0011f,0.0569f,0.0841f,0.9943f,0.0657f,-0.4781f,0.0067f,0.0654f,-0.9978f,0.6075f,0f,0f,0f,1f],start_interpolation: 0,interpolation_duration: 1}
$data merge entity $(bone_magazine) {transformation: [-0.9964f,0.0844f,-0.0011f,-0.0567f,0.0841f,0.9943f,0.0657f,-0.5082f,0.0067f,0.0654f,-0.9978f,0.4083f,0f,0f,0f,1f],start_interpolation: 0,interpolation_duration: 1}
$data merge entity $(bone_grip) {transformation: [-0.9964f,0.0844f,-0.0011f,-0.0567f,0.0841f,0.9943f,0.0657f,-0.5082f,0.0067f,0.0654f,-0.9978f,0.4083f,0f,0f,0f,1f],start_interpolation: 0,interpolation_duration: 1}
$data merge entity $(bone_trigger) {transformation: [-0.9964f,0.0844f,-0.0011f,-0.0563f,0.0841f,0.9943f,0.0657f,-0.5059f,0.0067f,0.0654f,-0.9978f,0.4391f,0f,0f,0f,1f],start_interpolation: 0,interpolation_duration: 1}
$data merge entity $(bone_trigger_gaurd) {transformation: [-0.9964f,0.0844f,-0.0011f,-0.0539f,0.0841f,0.9943f,0.0657f,-0.4793f,0.0067f,0.0654f,-0.9978f,0.4734f,0f,0f,0f,1f],start_interpolation: 0,interpolation_duration: 1}
$data merge entity $(bone_right_arm) {transformation: [-0.9964f,-0.0011f,-0.0844f,-0.0932f,0.0841f,0.0657f,-0.9943f,-0.5049f,0.0067f,-0.9978f,-0.0654f,0.0798f,0f,0f,0f,1f],start_interpolation: 0,interpolation_duration: 1}
$data merge entity $(bone_magazine1) {transformation: [0f,0f,0f,-0.1136f,0f,0f,0f,-0.4445f,0f,0f,0f,0.4349f,0f,0f,0f,1f],start_interpolation: 0,interpolation_duration: 1}
$data merge entity $(bone_left_arm) {transformation: [-0.8332f,0.4017f,0.3799f,0.085f,-0.3711f,0.103f,-0.9228f,-0.5114f,-0.4099f,-0.91f,0.0633f,0.0918f,0f,0f,0f,1f],start_interpolation: 0,interpolation_duration: 1}
data modify entity @s data merge value {"cameras":{},"locators":{"barrel1":{"px":-0.07146812461961519,"py":-0.45167092486578997,"pz":0.7722710250393907,"ry":359.9342294585837,"rx":3.768811070389555}}}