# This file was generated by Animated Java via MC-Build. It is not recommended to edit this file directly.
$data merge entity $(bone_muzzleflash) {transformation: [0f,0f,0f,-0.2014f,0f,0f,0f,-0.8405f,0f,0f,0f,0.4061f,0f,0f,0f,1f],start_interpolation: 0,interpolation_duration: 1}
$data merge entity $(bone_slide) {transformation: [-0.9964f,0.0844f,-0.0011f,-0.0452f,0.0841f,0.9945f,0.0626f,-0.3847f,0.0064f,0.0623f,-0.998f,0.6119f,0f,0f,0f,1f],start_interpolation: 0,interpolation_duration: 1}
$data merge entity $(bone_barrel) {transformation: [-0.9964f,0.0844f,-0.0011f,0.0569f,0.0841f,0.9945f,0.0626f,-0.4744f,0.0064f,0.0623f,-0.998f,0.6062f,0f,0f,0f,1f],start_interpolation: 0,interpolation_duration: 1}
$data merge entity $(bone_magazine) {transformation: [-0.9964f,0.0844f,-0.0011f,-0.0567f,0.0841f,0.9945f,0.0626f,-0.5052f,0.0064f,0.0623f,-0.998f,0.407f,0f,0f,0f,1f],start_interpolation: 0,interpolation_duration: 1}
$data merge entity $(bone_grip) {transformation: [-0.9964f,0.0844f,-0.0011f,-0.0567f,0.0841f,0.9945f,0.0626f,-0.5052f,0.0064f,0.0623f,-0.998f,0.407f,0f,0f,0f,1f],start_interpolation: 0,interpolation_duration: 1}
$data merge entity $(bone_trigger) {transformation: [-0.9964f,0.0844f,-0.0011f,-0.0563f,0.0841f,0.9945f,0.0626f,-0.5027f,0.0064f,0.0623f,-0.998f,0.4379f,0f,0f,0f,1f],start_interpolation: 0,interpolation_duration: 1}
$data merge entity $(bone_trigger_gaurd) {transformation: [-0.9964f,0.0844f,-0.0011f,-0.0539f,0.0841f,0.9945f,0.0626f,-0.476f,0.0064f,0.0623f,-0.998f,0.472f,0f,0f,0f,1f],start_interpolation: 0,interpolation_duration: 1}
$data merge entity $(bone_right_arm) {transformation: [-0.9964f,-0.0011f,-0.0844f,-0.0931f,0.0841f,0.0626f,-0.9945f,-0.5028f,0.0064f,-0.998f,-0.0623f,0.0785f,0f,0f,0f,1f],start_interpolation: 0,interpolation_duration: 1}
$data merge entity $(bone_magazine1) {transformation: [0f,0f,0f,-0.1136f,0f,0f,0f,-0.4413f,0f,0f,0f,0.4334f,0f,0f,0f,1f],start_interpolation: 0,interpolation_duration: 1}
$data merge entity $(bone_left_arm) {transformation: [-0.8332f,0.4017f,0.38f,0.085f,-0.3724f,0.1001f,-0.9226f,-0.5093f,-0.4087f,-0.9103f,0.0662f,0.0906f,0f,0f,0f,1f],start_interpolation: 0,interpolation_duration: 1}
data modify entity @s data merge value {"cameras":{},"locators":{"barrel1":{"px":-0.0714728084663087,"py":-0.4474562555923239,"pz":0.7708181967044515,"ry":359.9347544671979,"rx":3.5881322079856504}}}