# This file was generated by Animated Java via MC-Build. It is not recommended to edit this file directly.
$data merge entity $(bone_muzzleflash) {transformation: [0f,0f,0f,-0.2014f,0f,0f,0f,-0.8375f,0f,0f,0f,0.4059f,0f,0f,0f,1f],start_interpolation: 0,interpolation_duration: 1}
$data merge entity $(bone_slide) {transformation: [-0.9964f,0.0844f,-0.0011f,-0.0453f,0.0842f,0.9947f,0.0595f,-0.381f,0.0061f,0.0591f,-0.9982f,0.6103f,0f,0f,0f,1f],start_interpolation: 0,interpolation_duration: 1}
$data merge entity $(bone_barrel) {transformation: [-0.9964f,0.0844f,-0.0011f,0.0569f,0.0842f,0.9947f,0.0595f,-0.4708f,0.0061f,0.0591f,-0.9982f,0.6048f,0f,0f,0f,1f],start_interpolation: 0,interpolation_duration: 1}
$data merge entity $(bone_magazine) {transformation: [-0.9964f,0.0844f,-0.0011f,-0.0567f,0.0842f,0.9947f,0.0595f,-0.5021f,0.0061f,0.0591f,-0.9982f,0.4058f,0f,0f,0f,1f],start_interpolation: 0,interpolation_duration: 1}
$data merge entity $(bone_grip) {transformation: [-0.9964f,0.0844f,-0.0011f,-0.0567f,0.0842f,0.9947f,0.0595f,-0.5021f,0.0061f,0.0591f,-0.9982f,0.4058f,0f,0f,0f,1f],start_interpolation: 0,interpolation_duration: 1}
$data merge entity $(bone_trigger) {transformation: [-0.9964f,0.0844f,-0.0011f,-0.0563f,0.0842f,0.9947f,0.0595f,-0.4996f,0.0061f,0.0591f,-0.9982f,0.4366f,0f,0f,0f,1f],start_interpolation: 0,interpolation_duration: 1}
$data merge entity $(bone_trigger_gaurd) {transformation: [-0.9964f,0.0844f,-0.0011f,-0.0539f,0.0842f,0.9947f,0.0595f,-0.4728f,0.0061f,0.0591f,-0.9982f,0.4707f,0f,0f,0f,1f],start_interpolation: 0,interpolation_duration: 1}
$data merge entity $(bone_right_arm) {transformation: [-0.9964f,-0.0011f,-0.0844f,-0.0931f,0.0842f,0.0595f,-0.9947f,-0.5008f,0.0061f,-0.9982f,-0.0591f,0.0773f,0f,0f,0f,1f],start_interpolation: 0,interpolation_duration: 1}
$data merge entity $(bone_magazine1) {transformation: [0f,0f,0f,-0.1136f,0f,0f,0f,-0.4382f,0f,0f,0f,0.4319f,0f,0f,0f,1f],start_interpolation: 0,interpolation_duration: 1}
$data merge entity $(bone_left_arm) {transformation: [-0.8332f,0.4017f,0.38f,0.085f,-0.3737f,0.0973f,-0.9224f,-0.5073f,-0.4075f,-0.9106f,0.0691f,0.0893f,0f,0f,0f,1f],start_interpolation: 0,interpolation_duration: 1}
data modify entity @s data merge value {"cameras":{},"locators":{"barrel1":{"px":-0.07147834229568537,"py":-0.44326641073746365,"pz":0.7693720224220391,"ry":359.9353029919493,"rx":3.4085377445281795}}}