# This file was generated by Animated Java via MC-Build. It is not recommended to edit this file directly.
$data merge entity $(bone_muzzleflash) {transformation: [0f,0f,0f,-0.2014f,0f,0f,0f,-0.8344f,0f,0f,0f,0.4057f,0f,0f,0f,1f],start_interpolation: 0,interpolation_duration: 1}
$data merge entity $(bone_slide) {transformation: [-0.9964f,0.0844f,-0.0011f,-0.0453f,0.0842f,0.9949f,0.0563f,-0.3774f,0.0059f,0.0561f,-0.9984f,0.6086f,0f,0f,0f,1f],start_interpolation: 0,interpolation_duration: 1}
$data merge entity $(bone_barrel) {transformation: [-0.9964f,0.0844f,-0.0011f,0.0569f,0.0842f,0.9949f,0.0563f,-0.4671f,0.0059f,0.0561f,-0.9984f,0.6035f,0f,0f,0f,1f],start_interpolation: 0,interpolation_duration: 1}
$data merge entity $(bone_magazine) {transformation: [-0.9964f,0.0844f,-0.0011f,-0.0567f,0.0842f,0.9949f,0.0563f,-0.4991f,0.0059f,0.0561f,-0.9984f,0.4045f,0f,0f,0f,1f],start_interpolation: 0,interpolation_duration: 1}
$data merge entity $(bone_grip) {transformation: [-0.9964f,0.0844f,-0.0011f,-0.0567f,0.0842f,0.9949f,0.0563f,-0.4991f,0.0059f,0.0561f,-0.9984f,0.4045f,0f,0f,0f,1f],start_interpolation: 0,interpolation_duration: 1}
$data merge entity $(bone_trigger) {transformation: [-0.9964f,0.0844f,-0.0011f,-0.0563f,0.0842f,0.9949f,0.0563f,-0.4965f,0.0059f,0.0561f,-0.9984f,0.4353f,0f,0f,0f,1f],start_interpolation: 0,interpolation_duration: 1}
$data merge entity $(bone_trigger_gaurd) {transformation: [-0.9964f,0.0844f,-0.0011f,-0.0539f,0.0842f,0.9949f,0.0563f,-0.4696f,0.0059f,0.0561f,-0.9984f,0.4693f,0f,0f,0f,1f],start_interpolation: 0,interpolation_duration: 1}
$data merge entity $(bone_right_arm) {transformation: [-0.9964f,-0.0011f,-0.0844f,-0.0931f,0.0842f,0.0563f,-0.9949f,-0.4988f,0.0059f,-0.9984f,-0.0561f,0.076f,0f,0f,0f,1f],start_interpolation: 0,interpolation_duration: 1}
$data merge entity $(bone_magazine1) {transformation: [0f,0f,0f,-0.1136f,0f,0f,0f,-0.4351f,0f,0f,0f,0.4305f,0f,0f,0f,1f],start_interpolation: 0,interpolation_duration: 1}
$data merge entity $(bone_left_arm) {transformation: [-0.8332f,0.4017f,0.38f,0.085f,-0.375f,0.0945f,-0.9222f,-0.5052f,-0.4064f,-0.9109f,0.0719f,0.0881f,0f,0f,0f,1f],start_interpolation: 0,interpolation_duration: 1}
data modify entity @s data merge value {"cameras":{},"locators":{"barrel1":{"px":-0.07148470878332733,"py":-0.43910568960363944,"pz":0.7679336319792108,"ry":359.93587180323436,"rx":3.2302327630933356}}}