# This file was generated by Animated Java via MC-Build. It is not recommended to edit this file directly.
$data merge entity $(bone_muzzleflash) {transformation: [0f,0f,0f,-0.2014f,0f,0f,0f,-0.8284f,0f,0f,0f,0.4053f,0f,0f,0f,1f],start_interpolation: 0,interpolation_duration: 1}
$data merge entity $(bone_slide) {transformation: [-0.9964f,0.0844f,-0.0011f,-0.0453f,0.0842f,0.9952f,0.0502f,-0.3701f,0.0053f,0.0499f,-0.9987f,0.6054f,0f,0f,0f,1f],start_interpolation: 0,interpolation_duration: 1}
$data merge entity $(bone_barrel) {transformation: [-0.9964f,0.0844f,-0.0011f,0.0569f,0.0842f,0.9952f,0.0502f,-0.4599f,0.0053f,0.0499f,-0.9987f,0.6008f,0f,0f,0f,1f],start_interpolation: 0,interpolation_duration: 1}
$data merge entity $(bone_magazine) {transformation: [-0.9964f,0.0844f,-0.0011f,-0.0567f,0.0842f,0.9952f,0.0502f,-0.4931f,0.0053f,0.0499f,-0.9987f,0.402f,0f,0f,0f,1f],start_interpolation: 0,interpolation_duration: 1}
$data merge entity $(bone_grip) {transformation: [-0.9964f,0.0844f,-0.0011f,-0.0567f,0.0842f,0.9952f,0.0502f,-0.4931f,0.0053f,0.0499f,-0.9987f,0.402f,0f,0f,0f,1f],start_interpolation: 0,interpolation_duration: 1}
$data merge entity $(bone_trigger) {transformation: [-0.9964f,0.0844f,-0.0011f,-0.0563f,0.0842f,0.9952f,0.0502f,-0.4903f,0.0053f,0.0499f,-0.9987f,0.4328f,0f,0f,0f,1f],start_interpolation: 0,interpolation_duration: 1}
$data merge entity $(bone_trigger_gaurd) {transformation: [-0.9964f,0.0844f,-0.0011f,-0.0539f,0.0842f,0.9952f,0.0502f,-0.4632f,0.0053f,0.0499f,-0.9987f,0.4667f,0f,0f,0f,1f],start_interpolation: 0,interpolation_duration: 1}
$data merge entity $(bone_right_arm) {transformation: [-0.9964f,-0.0011f,-0.0844f,-0.0931f,0.0842f,0.0502f,-0.9952f,-0.4948f,0.0053f,-0.9987f,-0.0499f,0.0735f,0f,0f,0f,1f],start_interpolation: 0,interpolation_duration: 1}
$data merge entity $(bone_magazine1) {transformation: [0f,0f,0f,-0.1136f,0f,0f,0f,-0.4289f,0f,0f,0f,0.4276f,0f,0f,0f,1f],start_interpolation: 0,interpolation_duration: 1}
$data merge entity $(bone_left_arm) {transformation: [-0.8332f,0.4018f,0.38f,0.085f,-0.3775f,0.0889f,-0.9217f,-0.5012f,-0.4041f,-0.9114f,0.0776f,0.0857f,0f,0f,0f,1f],start_interpolation: 0,interpolation_duration: 1}
data modify entity @s data merge value {"cameras":{},"locators":{"barrel1":{"px":-0.0714998616811373,"py":-0.4308888386933034,"pz":0.7650848745734771,"ry":359.9370567086585,"rx":2.8783115739904037}}}