# This file was generated by Animated Java via MC-Build. It is not recommended to edit this file directly.
$data merge entity $(bone_muzzleflash) {transformation: [0f,0f,0f,-0.2015f,0f,0f,0f,-0.8255f,0f,0f,0f,0.4051f,0f,0f,0f,1f],start_interpolation: 0,interpolation_duration: 1}
$data merge entity $(bone_slide) {transformation: [-0.9964f,0.0844f,-0.0011f,-0.0453f,0.0842f,0.9953f,0.0472f,-0.3666f,0.0051f,0.0469f,-0.9989f,0.6038f,0f,0f,0f,1f],start_interpolation: 0,interpolation_duration: 1}
$data merge entity $(bone_barrel) {transformation: [-0.9964f,0.0844f,-0.0011f,0.0569f,0.0842f,0.9953f,0.0472f,-0.4564f,0.0051f,0.0469f,-0.9989f,0.5995f,0f,0f,0f,1f],start_interpolation: 0,interpolation_duration: 1}
$data merge entity $(bone_magazine) {transformation: [-0.9964f,0.0844f,-0.0011f,-0.0568f,0.0842f,0.9953f,0.0472f,-0.4901f,0.0051f,0.0469f,-0.9989f,0.4008f,0f,0f,0f,1f],start_interpolation: 0,interpolation_duration: 1}
$data merge entity $(bone_grip) {transformation: [-0.9964f,0.0844f,-0.0011f,-0.0568f,0.0842f,0.9953f,0.0472f,-0.4901f,0.0051f,0.0469f,-0.9989f,0.4008f,0f,0f,0f,1f],start_interpolation: 0,interpolation_duration: 1}
$data merge entity $(bone_trigger) {transformation: [-0.9964f,0.0844f,-0.0011f,-0.0563f,0.0842f,0.9953f,0.0472f,-0.4872f,0.0051f,0.0469f,-0.9989f,0.4316f,0f,0f,0f,1f],start_interpolation: 0,interpolation_duration: 1}
$data merge entity $(bone_trigger_gaurd) {transformation: [-0.9964f,0.0844f,-0.0011f,-0.0539f,0.0842f,0.9953f,0.0472f,-0.46f,0.0051f,0.0469f,-0.9989f,0.4654f,0f,0f,0f,1f],start_interpolation: 0,interpolation_duration: 1}
$data merge entity $(bone_right_arm) {transformation: [-0.9964f,-0.0011f,-0.0844f,-0.0931f,0.0842f,0.0472f,-0.9953f,-0.4929f,0.0051f,-0.9989f,-0.0469f,0.0723f,0f,0f,0f,1f],start_interpolation: 0,interpolation_duration: 1}
$data merge entity $(bone_magazine1) {transformation: [0f,0f,0f,-0.1136f,0f,0f,0f,-0.4259f,0f,0f,0f,0.4262f,0f,0f,0f,1f],start_interpolation: 0,interpolation_duration: 1}
$data merge entity $(bone_left_arm) {transformation: [-0.8332f,0.4018f,0.3799f,0.085f,-0.3787f,0.0861f,-0.9215f,-0.4992f,-0.4029f,-0.9117f,0.0804f,0.0845f,0f,0f,0f,1f],start_interpolation: 0,interpolation_duration: 1}
data modify entity @s data merge value {"cameras":{},"locators":{"barrel1":{"px":-0.07150860533430031,"py":-0.4268413294887125,"pz":0.7636769181725374,"ry":359.9376657367103,"rx":2.705105528224932}}}