# This file was generated by Animated Java via MC-Build. It is not recommended to edit this file directly.
$data merge entity $(bone_muzzleflash) {transformation: [0f,0f,0f,-0.2015f,0f,0f,0f,-0.8225f,0f,0f,0f,0.4049f,0f,0f,0f,1f],start_interpolation: 0,interpolation_duration: 1}
$data merge entity $(bone_slide) {transformation: [-0.9964f,0.0844f,-0.0011f,-0.0453f,0.0843f,0.9955f,0.0442f,-0.3631f,0.0048f,0.044f,-0.999f,0.6022f,0f,0f,0f,1f],start_interpolation: 0,interpolation_duration: 1}
$data merge entity $(bone_barrel) {transformation: [-0.9964f,0.0844f,-0.0011f,0.0569f,0.0843f,0.9955f,0.0442f,-0.4528f,0.0048f,0.044f,-0.999f,0.5982f,0f,0f,0f,1f],start_interpolation: 0,interpolation_duration: 1}
$data merge entity $(bone_magazine) {transformation: [-0.9964f,0.0844f,-0.0011f,-0.0568f,0.0843f,0.9955f,0.0442f,-0.4872f,0.0048f,0.044f,-0.999f,0.3996f,0f,0f,0f,1f],start_interpolation: 0,interpolation_duration: 1}
$data merge entity $(bone_grip) {transformation: [-0.9964f,0.0844f,-0.0011f,-0.0568f,0.0843f,0.9955f,0.0442f,-0.4872f,0.0048f,0.044f,-0.999f,0.3996f,0f,0f,0f,1f],start_interpolation: 0,interpolation_duration: 1}
$data merge entity $(bone_trigger) {transformation: [-0.9964f,0.0844f,-0.0011f,-0.0564f,0.0843f,0.9955f,0.0442f,-0.4842f,0.0048f,0.044f,-0.999f,0.4304f,0f,0f,0f,1f],start_interpolation: 0,interpolation_duration: 1}
$data merge entity $(bone_trigger_gaurd) {transformation: [-0.9964f,0.0844f,-0.0011f,-0.0539f,0.0843f,0.9955f,0.0442f,-0.4569f,0.0048f,0.044f,-0.999f,0.4641f,0f,0f,0f,1f],start_interpolation: 0,interpolation_duration: 1}
$data merge entity $(bone_right_arm) {transformation: [-0.9964f,-0.0011f,-0.0844f,-0.0932f,0.0843f,0.0442f,-0.9955f,-0.4909f,0.0048f,-0.999f,-0.044f,0.0711f,0f,0f,0f,1f],start_interpolation: 0,interpolation_duration: 1}
$data merge entity $(bone_magazine1) {transformation: [0f,0f,0f,-0.1136f,0f,0f,0f,-0.4229f,0f,0f,0f,0.4248f,0f,0f,0f,1f],start_interpolation: 0,interpolation_duration: 1}
$data merge entity $(bone_left_arm) {transformation: [-0.8332f,0.4018f,0.3799f,0.085f,-0.3799f,0.0834f,-0.9213f,-0.4972f,-0.4018f,-0.9119f,0.0832f,0.0833f,0f,0f,0f,1f],start_interpolation: 0,interpolation_duration: 1}
data modify entity @s data merge value {"cameras":{},"locators":{"barrel1":{"px":-0.07151809659439963,"py":-0.42284018446232696,"pz":0.7622815652992738,"ry":359.93828095579454,"rx":2.534009288561951}}}