# This file was generated by Animated Java via MC-Build. It is not recommended to edit this file directly.
$data merge entity $(bone_muzzleflash) {transformation: [0f,0f,0f,-0.2048f,0f,0f,0f,-0.7597f,0f,0f,0f,0.3984f,0f,0f,0f,1f],start_interpolation: 0,interpolation_duration: 1}
$data merge entity $(bone_slide) {transformation: [-0.9959f,0.0909f,-0.001f,-0.0456f,0.0909f,0.9958f,-0.0142f,-0.2905f,-0.0003f,-0.0143f,-0.9999f,0.5686f,0f,0f,0f,1f],start_interpolation: 0,interpolation_duration: 1}
$data merge entity $(bone_barrel) {transformation: [-0.9959f,0.0909f,-0.001f,0.056f,0.0909f,0.9958f,-0.0142f,-0.381f,-0.0003f,-0.0143f,-0.9999f,0.5698f,0f,0f,0f,1f],start_interpolation: 0,interpolation_duration: 1}
$data merge entity $(bone_magazine) {transformation: [-0.9959f,0.0909f,-0.001f,-0.0579f,0.0909f,0.9958f,-0.0142f,-0.4262f,-0.0003f,-0.0143f,-0.9999f,0.3736f,0f,0f,0f,1f],start_interpolation: 0,interpolation_duration: 1}
$data merge entity $(bone_grip) {transformation: [-0.9959f,0.0909f,-0.001f,-0.0579f,0.0909f,0.9958f,-0.0142f,-0.4262f,-0.0003f,-0.0143f,-0.9999f,0.3736f,0f,0f,0f,1f],start_interpolation: 0,interpolation_duration: 1}
$data merge entity $(bone_trigger) {transformation: [-0.9959f,0.0909f,-0.001f,-0.0575f,0.0909f,0.9958f,-0.0142f,-0.4214f,-0.0003f,-0.0143f,-0.9999f,0.4041f,0f,0f,0f,1f],start_interpolation: 0,interpolation_duration: 1}
$data merge entity $(bone_trigger_gaurd) {transformation: [-0.9959f,0.0909f,-0.001f,-0.0548f,0.0909f,0.9958f,-0.0142f,-0.3922f,-0.0003f,-0.0143f,-0.9999f,0.4362f,0f,0f,0f,1f],start_interpolation: 0,interpolation_duration: 1}
$data merge entity $(bone_right_arm) {transformation: [-0.9959f,-0.001f,-0.0909f,-0.0944f,0.0909f,-0.0142f,-0.9958f,-0.4489f,-0.0003f,-0.9999f,0.0143f,0.0458f,0f,0f,0f,1f],start_interpolation: 0,interpolation_duration: 1}
$data merge entity $(bone_magazine1) {transformation: [0f,0f,0f,-0.1143f,0f,0f,0f,-0.3601f,0f,0f,0f,0.395f,0f,0f,0f,1f],start_interpolation: 0,interpolation_duration: 1}
$data merge entity $(bone_left_arm) {transformation: [-0.8358f,0.4021f,0.3739f,0.0837f,-0.3973f,0.0273f,-0.9173f,-0.4556f,-0.3791f,-0.9152f,0.1369f,0.0584f,0f,0f,0f,1f],start_interpolation: 0,interpolation_duration: 1}
data modify entity @s data merge value {"cameras":{},"locators":{"barrel1":{"px":-0.07215638276173553,"py":-0.34063920331760683,"pz":0.7318522025446164,"ry":359.9436655458111,"rx":-0.8160064968316677}}}