# This file was generated by Animated Java via MC-Build. It is not recommended to edit this file directly.
$data merge entity $(bone_muzzleflash) {transformation: [0f,0f,0f,-0.2259f,0f,0f,0f,-0.7482f,0f,0f,0f,0.3983f,0f,0f,0f,1f],start_interpolation: 0,interpolation_duration: 1}
$data merge entity $(bone_slide) {transformation: [-0.9911f,0.1331f,-0.0011f,-0.047f,0.1331f,0.9911f,-0.0025f,-0.2882f,0.0007f,-0.0027f,-1f,0.5739f,0f,0f,0f,1f],start_interpolation: 0,interpolation_duration: 1}
$data merge entity $(bone_barrel) {transformation: [-0.9911f,0.1331f,-0.0011f,0.0506f,0.1331f,0.9911f,-0.0025f,-0.383f,0.0007f,-0.0027f,-1f,0.5741f,0f,0f,0f,1f],start_interpolation: 0,interpolation_duration: 1}
$data merge entity $(bone_magazine) {transformation: [-0.9911f,0.1331f,-0.0011f,-0.065f,0.1331f,0.9911f,-0.0025f,-0.421f,0.0007f,-0.0027f,-1f,0.3773f,0f,0f,0f,1f],start_interpolation: 0,interpolation_duration: 1}
$data merge entity $(bone_grip) {transformation: [-0.9911f,0.1331f,-0.0011f,-0.065f,0.1331f,0.9911f,-0.0025f,-0.421f,0.0007f,-0.0027f,-1f,0.3773f,0f,0f,0f,1f],start_interpolation: 0,interpolation_duration: 1}
$data merge entity $(bone_trigger) {transformation: [-0.9911f,0.1331f,-0.0011f,-0.0644f,0.1331f,0.9911f,-0.0025f,-0.4166f,0.0007f,-0.0027f,-1f,0.4079f,0f,0f,0f,1f],start_interpolation: 0,interpolation_duration: 1}
$data merge entity $(bone_trigger_gaurd) {transformation: [-0.9911f,0.1331f,-0.0011f,-0.0605f,0.1331f,0.9911f,-0.0025f,-0.3879f,0.0007f,-0.0027f,-1f,0.4403f,0f,0f,0f,1f],start_interpolation: 0,interpolation_duration: 1}
$data merge entity $(bone_right_arm) {transformation: [-0.9911f,-0.0011f,-0.1331f,-0.1022f,0.1331f,-0.0025f,-0.9911f,-0.4383f,0.0007f,-1f,0.0027f,0.0494f,0f,0f,0f,1f],start_interpolation: 0,interpolation_duration: 1}
$data merge entity $(bone_magazine1) {transformation: [0f,0f,0f,-0.1185f,0f,0f,0f,-0.3528f,0f,0f,0f,0.3995f,0f,0f,0f,1f],start_interpolation: 0,interpolation_duration: 1}
$data merge entity $(bone_left_arm) {transformation: [-0.8517f,0.4034f,0.3346f,0.0754f,-0.357f,0.0209f,-0.9339f,-0.4527f,-0.3837f,-0.9148f,0.1262f,0.0618f,0f,0f,0f,1f],start_interpolation: 0,interpolation_duration: 1}
data modify entity @s data merge value {"cameras":{},"locators":{"barrel1":{"px":-0.07578423625580165,"py":-0.3390731817923842,"pz":0.7365760673127257,"ry":359.93969692387844,"rx":-0.1451297787515096}}}