# This file was generated by Animated Java via MC-Build. It is not recommended to edit this file directly.
$data merge entity $(bone_muzzleflash) {transformation: [0f,0f,0f,-0.2015f,0f,0f,0f,-0.8196f,0f,0f,0f,0.4047f,0f,0f,0f,1f],start_interpolation: 0,interpolation_duration: 1}
$data merge entity $(bone_slide) {transformation: [-0.9964f,0.0844f,-0.0011f,-0.0453f,0.0843f,0.9956f,0.0413f,-0.3596f,0.0045f,0.041f,-0.9991f,0.6007f,0f,0f,0f,1f],start_interpolation: 0,interpolation_duration: 1}
$data merge entity $(bone_barrel) {transformation: [-0.9964f,0.0844f,-0.0011f,0.0569f,0.0843f,0.9956f,0.0413f,-0.4494f,0.0045f,0.041f,-0.9991f,0.5969f,0f,0f,0f,1f],start_interpolation: 0,interpolation_duration: 1}
$data merge entity $(bone_magazine) {transformation: [-0.9964f,0.0844f,-0.0011f,-0.0568f,0.0843f,0.9956f,0.0413f,-0.4843f,0.0045f,0.041f,-0.9991f,0.3984f,0f,0f,0f,1f],start_interpolation: 0,interpolation_duration: 1}
$data merge entity $(bone_grip) {transformation: [-0.9964f,0.0844f,-0.0011f,-0.0568f,0.0843f,0.9956f,0.0413f,-0.4843f,0.0045f,0.041f,-0.9991f,0.3984f,0f,0f,0f,1f],start_interpolation: 0,interpolation_duration: 1}
$data merge entity $(bone_trigger) {transformation: [-0.9964f,0.0844f,-0.0011f,-0.0564f,0.0843f,0.9956f,0.0413f,-0.4813f,0.0045f,0.041f,-0.9991f,0.4292f,0f,0f,0f,1f],start_interpolation: 0,interpolation_duration: 1}
$data merge entity $(bone_trigger_gaurd) {transformation: [-0.9964f,0.0844f,-0.0011f,-0.0539f,0.0843f,0.9956f,0.0413f,-0.4538f,0.0045f,0.041f,-0.9991f,0.4628f,0f,0f,0f,1f],start_interpolation: 0,interpolation_duration: 1}
$data merge entity $(bone_right_arm) {transformation: [-0.9964f,-0.0011f,-0.0844f,-0.0932f,0.0843f,0.0413f,-0.9956f,-0.489f,0.0045f,-0.9991f,-0.041f,0.0699f,0f,0f,0f,1f],start_interpolation: 0,interpolation_duration: 1}
$data merge entity $(bone_magazine1) {transformation: [0f,0f,0f,-0.1136f,0f,0f,0f,-0.4199f,0f,0f,0f,0.4234f,0f,0f,0f,1f],start_interpolation: 0,interpolation_duration: 1}
$data merge entity $(bone_left_arm) {transformation: [-0.8332f,0.4018f,0.3799f,0.085f,-0.381f,0.0807f,-0.921f,-0.4953f,-0.4007f,-0.9122f,0.0859f,0.0821f,0f,0f,0f,1f],start_interpolation: 0,interpolation_duration: 1}
data modify entity @s data merge value {"cameras":{},"locators":{"barrel1":{"px":-0.07152831141684972,"py":-0.41888972282707726,"pz":0.7609000924207517,"ry":359.93889863946004,"rx":2.3652279346500893}}}