# This file was generated by Animated Java via MC-Build. It is not recommended to edit this file directly.
$data merge entity $(bone_muzzleflash) {transformation: [0f,0f,0f,-0.2015f,0f,0f,0f,-0.8168f,0f,0f,0f,0.4045f,0f,0f,0f,1f],start_interpolation: 0,interpolation_duration: 1}
$data merge entity $(bone_slide) {transformation: [-0.9964f,0.0845f,-0.0011f,-0.0453f,0.0844f,0.9957f,0.0384f,-0.3562f,0.0043f,0.0381f,-0.9993f,0.5991f,0f,0f,0f,1f],start_interpolation: 0,interpolation_duration: 1}
$data merge entity $(bone_barrel) {transformation: [-0.9964f,0.0845f,-0.0011f,0.0569f,0.0844f,0.9957f,0.0384f,-0.446f,0.0043f,0.0381f,-0.9993f,0.5956f,0f,0f,0f,1f],start_interpolation: 0,interpolation_duration: 1}
$data merge entity $(bone_magazine) {transformation: [-0.9964f,0.0845f,-0.0011f,-0.0568f,0.0844f,0.9957f,0.0384f,-0.4815f,0.0043f,0.0381f,-0.9993f,0.3972f,0f,0f,0f,1f],start_interpolation: 0,interpolation_duration: 1}
$data merge entity $(bone_grip) {transformation: [-0.9964f,0.0845f,-0.0011f,-0.0568f,0.0844f,0.9957f,0.0384f,-0.4815f,0.0043f,0.0381f,-0.9993f,0.3972f,0f,0f,0f,1f],start_interpolation: 0,interpolation_duration: 1}
$data merge entity $(bone_trigger) {transformation: [-0.9964f,0.0845f,-0.0011f,-0.0564f,0.0844f,0.9957f,0.0384f,-0.4783f,0.0043f,0.0381f,-0.9993f,0.428f,0f,0f,0f,1f],start_interpolation: 0,interpolation_duration: 1}
$data merge entity $(bone_trigger_gaurd) {transformation: [-0.9964f,0.0845f,-0.0011f,-0.0539f,0.0844f,0.9957f,0.0384f,-0.4508f,0.0043f,0.0381f,-0.9993f,0.4615f,0f,0f,0f,1f],start_interpolation: 0,interpolation_duration: 1}
$data merge entity $(bone_right_arm) {transformation: [-0.9964f,-0.0011f,-0.0845f,-0.0932f,0.0844f,0.0384f,-0.9957f,-0.4871f,0.0043f,-0.9993f,-0.0381f,0.0688f,0f,0f,0f,1f],start_interpolation: 0,interpolation_duration: 1}
$data merge entity $(bone_magazine1) {transformation: [0f,0f,0f,-0.1136f,0f,0f,0f,-0.417f,0f,0f,0f,0.4221f,0f,0f,0f,1f],start_interpolation: 0,interpolation_duration: 1}
$data merge entity $(bone_left_arm) {transformation: [-0.8332f,0.4018f,0.3799f,0.085f,-0.3822f,0.078f,-0.9208f,-0.4934f,-0.3996f,-0.9124f,0.0886f,0.081f,0f,0f,0f,1f],start_interpolation: 0,interpolation_duration: 1}
data modify entity @s data merge value {"cameras":{},"locators":{"barrel1":{"px":-0.07153922515451368,"py":-0.4149942667456161,"pz":0.75953380285669,"ry":359.9395150204912,"rx":2.198966545914434}}}