# This file was generated by Animated Java via MC-Build. It is not recommended to edit this file directly.
$data merge entity $(bone_muzzleflash) {transformation: [0f,0f,0f,-0.2015f,0f,0f,0f,-0.8139f,0f,0f,0f,0.4043f,0f,0f,0f,1f],start_interpolation: 0,interpolation_duration: 1}
$data merge entity $(bone_slide) {transformation: [-0.9964f,0.0845f,-0.001f,-0.0453f,0.0844f,0.9958f,0.0355f,-0.3528f,0.004f,0.0353f,-0.9994f,0.5976f,0f,0f,0f,1f],start_interpolation: 0,interpolation_duration: 1}
$data merge entity $(bone_barrel) {transformation: [-0.9964f,0.0845f,-0.001f,0.0568f,0.0844f,0.9958f,0.0355f,-0.4426f,0.004f,0.0353f,-0.9994f,0.5943f,0f,0f,0f,1f],start_interpolation: 0,interpolation_duration: 1}
$data merge entity $(bone_magazine) {transformation: [-0.9964f,0.0845f,-0.001f,-0.0568f,0.0844f,0.9958f,0.0355f,-0.4787f,0.004f,0.0353f,-0.9994f,0.3961f,0f,0f,0f,1f],start_interpolation: 0,interpolation_duration: 1}
$data merge entity $(bone_grip) {transformation: [-0.9964f,0.0845f,-0.001f,-0.0568f,0.0844f,0.9958f,0.0355f,-0.4787f,0.004f,0.0353f,-0.9994f,0.3961f,0f,0f,0f,1f],start_interpolation: 0,interpolation_duration: 1}
$data merge entity $(bone_trigger) {transformation: [-0.9964f,0.0845f,-0.001f,-0.0564f,0.0844f,0.9958f,0.0355f,-0.4754f,0.004f,0.0353f,-0.9994f,0.4268f,0f,0f,0f,1f],start_interpolation: 0,interpolation_duration: 1}
$data merge entity $(bone_trigger_gaurd) {transformation: [-0.9964f,0.0845f,-0.001f,-0.0539f,0.0844f,0.9958f,0.0355f,-0.4478f,0.004f,0.0353f,-0.9994f,0.4603f,0f,0f,0f,1f],start_interpolation: 0,interpolation_duration: 1}
$data merge entity $(bone_right_arm) {transformation: [-0.9964f,-0.001f,-0.0845f,-0.0932f,0.0844f,0.0355f,-0.9958f,-0.4853f,0.004f,-0.9994f,-0.0353f,0.0676f,0f,0f,0f,1f],start_interpolation: 0,interpolation_duration: 1}
$data merge entity $(bone_magazine1) {transformation: [0f,0f,0f,-0.1136f,0f,0f,0f,-0.4141f,0f,0f,0f,0.4207f,0f,0f,0f,1f],start_interpolation: 0,interpolation_duration: 1}
$data merge entity $(bone_left_arm) {transformation: [-0.8332f,0.4018f,0.3798f,0.085f,-0.3833f,0.0754f,-0.9206f,-0.4915f,-0.3985f,-0.9126f,0.0912f,0.0799f,0f,0f,0f,1f],start_interpolation: 0,interpolation_duration: 1}
data modify entity @s data merge value {"cameras":{},"locators":{"barrel1":{"px":-0.07155081283644478,"py":-0.41115814098771075,"pz":0.7581840257317592,"ry":359.9401263128524,"rx":2.035430201741084}}}