# This file was generated by Animated Java via MC-Build. It is not recommended to edit this file directly.
$data merge entity $(bone_muzzleflash) {transformation: [0f,0f,0f,-0.2016f,0f,0f,0f,-0.8112f,0f,0f,0f,0.4041f,0f,0f,0f,1f],start_interpolation: 0,interpolation_duration: 1}
$data merge entity $(bone_slide) {transformation: [-0.9964f,0.0846f,-0.001f,-0.0453f,0.0845f,0.9959f,0.0327f,-0.3495f,0.0038f,0.0325f,-0.9995f,0.5961f,0f,0f,0f,1f],start_interpolation: 0,interpolation_duration: 1}
$data merge entity $(bone_barrel) {transformation: [-0.9964f,0.0846f,-0.001f,0.0568f,0.0845f,0.9959f,0.0327f,-0.4393f,0.0038f,0.0325f,-0.9995f,0.5931f,0f,0f,0f,1f],start_interpolation: 0,interpolation_duration: 1}
$data merge entity $(bone_magazine) {transformation: [-0.9964f,0.0846f,-0.001f,-0.0568f,0.0845f,0.9959f,0.0327f,-0.4759f,0.0038f,0.0325f,-0.9995f,0.3949f,0f,0f,0f,1f],start_interpolation: 0,interpolation_duration: 1}
$data merge entity $(bone_grip) {transformation: [-0.9964f,0.0846f,-0.001f,-0.0568f,0.0845f,0.9959f,0.0327f,-0.4759f,0.0038f,0.0325f,-0.9995f,0.3949f,0f,0f,0f,1f],start_interpolation: 0,interpolation_duration: 1}
$data merge entity $(bone_trigger) {transformation: [-0.9964f,0.0846f,-0.001f,-0.0564f,0.0845f,0.9959f,0.0327f,-0.4726f,0.0038f,0.0325f,-0.9995f,0.4257f,0f,0f,0f,1f],start_interpolation: 0,interpolation_duration: 1}
$data merge entity $(bone_trigger_gaurd) {transformation: [-0.9964f,0.0846f,-0.001f,-0.0539f,0.0845f,0.9959f,0.0327f,-0.4449f,0.0038f,0.0325f,-0.9995f,0.4591f,0f,0f,0f,1f],start_interpolation: 0,interpolation_duration: 1}
$data merge entity $(bone_right_arm) {transformation: [-0.9964f,-0.001f,-0.0846f,-0.0932f,0.0845f,0.0327f,-0.9959f,-0.4834f,0.0038f,-0.9995f,-0.0325f,0.0665f,0f,0f,0f,1f],start_interpolation: 0,interpolation_duration: 1}
$data merge entity $(bone_magazine1) {transformation: [0f,0f,0f,-0.1136f,0f,0f,0f,-0.4113f,0f,0f,0f,0.4194f,0f,0f,0f,1f],start_interpolation: 0,interpolation_duration: 1}
$data merge entity $(bone_left_arm) {transformation: [-0.8333f,0.4018f,0.3798f,0.085f,-0.3843f,0.0728f,-0.9203f,-0.4896f,-0.3975f,-0.9128f,0.0938f,0.0788f,0f,0f,0f,1f],start_interpolation: 0,interpolation_duration: 1}
data modify entity @s data merge value {"cameras":{},"locators":{"barrel1":{"px":-0.07156304946009678,"py":-0.40738567259124764,"pz":0.7568521148334695,"ry":359.940728734678,"rx":1.8748239816715582}}}