# This file was generated by Animated Java via MC-Build. It is not recommended to edit this file directly.
$data merge entity $(bone_muzzleflash) {transformation: [0f,0f,0f,-0.2016f,0f,0f,0f,-0.8084f,0f,0f,0f,0.4039f,0f,0f,0f,1f],start_interpolation: 0,interpolation_duration: 1}
$data merge entity $(bone_slide) {transformation: [-0.9964f,0.0846f,-0.001f,-0.0453f,0.0846f,0.996f,0.03f,-0.3462f,0.0036f,0.0298f,-0.9996f,0.5947f,0f,0f,0f,1f],start_interpolation: 0,interpolation_duration: 1}
$data merge entity $(bone_barrel) {transformation: [-0.9964f,0.0846f,-0.001f,0.0568f,0.0846f,0.996f,0.03f,-0.4361f,0.0036f,0.0298f,-0.9996f,0.5919f,0f,0f,0f,1f],start_interpolation: 0,interpolation_duration: 1}
$data merge entity $(bone_magazine) {transformation: [-0.9964f,0.0846f,-0.001f,-0.0568f,0.0846f,0.996f,0.03f,-0.4732f,0.0036f,0.0298f,-0.9996f,0.3938f,0f,0f,0f,1f],start_interpolation: 0,interpolation_duration: 1}
$data merge entity $(bone_grip) {transformation: [-0.9964f,0.0846f,-0.001f,-0.0568f,0.0846f,0.996f,0.03f,-0.4732f,0.0036f,0.0298f,-0.9996f,0.3938f,0f,0f,0f,1f],start_interpolation: 0,interpolation_duration: 1}
$data merge entity $(bone_trigger) {transformation: [-0.9964f,0.0846f,-0.001f,-0.0564f,0.0846f,0.996f,0.03f,-0.4698f,0.0036f,0.0298f,-0.9996f,0.4246f,0f,0f,0f,1f],start_interpolation: 0,interpolation_duration: 1}
$data merge entity $(bone_trigger_gaurd) {transformation: [-0.9964f,0.0846f,-0.001f,-0.0539f,0.0846f,0.996f,0.03f,-0.442f,0.0036f,0.0298f,-0.9996f,0.4579f,0f,0f,0f,1f],start_interpolation: 0,interpolation_duration: 1}
$data merge entity $(bone_right_arm) {transformation: [-0.9964f,-0.001f,-0.0846f,-0.0932f,0.0846f,0.03f,-0.996f,-0.4816f,0.0036f,-0.9996f,-0.0298f,0.0654f,0f,0f,0f,1f],start_interpolation: 0,interpolation_duration: 1}
$data merge entity $(bone_magazine1) {transformation: [0f,0f,0f,-0.1136f,0f,0f,0f,-0.4085f,0f,0f,0f,0.4181f,0f,0f,0f,1f],start_interpolation: 0,interpolation_duration: 1}
$data merge entity $(bone_left_arm) {transformation: [-0.8333f,0.4018f,0.3797f,0.0849f,-0.3854f,0.0703f,-0.9201f,-0.4878f,-0.3964f,-0.913f,0.0963f,0.0777f,0f,0f,0f,1f],start_interpolation: 0,interpolation_duration: 1}
data modify entity @s data merge value {"cameras":{},"locators":{"barrel1":{"px":-0.07157591029696665,"py":-0.4036811905281411,"pz":0.7555394473756225,"ry":359.9413185323136,"rx":1.717352965604999}}}