# This file was generated by Animated Java via MC-Build. It is not recommended to edit this file directly.
$data merge entity $(bone_muzzleflash) {transformation: [0f,0f,0f,-0.2017f,0f,0f,0f,-0.8057f,0f,0f,0f,0.4037f,0f,0f,0f,1f],start_interpolation: 0,interpolation_duration: 1}
$data merge entity $(bone_slide) {transformation: [-0.9964f,0.0847f,-0.001f,-0.0453f,0.0847f,0.996f,0.0273f,-0.343f,0.0033f,0.0271f,-0.9996f,0.5932f,0f,0f,0f,1f],start_interpolation: 0,interpolation_duration: 1}
$data merge entity $(bone_barrel) {transformation: [-0.9964f,0.0847f,-0.001f,0.0568f,0.0847f,0.996f,0.0273f,-0.4329f,0.0033f,0.0271f,-0.9996f,0.5907f,0f,0f,0f,1f],start_interpolation: 0,interpolation_duration: 1}
$data merge entity $(bone_magazine) {transformation: [-0.9964f,0.0847f,-0.001f,-0.0568f,0.0847f,0.996f,0.0273f,-0.4706f,0.0033f,0.0271f,-0.9996f,0.3927f,0f,0f,0f,1f],start_interpolation: 0,interpolation_duration: 1}
$data merge entity $(bone_grip) {transformation: [-0.9964f,0.0847f,-0.001f,-0.0568f,0.0847f,0.996f,0.0273f,-0.4706f,0.0033f,0.0271f,-0.9996f,0.3927f,0f,0f,0f,1f],start_interpolation: 0,interpolation_duration: 1}
$data merge entity $(bone_trigger) {transformation: [-0.9964f,0.0847f,-0.001f,-0.0564f,0.0847f,0.996f,0.0273f,-0.4671f,0.0033f,0.0271f,-0.9996f,0.4234f,0f,0f,0f,1f],start_interpolation: 0,interpolation_duration: 1}
$data merge entity $(bone_trigger_gaurd) {transformation: [-0.9964f,0.0847f,-0.001f,-0.054f,0.0847f,0.996f,0.0273f,-0.4392f,0.0033f,0.0271f,-0.9996f,0.4567f,0f,0f,0f,1f],start_interpolation: 0,interpolation_duration: 1}
$data merge entity $(bone_right_arm) {transformation: [-0.9964f,-0.001f,-0.0847f,-0.0932f,0.0847f,0.0273f,-0.996f,-0.4798f,0.0033f,-0.9996f,-0.0271f,0.0643f,0f,0f,0f,1f],start_interpolation: 0,interpolation_duration: 1}
$data merge entity $(bone_magazine1) {transformation: [0f,0f,0f,-0.1137f,0f,0f,0f,-0.4058f,0f,0f,0f,0.4168f,0f,0f,0f,1f],start_interpolation: 0,interpolation_duration: 1}
$data merge entity $(bone_left_arm) {transformation: [-0.8333f,0.4018f,0.3796f,0.0849f,-0.3864f,0.0678f,-0.9198f,-0.486f,-0.3954f,-0.9132f,0.0988f,0.0766f,0f,0f,0f,1f],start_interpolation: 0,interpolation_duration: 1}
data modify entity @s data merge value {"cameras":{},"locators":{"barrel1":{"px":-0.07158937121162483,"py":-0.4000490253763094,"pz":0.7542474226673272,"ry":359.9418920054152,"rx":1.5632222340060014}}}