# This file was generated by Animated Java via MC-Build. It is not recommended to edit this file directly.
$data merge entity $(bone_muzzleflash) {transformation: [0f,0f,0f,-0.2017f,0f,0f,0f,-0.8031f,0f,0f,0f,0.4035f,0f,0f,0f,1f],start_interpolation: 0,interpolation_duration: 1}
$data merge entity $(bone_slide) {transformation: [-0.9964f,0.0848f,-0.001f,-0.0453f,0.0847f,0.9961f,0.0247f,-0.3399f,0.0031f,0.0245f,-0.9997f,0.5918f,0f,0f,0f,1f],start_interpolation: 0,interpolation_duration: 1}
$data merge entity $(bone_barrel) {transformation: [-0.9964f,0.0848f,-0.001f,0.0568f,0.0847f,0.9961f,0.0247f,-0.4298f,0.0031f,0.0245f,-0.9997f,0.5895f,0f,0f,0f,1f],start_interpolation: 0,interpolation_duration: 1}
$data merge entity $(bone_magazine) {transformation: [-0.9964f,0.0848f,-0.001f,-0.0568f,0.0847f,0.9961f,0.0247f,-0.468f,0.0031f,0.0245f,-0.9997f,0.3916f,0f,0f,0f,1f],start_interpolation: 0,interpolation_duration: 1}
$data merge entity $(bone_grip) {transformation: [-0.9964f,0.0848f,-0.001f,-0.0568f,0.0847f,0.9961f,0.0247f,-0.468f,0.0031f,0.0245f,-0.9997f,0.3916f,0f,0f,0f,1f],start_interpolation: 0,interpolation_duration: 1}
$data merge entity $(bone_trigger) {transformation: [-0.9964f,0.0848f,-0.001f,-0.0564f,0.0847f,0.9961f,0.0247f,-0.4644f,0.0031f,0.0245f,-0.9997f,0.4224f,0f,0f,0f,1f],start_interpolation: 0,interpolation_duration: 1}
$data merge entity $(bone_trigger_gaurd) {transformation: [-0.9964f,0.0848f,-0.001f,-0.054f,0.0847f,0.9961f,0.0247f,-0.4364f,0.0031f,0.0245f,-0.9997f,0.4555f,0f,0f,0f,1f],start_interpolation: 0,interpolation_duration: 1}
$data merge entity $(bone_right_arm) {transformation: [-0.9964f,-0.001f,-0.0848f,-0.0932f,0.0847f,0.0247f,-0.9961f,-0.4781f,0.0031f,-0.9997f,-0.0245f,0.0633f,0f,0f,0f,1f],start_interpolation: 0,interpolation_duration: 1}
$data merge entity $(bone_magazine1) {transformation: [0f,0f,0f,-0.1137f,0f,0f,0f,-0.4031f,0f,0f,0f,0.4156f,0f,0f,0f,1f],start_interpolation: 0,interpolation_duration: 1}
$data merge entity $(bone_left_arm) {transformation: [-0.8333f,0.4019f,0.3796f,0.0849f,-0.3873f,0.0654f,-0.9196f,-0.4842f,-0.3944f,-0.9134f,0.1012f,0.0756f,0f,0f,0f,1f],start_interpolation: 0,interpolation_duration: 1}
data modify entity @s data merge value {"cameras":{},"locators":{"barrel1":{"px":-0.07160340899409089,"py":-0.396493508998745,"pz":0.7529774606876074,"ry":359.9424455331106,"rx":1.4126368681151407}}}