# This file was generated by Animated Java via MC-Build. It is not recommended to edit this file directly.
$data merge entity $(bone_muzzleflash) {transformation: [0f,0f,0f,-0.2017f,0f,0f,0f,-0.8005f,0f,0f,0f,0.4033f,0f,0f,0f,1f],start_interpolation: 0,interpolation_duration: 1}
$data merge entity $(bone_slide) {transformation: [-0.9964f,0.0849f,-0.001f,-0.0453f,0.0848f,0.9961f,0.0221f,-0.3368f,0.0029f,0.0219f,-0.9998f,0.5904f,0f,0f,0f,1f],start_interpolation: 0,interpolation_duration: 1}
$data merge entity $(bone_barrel) {transformation: [-0.9964f,0.0849f,-0.001f,0.0568f,0.0848f,0.9961f,0.0221f,-0.4267f,0.0029f,0.0219f,-0.9998f,0.5883f,0f,0f,0f,1f],start_interpolation: 0,interpolation_duration: 1}
$data merge entity $(bone_magazine) {transformation: [-0.9964f,0.0849f,-0.001f,-0.0569f,0.0848f,0.9961f,0.0221f,-0.4654f,0.0029f,0.0219f,-0.9998f,0.3906f,0f,0f,0f,1f],start_interpolation: 0,interpolation_duration: 1}
$data merge entity $(bone_grip) {transformation: [-0.9964f,0.0849f,-0.001f,-0.0569f,0.0848f,0.9961f,0.0221f,-0.4654f,0.0029f,0.0219f,-0.9998f,0.3906f,0f,0f,0f,1f],start_interpolation: 0,interpolation_duration: 1}
$data merge entity $(bone_trigger) {transformation: [-0.9964f,0.0849f,-0.001f,-0.0565f,0.0848f,0.9961f,0.0221f,-0.4617f,0.0029f,0.0219f,-0.9998f,0.4213f,0f,0f,0f,1f],start_interpolation: 0,interpolation_duration: 1}
$data merge entity $(bone_trigger_gaurd) {transformation: [-0.9964f,0.0849f,-0.001f,-0.054f,0.0848f,0.9961f,0.0221f,-0.4337f,0.0029f,0.0219f,-0.9998f,0.4544f,0f,0f,0f,1f],start_interpolation: 0,interpolation_duration: 1}
$data merge entity $(bone_right_arm) {transformation: [-0.9964f,-0.001f,-0.0849f,-0.0932f,0.0848f,0.0221f,-0.9961f,-0.4764f,0.0029f,-0.9998f,-0.0219f,0.0622f,0f,0f,0f,1f],start_interpolation: 0,interpolation_duration: 1}
$data merge entity $(bone_magazine1) {transformation: [0f,0f,0f,-0.1137f,0f,0f,0f,-0.4005f,0f,0f,0f,0.4143f,0f,0f,0f,1f],start_interpolation: 0,interpolation_duration: 1}
$data merge entity $(bone_left_arm) {transformation: [-0.8334f,0.4019f,0.3795f,0.0849f,-0.3883f,0.063f,-0.9194f,-0.4825f,-0.3934f,-0.9135f,0.1036f,0.0746f,0f,0f,0f,1f],start_interpolation: 0,interpolation_duration: 1}
data modify entity @s data merge value {"cameras":{},"locators":{"barrel1":{"px":-0.07161800170550774,"py":-0.39301897423056675,"pz":0.7517310005656492,"ry":359.9429756012287,"rx":1.2658019501593998}}}