# This file was generated by Animated Java via MC-Build. It is not recommended to edit this file directly.
$data merge entity $(bone_muzzleflash) {transformation: [0f,0f,0f,-0.2018f,0f,0f,0f,-0.7979f,0f,0f,0f,0.4031f,0f,0f,0f,1f],start_interpolation: 0,interpolation_duration: 1}
$data merge entity $(bone_slide) {transformation: [-0.9964f,0.085f,-0.001f,-0.0453f,0.085f,0.9962f,0.0196f,-0.3338f,0.0026f,0.0194f,-0.9998f,0.589f,0f,0f,0f,1f],start_interpolation: 0,interpolation_duration: 1}
$data merge entity $(bone_barrel) {transformation: [-0.9964f,0.085f,-0.001f,0.0568f,0.085f,0.9962f,0.0196f,-0.4237f,0.0026f,0.0194f,-0.9998f,0.5872f,0f,0f,0f,1f],start_interpolation: 0,interpolation_duration: 1}
$data merge entity $(bone_magazine) {transformation: [-0.9964f,0.085f,-0.001f,-0.0569f,0.085f,0.9962f,0.0196f,-0.4629f,0.0026f,0.0194f,-0.9998f,0.3895f,0f,0f,0f,1f],start_interpolation: 0,interpolation_duration: 1}
$data merge entity $(bone_grip) {transformation: [-0.9964f,0.085f,-0.001f,-0.0569f,0.085f,0.9962f,0.0196f,-0.4629f,0.0026f,0.0194f,-0.9998f,0.3895f,0f,0f,0f,1f],start_interpolation: 0,interpolation_duration: 1}
$data merge entity $(bone_trigger) {transformation: [-0.9964f,0.085f,-0.001f,-0.0565f,0.085f,0.9962f,0.0196f,-0.4592f,0.0026f,0.0194f,-0.9998f,0.4202f,0f,0f,0f,1f],start_interpolation: 0,interpolation_duration: 1}
$data merge entity $(bone_trigger_gaurd) {transformation: [-0.9964f,0.085f,-0.001f,-0.054f,0.085f,0.9962f,0.0196f,-0.431f,0.0026f,0.0194f,-0.9998f,0.4532f,0f,0f,0f,1f],start_interpolation: 0,interpolation_duration: 1}
$data merge entity $(bone_right_arm) {transformation: [-0.9964f,-0.001f,-0.085f,-0.0933f,0.085f,0.0196f,-0.9962f,-0.4747f,0.0026f,-0.9998f,-0.0194f,0.0612f,0f,0f,0f,1f],start_interpolation: 0,interpolation_duration: 1}
$data merge entity $(bone_magazine1) {transformation: [0f,0f,0f,-0.1137f,0f,0f,0f,-0.398f,0f,0f,0f,0.4131f,0f,0f,0f,1f],start_interpolation: 0,interpolation_duration: 1}
$data merge entity $(bone_left_arm) {transformation: [-0.8334f,0.4019f,0.3794f,0.0849f,-0.3892f,0.0607f,-0.9192f,-0.4808f,-0.3924f,-0.9137f,0.1058f,0.0736f,0f,0f,0f,1f],start_interpolation: 0,interpolation_duration: 1}
data modify entity @s data merge value {"cameras":{},"locators":{"barrel1":{"px":-0.0716331290370661,"py":-0.38962975457478427,"pz":0.7505094989667684,"ry":359.9434788306014,"rx":1.1229225635592062}}}