# This file was generated by Animated Java via MC-Build. It is not recommended to edit this file directly.
$data merge entity $(bone_muzzleflash) {transformation: [0f,0f,0f,-0.2019f,0f,0f,0f,-0.7955f,0f,0f,0f,0.4029f,0f,0f,0f,1f],start_interpolation: 0,interpolation_duration: 1}
$data merge entity $(bone_slide) {transformation: [-0.9964f,0.0851f,-0.001f,-0.0454f,0.0851f,0.9962f,0.0172f,-0.3309f,0.0024f,0.017f,-0.9999f,0.5877f,0f,0f,0f,1f],start_interpolation: 0,interpolation_duration: 1}
$data merge entity $(bone_barrel) {transformation: [-0.9964f,0.0851f,-0.001f,0.0567f,0.0851f,0.9962f,0.0172f,-0.4209f,0.0024f,0.017f,-0.9999f,0.5861f,0f,0f,0f,1f],start_interpolation: 0,interpolation_duration: 1}
$data merge entity $(bone_magazine) {transformation: [-0.9964f,0.0851f,-0.001f,-0.0569f,0.0851f,0.9962f,0.0172f,-0.4605f,0.0024f,0.017f,-0.9999f,0.3885f,0f,0f,0f,1f],start_interpolation: 0,interpolation_duration: 1}
$data merge entity $(bone_grip) {transformation: [-0.9964f,0.0851f,-0.001f,-0.0569f,0.0851f,0.9962f,0.0172f,-0.4605f,0.0024f,0.017f,-0.9999f,0.3885f,0f,0f,0f,1f],start_interpolation: 0,interpolation_duration: 1}
$data merge entity $(bone_trigger) {transformation: [-0.9964f,0.0851f,-0.001f,-0.0565f,0.0851f,0.9962f,0.0172f,-0.4567f,0.0024f,0.017f,-0.9999f,0.4192f,0f,0f,0f,1f],start_interpolation: 0,interpolation_duration: 1}
$data merge entity $(bone_trigger_gaurd) {transformation: [-0.9964f,0.0851f,-0.001f,-0.054f,0.0851f,0.9962f,0.0172f,-0.4285f,0.0024f,0.017f,-0.9999f,0.4521f,0f,0f,0f,1f],start_interpolation: 0,interpolation_duration: 1}
$data merge entity $(bone_right_arm) {transformation: [-0.9964f,-0.001f,-0.0851f,-0.0933f,0.0851f,0.0172f,-0.9962f,-0.4731f,0.0024f,-0.9999f,-0.017f,0.0602f,0f,0f,0f,1f],start_interpolation: 0,interpolation_duration: 1}
$data merge entity $(bone_magazine1) {transformation: [0f,0f,0f,-0.1137f,0f,0f,0f,-0.3955f,0f,0f,0f,0.412f,0f,0f,0f,1f],start_interpolation: 0,interpolation_duration: 1}
$data merge entity $(bone_left_arm) {transformation: [-0.8334f,0.4019f,0.3793f,0.0849f,-0.39f,0.0584f,-0.919f,-0.4792f,-0.3915f,-0.9138f,0.1081f,0.0726f,0f,0f,0f,1f],start_interpolation: 0,interpolation_duration: 1}
data modify entity @s data merge value {"cameras":{},"locators":{"barrel1":{"px":-0.07164877268213042,"py":-0.3863301839073433,"pz":0.7493144283841839,"ry":359.9439520064403,"rx":0.9842037931282656}}}