# This file was generated by Animated Java via MC-Build. It is not recommended to edit this file directly.
$data merge entity $(bone_muzzleflash) {transformation: [0f,0f,0f,-0.2261f,0f,0f,0f,-0.7485f,0f,0f,0f,0.3979f,0f,0f,0f,1f],start_interpolation: 0,interpolation_duration: 1}
$data merge entity $(bone_slide) {transformation: [-0.9911f,0.1334f,-0.001f,-0.047f,0.1334f,0.9911f,-0.0019f,-0.2887f,0.0008f,-0.002f,-1f,0.5739f,0f,0f,0f,1f],start_interpolation: 0,interpolation_duration: 1}
$data merge entity $(bone_barrel) {transformation: [-0.9911f,0.1334f,-0.001f,0.0506f,0.1334f,0.9911f,-0.0019f,-0.3835f,0.0008f,-0.002f,-1f,0.574f,0f,0f,0f,1f],start_interpolation: 0,interpolation_duration: 1}
$data merge entity $(bone_magazine) {transformation: [-0.9911f,0.1334f,-0.001f,-0.065f,0.1334f,0.9911f,-0.0019f,-0.4213f,0.0008f,-0.002f,-1f,0.3772f,0f,0f,0f,1f],start_interpolation: 0,interpolation_duration: 1}
$data merge entity $(bone_grip) {transformation: [-0.9911f,0.1334f,-0.001f,-0.065f,0.1334f,0.9911f,-0.0019f,-0.4213f,0.0008f,-0.002f,-1f,0.3772f,0f,0f,0f,1f],start_interpolation: 0,interpolation_duration: 1}
$data merge entity $(bone_trigger) {transformation: [-0.9911f,0.1334f,-0.001f,-0.0644f,0.1334f,0.9911f,-0.0019f,-0.4169f,0.0008f,-0.002f,-1f,0.4078f,0f,0f,0f,1f],start_interpolation: 0,interpolation_duration: 1}
$data merge entity $(bone_trigger_gaurd) {transformation: [-0.9911f,0.1334f,-0.001f,-0.0605f,0.1334f,0.9911f,-0.0019f,-0.3883f,0.0008f,-0.002f,-1f,0.4402f,0f,0f,0f,1f],start_interpolation: 0,interpolation_duration: 1}
$data merge entity $(bone_right_arm) {transformation: [-0.9911f,-0.001f,-0.1334f,-0.1023f,0.1334f,-0.0019f,-0.9911f,-0.4384f,0.0008f,-1f,0.002f,0.0492f,0f,0f,0f,1f],start_interpolation: 0,interpolation_duration: 1}
$data merge entity $(bone_magazine1) {transformation: [0f,0f,0f,-0.1186f,0f,0f,0f,-0.3532f,0f,0f,0f,0.3994f,0f,0f,0f,1f],start_interpolation: 0,interpolation_duration: 1}
$data merge entity $(bone_left_arm) {transformation: [-0.8517f,0.4035f,0.3343f,0.0754f,-0.3565f,0.0214f,-0.9341f,-0.4529f,-0.384f,-0.9148f,0.1256f,0.0617f,0f,0f,0f,1f],start_interpolation: 0,interpolation_duration: 1}
data modify entity @s data merge value {"cameras":{},"locators":{"barrel1":{"px":-0.07582779666485673,"py":-0.33965711447026614,"pz":0.736520537245211,"ry":359.94136344287404,"rx":-0.10813993954724536}}}