# This file was generated by Animated Java via MC-Build. It is not recommended to edit this file directly.
$data merge entity $(bone_muzzleflash) {transformation: [0f,0f,0f,-0.2019f,0f,0f,0f,-0.7931f,0f,0f,0f,0.4026f,0f,0f,0f,1f],start_interpolation: 0,interpolation_duration: 1}
$data merge entity $(bone_slide) {transformation: [-0.9964f,0.0852f,-0.001f,-0.0454f,0.0852f,0.9963f,0.0148f,-0.3281f,0.0022f,0.0147f,-0.9999f,0.5864f,0f,0f,0f,1f],start_interpolation: 0,interpolation_duration: 1}
$data merge entity $(bone_barrel) {transformation: [-0.9964f,0.0852f,-0.001f,0.0567f,0.0852f,0.9963f,0.0148f,-0.418f,0.0022f,0.0147f,-0.9999f,0.585f,0f,0f,0f,1f],start_interpolation: 0,interpolation_duration: 1}
$data merge entity $(bone_magazine) {transformation: [-0.9964f,0.0852f,-0.001f,-0.0569f,0.0852f,0.9963f,0.0148f,-0.4582f,0.0022f,0.0147f,-0.9999f,0.3875f,0f,0f,0f,1f],start_interpolation: 0,interpolation_duration: 1}
$data merge entity $(bone_grip) {transformation: [-0.9964f,0.0852f,-0.001f,-0.0569f,0.0852f,0.9963f,0.0148f,-0.4582f,0.0022f,0.0147f,-0.9999f,0.3875f,0f,0f,0f,1f],start_interpolation: 0,interpolation_duration: 1}
$data merge entity $(bone_trigger) {transformation: [-0.9964f,0.0852f,-0.001f,-0.0565f,0.0852f,0.9963f,0.0148f,-0.4542f,0.0022f,0.0147f,-0.9999f,0.4182f,0f,0f,0f,1f],start_interpolation: 0,interpolation_duration: 1}
$data merge entity $(bone_trigger_gaurd) {transformation: [-0.9964f,0.0852f,-0.001f,-0.054f,0.0852f,0.9963f,0.0148f,-0.426f,0.0022f,0.0147f,-0.9999f,0.4511f,0f,0f,0f,1f],start_interpolation: 0,interpolation_duration: 1}
$data merge entity $(bone_right_arm) {transformation: [-0.9964f,-0.001f,-0.0852f,-0.0933f,0.0852f,0.0148f,-0.9963f,-0.4715f,0.0022f,-0.9999f,-0.0147f,0.0593f,0f,0f,0f,1f],start_interpolation: 0,interpolation_duration: 1}
$data merge entity $(bone_magazine1) {transformation: [0f,0f,0f,-0.1137f,0f,0f,0f,-0.3931f,0f,0f,0f,0.4108f,0f,0f,0f,1f],start_interpolation: 0,interpolation_duration: 1}
$data merge entity $(bone_left_arm) {transformation: [-0.8335f,0.4019f,0.3792f,0.0848f,-0.3908f,0.0562f,-0.9187f,-0.4776f,-0.3906f,-0.914f,0.1102f,0.0716f,0f,0f,0f,1f],start_interpolation: 0,interpolation_duration: 1}
data modify entity @s data merge value {"cameras":{},"locators":{"barrel1":{"px":-0.07166491672151584,"py":-0.3831245961918517,"pz":0.7481472753367228,"ry":359.9443921087926,"rx":0.8498507252624808}}}