# This file was generated by Animated Java via MC-Build. It is not recommended to edit this file directly.
$data merge entity $(bone_muzzleflash) {transformation: [0f,0f,0f,-0.202f,0f,0f,0f,-0.7907f,0f,0f,0f,0.4024f,0f,0f,0f,1f],start_interpolation: 0,interpolation_duration: 1}
$data merge entity $(bone_slide) {transformation: [-0.9963f,0.0854f,-0.001f,-0.0454f,0.0853f,0.9963f,0.0126f,-0.3254f,0.002f,0.0124f,-0.9999f,0.5852f,0f,0f,0f,1f],start_interpolation: 0,interpolation_duration: 1}
$data merge entity $(bone_barrel) {transformation: [-0.9963f,0.0854f,-0.001f,0.0567f,0.0853f,0.9963f,0.0126f,-0.4153f,0.002f,0.0124f,-0.9999f,0.5839f,0f,0f,0f,1f],start_interpolation: 0,interpolation_duration: 1}
$data merge entity $(bone_magazine) {transformation: [-0.9963f,0.0854f,-0.001f,-0.057f,0.0853f,0.9963f,0.0126f,-0.4559f,0.002f,0.0124f,-0.9999f,0.3866f,0f,0f,0f,1f],start_interpolation: 0,interpolation_duration: 1}
$data merge entity $(bone_grip) {transformation: [-0.9963f,0.0854f,-0.001f,-0.057f,0.0853f,0.9963f,0.0126f,-0.4559f,0.002f,0.0124f,-0.9999f,0.3866f,0f,0f,0f,1f],start_interpolation: 0,interpolation_duration: 1}
$data merge entity $(bone_trigger) {transformation: [-0.9963f,0.0854f,-0.001f,-0.0566f,0.0853f,0.9963f,0.0126f,-0.4519f,0.002f,0.0124f,-0.9999f,0.4172f,0f,0f,0f,1f],start_interpolation: 0,interpolation_duration: 1}
$data merge entity $(bone_trigger_gaurd) {transformation: [-0.9963f,0.0854f,-0.001f,-0.0541f,0.0853f,0.9963f,0.0126f,-0.4235f,0.002f,0.0124f,-0.9999f,0.45f,0f,0f,0f,1f],start_interpolation: 0,interpolation_duration: 1}
$data merge entity $(bone_right_arm) {transformation: [-0.9963f,-0.001f,-0.0854f,-0.0933f,0.0853f,0.0126f,-0.9963f,-0.4699f,0.002f,-0.9999f,-0.0124f,0.0583f,0f,0f,0f,1f],start_interpolation: 0,interpolation_duration: 1}
$data merge entity $(bone_magazine1) {transformation: [0f,0f,0f,-0.1137f,0f,0f,0f,-0.3907f,0f,0f,0f,0.4097f,0f,0f,0f,1f],start_interpolation: 0,interpolation_duration: 1}
$data merge entity $(bone_left_arm) {transformation: [-0.8335f,0.4019f,0.379f,0.0848f,-0.3916f,0.0541f,-0.9185f,-0.476f,-0.3897f,-0.9141f,0.1123f,0.0707f,0f,0f,0f,1f],start_interpolation: 0,interpolation_duration: 1}
data modify entity @s data merge value {"cameras":{},"locators":{"barrel1":{"px":-0.07168154802186569,"py":-0.38001732520419307,"pz":0.7470095384725792,"ry":359.94479634407674,"rx":0.7200684481133248}}}