# This file was generated by Animated Java via MC-Build. It is not recommended to edit this file directly.
$data merge entity $(bone_muzzleflash) {transformation: [0f,0f,0f,-0.2021f,0f,0f,0f,-0.7884f,0f,0f,0f,0.4022f,0f,0f,0f,1f],start_interpolation: 0,interpolation_duration: 1}
$data merge entity $(bone_slide) {transformation: [-0.9963f,0.0855f,-0.001f,-0.0454f,0.0855f,0.9963f,0.0104f,-0.3227f,0.0018f,0.0103f,-0.9999f,0.5839f,0f,0f,0f,1f],start_interpolation: 0,interpolation_duration: 1}
$data merge entity $(bone_barrel) {transformation: [-0.9963f,0.0855f,-0.001f,0.0567f,0.0855f,0.9963f,0.0104f,-0.4127f,0.0018f,0.0103f,-0.9999f,0.5829f,0f,0f,0f,1f],start_interpolation: 0,interpolation_duration: 1}
$data merge entity $(bone_magazine) {transformation: [-0.9963f,0.0855f,-0.001f,-0.057f,0.0855f,0.9963f,0.0104f,-0.4536f,0.0018f,0.0103f,-0.9999f,0.3856f,0f,0f,0f,1f],start_interpolation: 0,interpolation_duration: 1}
$data merge entity $(bone_grip) {transformation: [-0.9963f,0.0855f,-0.001f,-0.057f,0.0855f,0.9963f,0.0104f,-0.4536f,0.0018f,0.0103f,-0.9999f,0.3856f,0f,0f,0f,1f],start_interpolation: 0,interpolation_duration: 1}
$data merge entity $(bone_trigger) {transformation: [-0.9963f,0.0855f,-0.001f,-0.0566f,0.0855f,0.9963f,0.0104f,-0.4496f,0.0018f,0.0103f,-0.9999f,0.4163f,0f,0f,0f,1f],start_interpolation: 0,interpolation_duration: 1}
$data merge entity $(bone_trigger_gaurd) {transformation: [-0.9963f,0.0855f,-0.001f,-0.0541f,0.0855f,0.9963f,0.0104f,-0.4212f,0.0018f,0.0103f,-0.9999f,0.449f,0f,0f,0f,1f],start_interpolation: 0,interpolation_duration: 1}
$data merge entity $(bone_right_arm) {transformation: [-0.9963f,-0.001f,-0.0855f,-0.0934f,0.0855f,0.0104f,-0.9963f,-0.4684f,0.0018f,-0.9999f,-0.0103f,0.0574f,0f,0f,0f,1f],start_interpolation: 0,interpolation_duration: 1}
$data merge entity $(bone_magazine1) {transformation: [0f,0f,0f,-0.1138f,0f,0f,0f,-0.3884f,0f,0f,0f,0.4086f,0f,0f,0f,1f],start_interpolation: 0,interpolation_duration: 1}
$data merge entity $(bone_left_arm) {transformation: [-0.8336f,0.4019f,0.3789f,0.0848f,-0.3923f,0.052f,-0.9183f,-0.4745f,-0.3888f,-0.9142f,0.1143f,0.0698f,0f,0f,0f,1f],start_interpolation: 0,interpolation_duration: 1}
data modify entity @s data merge value {"cameras":{},"locators":{"barrel1":{"px":-0.07169865664707775,"py":-0.37701270426705813,"pz":0.7459027265792866,"ry":359.9451621777001,"rx":0.5950620517411176}}}