# This file was generated by Animated Java via MC-Build. It is not recommended to edit this file directly.
$data merge entity $(bone_muzzleflash) {transformation: [0f,0f,0f,-0.2021f,0f,0f,0f,-0.7862f,0f,0f,0f,0.402f,0f,0f,0f,1f],start_interpolation: 0,interpolation_duration: 1}
$data merge entity $(bone_slide) {transformation: [-0.9963f,0.0857f,-0.001f,-0.0454f,0.0856f,0.9963f,0.0083f,-0.3202f,0.0017f,0.0082f,-1f,0.5827f,0f,0f,0f,1f],start_interpolation: 0,interpolation_duration: 1}
$data merge entity $(bone_barrel) {transformation: [-0.9963f,0.0857f,-0.001f,0.0566f,0.0856f,0.9963f,0.0083f,-0.4102f,0.0017f,0.0082f,-1f,0.5819f,0f,0f,0f,1f],start_interpolation: 0,interpolation_duration: 1}
$data merge entity $(bone_magazine) {transformation: [-0.9963f,0.0857f,-0.001f,-0.057f,0.0856f,0.9963f,0.0083f,-0.4515f,0.0017f,0.0082f,-1f,0.3847f,0f,0f,0f,1f],start_interpolation: 0,interpolation_duration: 1}
$data merge entity $(bone_grip) {transformation: [-0.9963f,0.0857f,-0.001f,-0.057f,0.0856f,0.9963f,0.0083f,-0.4515f,0.0017f,0.0082f,-1f,0.3847f,0f,0f,0f,1f],start_interpolation: 0,interpolation_duration: 1}
$data merge entity $(bone_trigger) {transformation: [-0.9963f,0.0857f,-0.001f,-0.0566f,0.0856f,0.9963f,0.0083f,-0.4474f,0.0017f,0.0082f,-1f,0.4154f,0f,0f,0f,1f],start_interpolation: 0,interpolation_duration: 1}
$data merge entity $(bone_trigger_gaurd) {transformation: [-0.9963f,0.0857f,-0.001f,-0.0541f,0.0856f,0.9963f,0.0083f,-0.4189f,0.0017f,0.0082f,-1f,0.448f,0f,0f,0f,1f],start_interpolation: 0,interpolation_duration: 1}
$data merge entity $(bone_right_arm) {transformation: [-0.9963f,-0.001f,-0.0857f,-0.0934f,0.0856f,0.0083f,-0.9963f,-0.467f,0.0017f,-1f,-0.0082f,0.0566f,0f,0f,0f,1f],start_interpolation: 0,interpolation_duration: 1}
$data merge entity $(bone_magazine1) {transformation: [0f,0f,0f,-0.1138f,0f,0f,0f,-0.3862f,0f,0f,0f,0.4076f,0f,0f,0f,1f],start_interpolation: 0,interpolation_duration: 1}
$data merge entity $(bone_left_arm) {transformation: [-0.8337f,0.4019f,0.3788f,0.0847f,-0.393f,0.0501f,-0.9182f,-0.4731f,-0.388f,-0.9143f,0.1162f,0.069f,0f,0f,0f,1f],start_interpolation: 0,interpolation_duration: 1}
data modify entity @s data merge value {"cameras":{},"locators":{"barrel1":{"px":-0.07171623628272751,"py":-0.3741150659942089,"pz":0.7448283565000575,"ry":359.9454873677581,"rx":0.47503662824306747}}}