# This file was generated by Animated Java via MC-Build. It is not recommended to edit this file directly.
$data merge entity $(bone_muzzleflash) {transformation: [0f,0f,0f,-0.2022f,0f,0f,0f,-0.7841f,0f,0f,0f,0.4018f,0f,0f,0f,1f],start_interpolation: 0,interpolation_duration: 1}
$data merge entity $(bone_slide) {transformation: [-0.9963f,0.0858f,-0.0009f,-0.0454f,0.0858f,0.9963f,0.0063f,-0.3177f,0.0015f,0.0062f,-1f,0.5816f,0f,0f,0f,1f],start_interpolation: 0,interpolation_duration: 1}
$data merge entity $(bone_barrel) {transformation: [-0.9963f,0.0858f,-0.0009f,0.0566f,0.0858f,0.9963f,0.0063f,-0.4077f,0.0015f,0.0062f,-1f,0.5809f,0f,0f,0f,1f],start_interpolation: 0,interpolation_duration: 1}
$data merge entity $(bone_magazine) {transformation: [-0.9963f,0.0858f,-0.0009f,-0.057f,0.0858f,0.9963f,0.0063f,-0.4494f,0.0015f,0.0062f,-1f,0.3838f,0f,0f,0f,1f],start_interpolation: 0,interpolation_duration: 1}
$data merge entity $(bone_grip) {transformation: [-0.9963f,0.0858f,-0.0009f,-0.057f,0.0858f,0.9963f,0.0063f,-0.4494f,0.0015f,0.0062f,-1f,0.3838f,0f,0f,0f,1f],start_interpolation: 0,interpolation_duration: 1}
$data merge entity $(bone_trigger) {transformation: [-0.9963f,0.0858f,-0.0009f,-0.0566f,0.0858f,0.9963f,0.0063f,-0.4453f,0.0015f,0.0062f,-1f,0.4145f,0f,0f,0f,1f],start_interpolation: 0,interpolation_duration: 1}
$data merge entity $(bone_trigger_gaurd) {transformation: [-0.9963f,0.0858f,-0.0009f,-0.0541f,0.0858f,0.9963f,0.0063f,-0.4167f,0.0015f,0.0062f,-1f,0.4471f,0f,0f,0f,1f],start_interpolation: 0,interpolation_duration: 1}
$data merge entity $(bone_right_arm) {transformation: [-0.9963f,-0.0009f,-0.0858f,-0.0934f,0.0858f,0.0063f,-0.9963f,-0.4656f,0.0015f,-1f,-0.0062f,0.0557f,0f,0f,0f,1f],start_interpolation: 0,interpolation_duration: 1}
$data merge entity $(bone_magazine1) {transformation: [0f,0f,0f,-0.1138f,0f,0f,0f,-0.3841f,0f,0f,0f,0.4066f,0f,0f,0f,1f],start_interpolation: 0,interpolation_duration: 1}
$data merge entity $(bone_left_arm) {transformation: [-0.8337f,0.402f,0.3786f,0.0847f,-0.3937f,0.0482f,-0.918f,-0.4717f,-0.3872f,-0.9144f,0.1181f,0.0681f,0f,0f,0f,1f],start_interpolation: 0,interpolation_duration: 1}
data modify entity @s data merge value {"cameras":{},"locators":{"barrel1":{"px":-0.07173428467343573,"py":-0.37132874204408856,"pz":0.7437879509566765,"ry":359.945769999813,"rx":0.36019727185046074}}}