# This file was generated by Animated Java via MC-Build. It is not recommended to edit this file directly.
$data merge entity $(bone_muzzleflash) {transformation: [0f,0f,0f,-0.2023f,0f,0f,0f,-0.7821f,0f,0f,0f,0.4016f,0f,0f,0f,1f],start_interpolation: 0,interpolation_duration: 1}
$data merge entity $(bone_slide) {transformation: [-0.9963f,0.086f,-0.0009f,-0.0454f,0.086f,0.9963f,0.0044f,-0.3153f,0.0013f,0.0043f,-1f,0.5805f,0f,0f,0f,1f],start_interpolation: 0,interpolation_duration: 1}
$data merge entity $(bone_barrel) {transformation: [-0.9963f,0.086f,-0.0009f,0.0566f,0.086f,0.9963f,0.0044f,-0.4054f,0.0013f,0.0043f,-1f,0.58f,0f,0f,0f,1f],start_interpolation: 0,interpolation_duration: 1}
$data merge entity $(bone_magazine) {transformation: [-0.9963f,0.086f,-0.0009f,-0.0571f,0.086f,0.9963f,0.0044f,-0.4475f,0.0013f,0.0043f,-1f,0.383f,0f,0f,0f,1f],start_interpolation: 0,interpolation_duration: 1}
$data merge entity $(bone_grip) {transformation: [-0.9963f,0.086f,-0.0009f,-0.0571f,0.086f,0.9963f,0.0044f,-0.4475f,0.0013f,0.0043f,-1f,0.383f,0f,0f,0f,1f],start_interpolation: 0,interpolation_duration: 1}
$data merge entity $(bone_trigger) {transformation: [-0.9963f,0.086f,-0.0009f,-0.0567f,0.086f,0.9963f,0.0044f,-0.4432f,0.0013f,0.0043f,-1f,0.4136f,0f,0f,0f,1f],start_interpolation: 0,interpolation_duration: 1}
$data merge entity $(bone_trigger_gaurd) {transformation: [-0.9963f,0.086f,-0.0009f,-0.0542f,0.086f,0.9963f,0.0044f,-0.4146f,0.0013f,0.0043f,-1f,0.4462f,0f,0f,0f,1f],start_interpolation: 0,interpolation_duration: 1}
$data merge entity $(bone_right_arm) {transformation: [-0.9963f,-0.0009f,-0.086f,-0.0935f,0.086f,0.0044f,-0.9963f,-0.4642f,0.0013f,-1f,-0.0043f,0.0549f,0f,0f,0f,1f],start_interpolation: 0,interpolation_duration: 1}
$data merge entity $(bone_magazine1) {transformation: [0f,0f,0f,-0.1138f,0f,0f,0f,-0.3821f,0f,0f,0f,0.4056f,0f,0f,0f,1f],start_interpolation: 0,interpolation_duration: 1}
$data merge entity $(bone_left_arm) {transformation: [-0.8338f,0.402f,0.3784f,0.0847f,-0.3943f,0.0463f,-0.9178f,-0.4703f,-0.3865f,-0.9145f,0.1198f,0.0673f,0f,0f,0f,1f],start_interpolation: 0,interpolation_duration: 1}
data modify entity @s data merge value {"cameras":{},"locators":{"barrel1":{"px":-0.07175280407312737,"py":-0.3686580628821681,"pz":0.7427830362791317,"ry":359.9460085227518,"rx":0.25074907898931387}}}