# This file was generated by Animated Java via MC-Build. It is not recommended to edit this file directly.
$data merge entity $(bone_muzzleflash) {transformation: [0f,0f,0f,-0.2024f,0f,0f,0f,-0.7801f,0f,0f,0f,0.4014f,0f,0f,0f,1f],start_interpolation: 0,interpolation_duration: 1}
$data merge entity $(bone_slide) {transformation: [-0.9963f,0.0862f,-0.0009f,-0.0454f,0.0862f,0.9963f,0.0026f,-0.3131f,0.0012f,0.0025f,-1f,0.5794f,0f,0f,0f,1f],start_interpolation: 0,interpolation_duration: 1}
$data merge entity $(bone_barrel) {transformation: [-0.9963f,0.0862f,-0.0009f,0.0566f,0.0862f,0.9963f,0.0026f,-0.4032f,0.0012f,0.0025f,-1f,0.5791f,0f,0f,0f,1f],start_interpolation: 0,interpolation_duration: 1}
$data merge entity $(bone_magazine) {transformation: [-0.9963f,0.0862f,-0.0009f,-0.0571f,0.0862f,0.9963f,0.0026f,-0.4456f,0.0012f,0.0025f,-1f,0.3821f,0f,0f,0f,1f],start_interpolation: 0,interpolation_duration: 1}
$data merge entity $(bone_grip) {transformation: [-0.9963f,0.0862f,-0.0009f,-0.0571f,0.0862f,0.9963f,0.0026f,-0.4456f,0.0012f,0.0025f,-1f,0.3821f,0f,0f,0f,1f],start_interpolation: 0,interpolation_duration: 1}
$data merge entity $(bone_trigger) {transformation: [-0.9963f,0.0862f,-0.0009f,-0.0567f,0.0862f,0.9963f,0.0026f,-0.4413f,0.0012f,0.0025f,-1f,0.4128f,0f,0f,0f,1f],start_interpolation: 0,interpolation_duration: 1}
$data merge entity $(bone_trigger_gaurd) {transformation: [-0.9963f,0.0862f,-0.0009f,-0.0542f,0.0862f,0.9963f,0.0026f,-0.4126f,0.0012f,0.0025f,-1f,0.4453f,0f,0f,0f,1f],start_interpolation: 0,interpolation_duration: 1}
$data merge entity $(bone_right_arm) {transformation: [-0.9963f,-0.0009f,-0.0862f,-0.0935f,0.0862f,0.0026f,-0.9963f,-0.4629f,0.0012f,-1f,-0.0025f,0.0541f,0f,0f,0f,1f],start_interpolation: 0,interpolation_duration: 1}
$data merge entity $(bone_magazine1) {transformation: [0f,0f,0f,-0.1138f,0f,0f,0f,-0.3801f,0f,0f,0f,0.4046f,0f,0f,0f,1f],start_interpolation: 0,interpolation_duration: 1}
$data merge entity $(bone_left_arm) {transformation: [-0.8339f,0.402f,0.3783f,0.0846f,-0.3948f,0.0446f,-0.9177f,-0.469f,-0.3858f,-0.9146f,0.1215f,0.0665f,0f,0f,0f,1f],start_interpolation: 0,interpolation_duration: 1}
data modify entity @s data merge value {"cameras":{},"locators":{"barrel1":{"px":-0.07177180170812746,"py":-0.36610735755118856,"pz":0.7418151400421855,"ry":359.9462017857194,"rx":0.1468971482978892}}}