# This file was generated by Animated Java via MC-Build. It is not recommended to edit this file directly.
$data merge entity $(bone_muzzleflash) {transformation: [0f,0f,0f,-0.2025f,0f,0f,0f,-0.7782f,0f,0f,0f,0.4011f,0f,0f,0f,1f],start_interpolation: 0,interpolation_duration: 1}
$data merge entity $(bone_slide) {transformation: [-0.9963f,0.0864f,-0.0009f,-0.0454f,0.0864f,0.9963f,0.0009f,-0.3109f,0.001f,0.0008f,-1f,0.5784f,0f,0f,0f,1f],start_interpolation: 0,interpolation_duration: 1}
$data merge entity $(bone_barrel) {transformation: [-0.9963f,0.0864f,-0.0009f,0.0565f,0.0864f,0.9963f,0.0009f,-0.401f,0.001f,0.0008f,-1f,0.5782f,0f,0f,0f,1f],start_interpolation: 0,interpolation_duration: 1}
$data merge entity $(bone_magazine) {transformation: [-0.9963f,0.0864f,-0.0009f,-0.0571f,0.0864f,0.9963f,0.0009f,-0.4438f,0.001f,0.0008f,-1f,0.3813f,0f,0f,0f,1f],start_interpolation: 0,interpolation_duration: 1}
$data merge entity $(bone_grip) {transformation: [-0.9963f,0.0864f,-0.0009f,-0.0571f,0.0864f,0.9963f,0.0009f,-0.4438f,0.001f,0.0008f,-1f,0.3813f,0f,0f,0f,1f],start_interpolation: 0,interpolation_duration: 1}
$data merge entity $(bone_trigger) {transformation: [-0.9963f,0.0864f,-0.0009f,-0.0567f,0.0864f,0.9963f,0.0009f,-0.4394f,0.001f,0.0008f,-1f,0.412f,0f,0f,0f,1f],start_interpolation: 0,interpolation_duration: 1}
$data merge entity $(bone_trigger_gaurd) {transformation: [-0.9963f,0.0864f,-0.0009f,-0.0542f,0.0864f,0.9963f,0.0009f,-0.4107f,0.001f,0.0008f,-1f,0.4444f,0f,0f,0f,1f],start_interpolation: 0,interpolation_duration: 1}
$data merge entity $(bone_right_arm) {transformation: [-0.9963f,-0.0009f,-0.0864f,-0.0935f,0.0864f,0.0009f,-0.9963f,-0.4616f,0.001f,-1f,-0.0008f,0.0533f,0f,0f,0f,1f],start_interpolation: 0,interpolation_duration: 1}
$data merge entity $(bone_magazine1) {transformation: [0f,0f,0f,-0.1139f,0f,0f,0f,-0.3783f,0f,0f,0f,0.4037f,0f,0f,0f,1f],start_interpolation: 0,interpolation_duration: 1}
$data merge entity $(bone_left_arm) {transformation: [-0.8339f,0.402f,0.3781f,0.0846f,-0.3953f,0.043f,-0.9176f,-0.4678f,-0.3851f,-0.9146f,0.1231f,0.0658f,0f,0f,0f,1f],start_interpolation: 0,interpolation_duration: 1}
data modify entity @s data merge value {"cameras":{},"locators":{"barrel1":{"px":-0.07179129025303833,"py":-0.3636809534482222,"pz":0.7408857886090976,"ry":359.9463490761225,"rx":0.0488465805945145}}}