# This file was generated by Animated Java via MC-Build. It is not recommended to edit this file directly.
$data merge entity $(bone_muzzleflash) {transformation: [0f,0f,0f,-0.2026f,0f,0f,0f,-0.7765f,0f,0f,0f,0.4009f,0f,0f,0f,1f],start_interpolation: 0,interpolation_duration: 1}
$data merge entity $(bone_slide) {transformation: [-0.9962f,0.0866f,-0.0009f,-0.0454f,0.0866f,0.9962f,-0.0008f,-0.3089f,0.0009f,-0.0008f,-1f,0.5774f,0f,0f,0f,1f],start_interpolation: 0,interpolation_duration: 1}
$data merge entity $(bone_barrel) {transformation: [-0.9962f,0.0866f,-0.0009f,0.0565f,0.0866f,0.9962f,-0.0008f,-0.399f,0.0009f,-0.0008f,-1f,0.5774f,0f,0f,0f,1f],start_interpolation: 0,interpolation_duration: 1}
$data merge entity $(bone_magazine) {transformation: [-0.9962f,0.0866f,-0.0009f,-0.0572f,0.0866f,0.9962f,-0.0008f,-0.442f,0.0009f,-0.0008f,-1f,0.3806f,0f,0f,0f,1f],start_interpolation: 0,interpolation_duration: 1}
$data merge entity $(bone_grip) {transformation: [-0.9962f,0.0866f,-0.0009f,-0.0572f,0.0866f,0.9962f,-0.0008f,-0.442f,0.0009f,-0.0008f,-1f,0.3806f,0f,0f,0f,1f],start_interpolation: 0,interpolation_duration: 1}
$data merge entity $(bone_trigger) {transformation: [-0.9962f,0.0866f,-0.0009f,-0.0568f,0.0866f,0.9962f,-0.0008f,-0.4377f,0.0009f,-0.0008f,-1f,0.4112f,0f,0f,0f,1f],start_interpolation: 0,interpolation_duration: 1}
$data merge entity $(bone_trigger_gaurd) {transformation: [-0.9962f,0.0866f,-0.0009f,-0.0542f,0.0866f,0.9962f,-0.0008f,-0.4089f,0.0009f,-0.0008f,-1f,0.4436f,0f,0f,0f,1f],start_interpolation: 0,interpolation_duration: 1}
$data merge entity $(bone_right_arm) {transformation: [-0.9962f,-0.0009f,-0.0866f,-0.0936f,0.0866f,-0.0008f,-0.9962f,-0.4604f,0.0009f,-1f,0.0008f,0.0526f,0f,0f,0f,1f],start_interpolation: 0,interpolation_duration: 1}
$data merge entity $(bone_magazine1) {transformation: [0f,0f,0f,-0.1139f,0f,0f,0f,-0.3765f,0f,0f,0f,0.4029f,0f,0f,0f,1f],start_interpolation: 0,interpolation_duration: 1}
$data merge entity $(bone_left_arm) {transformation: [-0.834f,0.402f,0.3779f,0.0846f,-0.3957f,0.0414f,-0.9174f,-0.4666f,-0.3845f,-0.9147f,0.1246f,0.0651f,0f,0f,0f,1f],start_interpolation: 0,interpolation_duration: 1}
data modify entity @s data merge value {"cameras":{},"locators":{"barrel1":{"px":-0.07181128831934087,"py":-0.3613831761072262,"pz":0.7399965045827209,"ry":359.9464501587005,"rx":-0.043197521211566295}}}