# This file was generated by Animated Java via MC-Build. It is not recommended to edit this file directly.
$data merge entity $(bone_muzzleflash) {transformation: [0f,0f,0f,-0.2027f,0f,0f,0f,-0.7748f,0f,0f,0f,0.4007f,0f,0f,0f,1f],start_interpolation: 0,interpolation_duration: 1}
$data merge entity $(bone_slide) {transformation: [-0.9962f,0.0868f,-0.0009f,-0.0454f,0.0868f,0.9962f,-0.0023f,-0.307f,0.0007f,-0.0023f,-1f,0.5765f,0f,0f,0f,1f],start_interpolation: 0,interpolation_duration: 1}
$data merge entity $(bone_barrel) {transformation: [-0.9962f,0.0868f,-0.0009f,0.0565f,0.0868f,0.9962f,-0.0023f,-0.3971f,0.0007f,-0.0023f,-1f,0.5766f,0f,0f,0f,1f],start_interpolation: 0,interpolation_duration: 1}
$data merge entity $(bone_magazine) {transformation: [-0.9962f,0.0868f,-0.0009f,-0.0572f,0.0868f,0.9962f,-0.0023f,-0.4404f,0.0007f,-0.0023f,-1f,0.3799f,0f,0f,0f,1f],start_interpolation: 0,interpolation_duration: 1}
$data merge entity $(bone_grip) {transformation: [-0.9962f,0.0868f,-0.0009f,-0.0572f,0.0868f,0.9962f,-0.0023f,-0.4404f,0.0007f,-0.0023f,-1f,0.3799f,0f,0f,0f,1f],start_interpolation: 0,interpolation_duration: 1}
$data merge entity $(bone_trigger) {transformation: [-0.9962f,0.0868f,-0.0009f,-0.0568f,0.0868f,0.9962f,-0.0023f,-0.436f,0.0007f,-0.0023f,-1f,0.4105f,0f,0f,0f,1f],start_interpolation: 0,interpolation_duration: 1}
$data merge entity $(bone_trigger_gaurd) {transformation: [-0.9962f,0.0868f,-0.0009f,-0.0543f,0.0868f,0.9962f,-0.0023f,-0.4072f,0.0007f,-0.0023f,-1f,0.4429f,0f,0f,0f,1f],start_interpolation: 0,interpolation_duration: 1}
$data merge entity $(bone_right_arm) {transformation: [-0.9962f,-0.0009f,-0.0868f,-0.0936f,0.0868f,-0.0023f,-0.9962f,-0.4593f,0.0007f,-1f,0.0023f,0.0519f,0f,0f,0f,1f],start_interpolation: 0,interpolation_duration: 1}
$data merge entity $(bone_magazine1) {transformation: [0f,0f,0f,-0.1139f,0f,0f,0f,-0.3749f,0f,0f,0f,0.402f,0f,0f,0f,1f],start_interpolation: 0,interpolation_duration: 1}
$data merge entity $(bone_left_arm) {transformation: [-0.8341f,0.402f,0.3777f,0.0845f,-0.3961f,0.0399f,-0.9173f,-0.4655f,-0.3839f,-0.9148f,0.1259f,0.0644f,0f,0f,0f,1f],start_interpolation: 0,interpolation_duration: 1}
data modify entity @s data merge value {"cameras":{},"locators":{"barrel1":{"px":-0.07183182095665874,"py":-0.35921834898550503,"pz":0.7391488041641976,"ry":359.94650531565605,"rx":-0.1290300522739801}}}