# This file was generated by Animated Java via MC-Build. It is not recommended to edit this file directly.
$data merge entity $(bone_muzzleflash) {transformation: [0f,0f,0f,-0.2262f,0f,0f,0f,-0.7489f,0f,0f,0f,0.3976f,0f,0f,0f,1f],start_interpolation: 0,interpolation_duration: 1}
$data merge entity $(bone_slide) {transformation: [-0.991f,0.1336f,-0.001f,-0.047f,0.1336f,0.991f,-0.0012f,-0.2892f,0.0008f,-0.0013f,-1f,0.5739f,0f,0f,0f,1f],start_interpolation: 0,interpolation_duration: 1}
$data merge entity $(bone_barrel) {transformation: [-0.991f,0.1336f,-0.001f,0.0505f,0.1336f,0.991f,-0.0012f,-0.384f,0.0008f,-0.0013f,-1f,0.5739f,0f,0f,0f,1f],start_interpolation: 0,interpolation_duration: 1}
$data merge entity $(bone_magazine) {transformation: [-0.991f,0.1336f,-0.001f,-0.0651f,0.1336f,0.991f,-0.0012f,-0.4217f,0.0008f,-0.0013f,-1f,0.3771f,0f,0f,0f,1f],start_interpolation: 0,interpolation_duration: 1}
$data merge entity $(bone_grip) {transformation: [-0.991f,0.1336f,-0.001f,-0.0651f,0.1336f,0.991f,-0.0012f,-0.4217f,0.0008f,-0.0013f,-1f,0.3771f,0f,0f,0f,1f],start_interpolation: 0,interpolation_duration: 1}
$data merge entity $(bone_trigger) {transformation: [-0.991f,0.1336f,-0.001f,-0.0645f,0.1336f,0.991f,-0.0012f,-0.4174f,0.0008f,-0.0013f,-1f,0.4077f,0f,0f,0f,1f],start_interpolation: 0,interpolation_duration: 1}
$data merge entity $(bone_trigger_gaurd) {transformation: [-0.991f,0.1336f,-0.001f,-0.0606f,0.1336f,0.991f,-0.0012f,-0.3887f,0.0008f,-0.0013f,-1f,0.4401f,0f,0f,0f,1f],start_interpolation: 0,interpolation_duration: 1}
$data merge entity $(bone_right_arm) {transformation: [-0.991f,-0.001f,-0.1336f,-0.1023f,0.1336f,-0.0012f,-0.991f,-0.4385f,0.0008f,-1f,0.0013f,0.0491f,0f,0f,0f,1f],start_interpolation: 0,interpolation_duration: 1}
$data merge entity $(bone_magazine1) {transformation: [0f,0f,0f,-0.1186f,0f,0f,0f,-0.3536f,0f,0f,0f,0.3993f,0f,0f,0f,1f],start_interpolation: 0,interpolation_duration: 1}
$data merge entity $(bone_left_arm) {transformation: [-0.8518f,0.4035f,0.3341f,0.0753f,-0.356f,0.0219f,-0.9342f,-0.4531f,-0.3843f,-0.9147f,0.125f,0.0616f,0f,0f,0f,1f],start_interpolation: 0,interpolation_duration: 1}
data modify entity @s data merge value {"cameras":{},"locators":{"barrel1":{"px":-0.07587169662678579,"py":-0.3402799687276027,"pz":0.736461917849051,"ry":359.94313599775626,"rx":-0.06930743537680074}}}