# This file was generated by Animated Java via MC-Build. It is not recommended to edit this file directly.
$data merge entity $(bone_muzzleflash) {transformation: [0f,0f,0f,-0.2029f,0f,0f,0f,-0.7732f,0f,0f,0f,0.4005f,0f,0f,0f,1f],start_interpolation: 0,interpolation_duration: 1}
$data merge entity $(bone_slide) {transformation: [-0.9962f,0.0871f,-0.0009f,-0.0455f,0.0871f,0.9962f,-0.0036f,-0.3052f,0.0006f,-0.0037f,-1f,0.5756f,0f,0f,0f,1f],start_interpolation: 0,interpolation_duration: 1}
$data merge entity $(bone_barrel) {transformation: [-0.9962f,0.0871f,-0.0009f,0.0565f,0.0871f,0.9962f,-0.0036f,-0.3954f,0.0006f,-0.0037f,-1f,0.5759f,0f,0f,0f,1f],start_interpolation: 0,interpolation_duration: 1}
$data merge entity $(bone_magazine) {transformation: [-0.9962f,0.0871f,-0.0009f,-0.0573f,0.0871f,0.9962f,-0.0036f,-0.4389f,0.0006f,-0.0037f,-1f,0.3792f,0f,0f,0f,1f],start_interpolation: 0,interpolation_duration: 1}
$data merge entity $(bone_grip) {transformation: [-0.9962f,0.0871f,-0.0009f,-0.0573f,0.0871f,0.9962f,-0.0036f,-0.4389f,0.0006f,-0.0037f,-1f,0.3792f,0f,0f,0f,1f],start_interpolation: 0,interpolation_duration: 1}
$data merge entity $(bone_trigger) {transformation: [-0.9962f,0.0871f,-0.0009f,-0.0568f,0.0871f,0.9962f,-0.0036f,-0.4344f,0.0006f,-0.0037f,-1f,0.4098f,0f,0f,0f,1f],start_interpolation: 0,interpolation_duration: 1}
$data merge entity $(bone_trigger_gaurd) {transformation: [-0.9962f,0.0871f,-0.0009f,-0.0543f,0.0871f,0.9962f,-0.0036f,-0.4055f,0.0006f,-0.0037f,-1f,0.4421f,0f,0f,0f,1f],start_interpolation: 0,interpolation_duration: 1}
$data merge entity $(bone_right_arm) {transformation: [-0.9962f,-0.0009f,-0.0871f,-0.0937f,0.0871f,-0.0036f,-0.9962f,-0.4582f,0.0006f,-1f,0.0037f,0.0512f,0f,0f,0f,1f],start_interpolation: 0,interpolation_duration: 1}
$data merge entity $(bone_magazine1) {transformation: [0f,0f,0f,-0.1139f,0f,0f,0f,-0.3733f,0f,0f,0f,0.4013f,0f,0f,0f,1f],start_interpolation: 0,interpolation_duration: 1}
$data merge entity $(bone_left_arm) {transformation: [-0.8342f,0.402f,0.3775f,0.0845f,-0.3964f,0.0386f,-0.9172f,-0.4644f,-0.3833f,-0.9148f,0.1272f,0.0637f,0f,0f,0f,1f],start_interpolation: 0,interpolation_duration: 1}
data modify entity @s data merge value {"cameras":{},"locators":{"barrel1":{"px":-0.07185292016662198,"py":-0.35719079325223285,"pz":0.7383441944195005,"ry":359.94651538783967,"rx":-0.20844590603565688}}}