# This file was generated by Animated Java via MC-Build. It is not recommended to edit this file directly.
$data merge entity $(bone_muzzleflash) {transformation: [0f,0f,0f,-0.203f,0f,0f,0f,-0.7717f,0f,0f,0f,0.4002f,0f,0f,0f,1f],start_interpolation: 0,interpolation_duration: 1}
$data merge entity $(bone_slide) {transformation: [-0.9962f,0.0873f,-0.0009f,-0.0455f,0.0873f,0.9962f,-0.0049f,-0.3035f,0.0005f,-0.005f,-1f,0.5748f,0f,0f,0f,1f],start_interpolation: 0,interpolation_duration: 1}
$data merge entity $(bone_barrel) {transformation: [-0.9962f,0.0873f,-0.0009f,0.0564f,0.0873f,0.9962f,-0.0049f,-0.3937f,0.0005f,-0.005f,-1f,0.5752f,0f,0f,0f,1f],start_interpolation: 0,interpolation_duration: 1}
$data merge entity $(bone_magazine) {transformation: [-0.9962f,0.0873f,-0.0009f,-0.0573f,0.0873f,0.9962f,-0.0049f,-0.4375f,0.0005f,-0.005f,-1f,0.3785f,0f,0f,0f,1f],start_interpolation: 0,interpolation_duration: 1}
$data merge entity $(bone_grip) {transformation: [-0.9962f,0.0873f,-0.0009f,-0.0573f,0.0873f,0.9962f,-0.0049f,-0.4375f,0.0005f,-0.005f,-1f,0.3785f,0f,0f,0f,1f],start_interpolation: 0,interpolation_duration: 1}
$data merge entity $(bone_trigger) {transformation: [-0.9962f,0.0873f,-0.0009f,-0.0569f,0.0873f,0.9962f,-0.0049f,-0.433f,0.0005f,-0.005f,-1f,0.4091f,0f,0f,0f,1f],start_interpolation: 0,interpolation_duration: 1}
$data merge entity $(bone_trigger_gaurd) {transformation: [-0.9962f,0.0873f,-0.0009f,-0.0543f,0.0873f,0.9962f,-0.0049f,-0.404f,0.0005f,-0.005f,-1f,0.4414f,0f,0f,0f,1f],start_interpolation: 0,interpolation_duration: 1}
$data merge entity $(bone_right_arm) {transformation: [-0.9962f,-0.0009f,-0.0873f,-0.0937f,0.0873f,-0.0049f,-0.9962f,-0.4572f,0.0005f,-1f,0.005f,0.0506f,0f,0f,0f,1f],start_interpolation: 0,interpolation_duration: 1}
$data merge entity $(bone_magazine1) {transformation: [0f,0f,0f,-0.114f,0f,0f,0f,-0.3718f,0f,0f,0f,0.4005f,0f,0f,0f,1f],start_interpolation: 0,interpolation_duration: 1}
$data merge entity $(bone_left_arm) {transformation: [-0.8343f,0.402f,0.3772f,0.0844f,-0.3967f,0.0373f,-0.9172f,-0.4634f,-0.3828f,-0.9149f,0.1284f,0.0631f,0f,0f,0f,1f],start_interpolation: 0,interpolation_duration: 1}
data modify entity @s data merge value {"cameras":{},"locators":{"barrel1":{"px":-0.07187462542926046,"py":-0.3553048275769085,"pz":0.7375841704540647,"ry":359.9464818169803,"rx":-0.2812399745365551}}}