# This file was generated by Animated Java via MC-Build. It is not recommended to edit this file directly.
$data merge entity $(bone_muzzleflash) {transformation: [0f,0f,0f,-0.2263f,0f,0f,0f,-0.7493f,0f,0f,0f,0.3972f,0f,0f,0f,1f],start_interpolation: 0,interpolation_duration: 1}
$data merge entity $(bone_slide) {transformation: [-0.991f,0.1339f,-0.001f,-0.0471f,0.1339f,0.991f,-0.0005f,-0.2898f,0.0009f,-0.0006f,-1f,0.5738f,0f,0f,0f,1f],start_interpolation: 0,interpolation_duration: 1}
$data merge entity $(bone_barrel) {transformation: [-0.991f,0.1339f,-0.001f,0.0505f,0.1339f,0.991f,-0.0005f,-0.3846f,0.0009f,-0.0006f,-1f,0.5738f,0f,0f,0f,1f],start_interpolation: 0,interpolation_duration: 1}
$data merge entity $(bone_magazine) {transformation: [-0.991f,0.1339f,-0.001f,-0.0651f,0.1339f,0.991f,-0.0005f,-0.4221f,0.0009f,-0.0006f,-1f,0.377f,0f,0f,0f,1f],start_interpolation: 0,interpolation_duration: 1}
$data merge entity $(bone_grip) {transformation: [-0.991f,0.1339f,-0.001f,-0.0651f,0.1339f,0.991f,-0.0005f,-0.4221f,0.0009f,-0.0006f,-1f,0.377f,0f,0f,0f,1f],start_interpolation: 0,interpolation_duration: 1}
$data merge entity $(bone_trigger) {transformation: [-0.991f,0.1339f,-0.001f,-0.0645f,0.1339f,0.991f,-0.0005f,-0.4178f,0.0009f,-0.0006f,-1f,0.4076f,0f,0f,0f,1f],start_interpolation: 0,interpolation_duration: 1}
$data merge entity $(bone_trigger_gaurd) {transformation: [-0.991f,0.1339f,-0.001f,-0.0606f,0.1339f,0.991f,-0.0005f,-0.3891f,0.0009f,-0.0006f,-1f,0.44f,0f,0f,0f,1f],start_interpolation: 0,interpolation_duration: 1}
$data merge entity $(bone_right_arm) {transformation: [-0.991f,-0.001f,-0.1339f,-0.1024f,0.1339f,-0.0005f,-0.991f,-0.4387f,0.0009f,-1f,0.0006f,0.049f,0f,0f,0f,1f],start_interpolation: 0,interpolation_duration: 1}
$data merge entity $(bone_magazine1) {transformation: [0f,0f,0f,-0.1187f,0f,0f,0f,-0.354f,0f,0f,0f,0.3993f,0f,0f,0f,1f],start_interpolation: 0,interpolation_duration: 1}
$data merge entity $(bone_left_arm) {transformation: [-0.8519f,0.4035f,0.3338f,0.0753f,-0.3555f,0.0224f,-0.9344f,-0.4533f,-0.3845f,-0.9147f,0.1244f,0.0614f,0f,0f,0f,1f],start_interpolation: 0,interpolation_duration: 1}
data modify entity @s data merge value {"cameras":{},"locators":{"barrel1":{"px":-0.0759158827399562,"py":-0.3409399783040832,"pz":0.7364003061488635,"ry":359.94501028000116,"rx":-0.02872658390278034}}}