# This file was generated by Animated Java via MC-Build. It is not recommended to edit this file directly.
$data merge entity $(bone_muzzleflash) {transformation: [0f,0f,0f,-0.2264f,0f,0f,0f,-0.7497f,0f,0f,0f,0.3969f,0f,0f,0f,1f],start_interpolation: 0,interpolation_duration: 1}
$data merge entity $(bone_slide) {transformation: [-0.991f,0.1341f,-0.0009f,-0.0471f,0.1341f,0.991f,0.0002f,-0.2903f,0.0009f,0.0001f,-1f,0.5738f,0f,0f,0f,1f],start_interpolation: 0,interpolation_duration: 1}
$data merge entity $(bone_barrel) {transformation: [-0.991f,0.1341f,-0.0009f,0.0504f,0.1341f,0.991f,0.0002f,-0.3852f,0.0009f,0.0001f,-1f,0.5737f,0f,0f,0f,1f],start_interpolation: 0,interpolation_duration: 1}
$data merge entity $(bone_magazine) {transformation: [-0.991f,0.1341f,-0.0009f,-0.0652f,0.1341f,0.991f,0.0002f,-0.4226f,0.0009f,0.0001f,-1f,0.3768f,0f,0f,0f,1f],start_interpolation: 0,interpolation_duration: 1}
$data merge entity $(bone_grip) {transformation: [-0.991f,0.1341f,-0.0009f,-0.0652f,0.1341f,0.991f,0.0002f,-0.4226f,0.0009f,0.0001f,-1f,0.3768f,0f,0f,0f,1f],start_interpolation: 0,interpolation_duration: 1}
$data merge entity $(bone_trigger) {transformation: [-0.991f,0.1341f,-0.0009f,-0.0646f,0.1341f,0.991f,0.0002f,-0.4182f,0.0009f,0.0001f,-1f,0.4075f,0f,0f,0f,1f],start_interpolation: 0,interpolation_duration: 1}
$data merge entity $(bone_trigger_gaurd) {transformation: [-0.991f,0.1341f,-0.0009f,-0.0607f,0.1341f,0.991f,0.0002f,-0.3896f,0.0009f,0.0001f,-1f,0.4399f,0f,0f,0f,1f],start_interpolation: 0,interpolation_duration: 1}
$data merge entity $(bone_right_arm) {transformation: [-0.991f,-0.0009f,-0.1341f,-0.1024f,0.1341f,0.0002f,-0.991f,-0.4389f,0.0009f,-1f,-0.0001f,0.0488f,0f,0f,0f,1f],start_interpolation: 0,interpolation_duration: 1}
$data merge entity $(bone_magazine1) {transformation: [0f,0f,0f,-0.1187f,0f,0f,0f,-0.3544f,0f,0f,0f,0.3992f,0f,0f,0f,1f],start_interpolation: 0,interpolation_duration: 1}
$data merge entity $(bone_left_arm) {transformation: [-0.852f,0.4036f,0.3336f,0.0752f,-0.3551f,0.023f,-0.9346f,-0.4536f,-0.3848f,-0.9147f,0.1237f,0.0613f,0f,0f,0f,1f],start_interpolation: 0,interpolation_duration: 1}
data modify entity @s data merge value {"cameras":{},"locators":{"barrel1":{"px":-0.07596029893908957,"py":-0.3416353771282043,"pz":0.736335800431899,"ry":359.9469817683614,"rx":0.013508307811054835}}}