# This file was generated by Animated Java via MC-Build. It is not recommended to edit this file directly.
$data merge entity $(bone_muzzleflash) {transformation: [0f,0f,0f,-0.2266f,0f,0f,0f,-0.7501f,0f,0f,0f,0.3965f,0f,0f,0f,1f],start_interpolation: 0,interpolation_duration: 1}
$data merge entity $(bone_slide) {transformation: [-0.9909f,0.1343f,-0.0009f,-0.0471f,0.1343f,0.9909f,0.001f,-0.2909f,0.001f,0.0009f,-1f,0.5738f,0f,0f,0f,1f],start_interpolation: 0,interpolation_duration: 1}
$data merge entity $(bone_barrel) {transformation: [-0.9909f,0.1343f,-0.0009f,0.0504f,0.1343f,0.9909f,0.001f,-0.3858f,0.001f,0.0009f,-1f,0.5736f,0f,0f,0f,1f],start_interpolation: 0,interpolation_duration: 1}
$data merge entity $(bone_magazine) {transformation: [-0.9909f,0.1343f,-0.0009f,-0.0652f,0.1343f,0.9909f,0.001f,-0.423f,0.001f,0.0009f,-1f,0.3767f,0f,0f,0f,1f],start_interpolation: 0,interpolation_duration: 1}
$data merge entity $(bone_grip) {transformation: [-0.9909f,0.1343f,-0.0009f,-0.0652f,0.1343f,0.9909f,0.001f,-0.423f,0.001f,0.0009f,-1f,0.3767f,0f,0f,0f,1f],start_interpolation: 0,interpolation_duration: 1}
$data merge entity $(bone_trigger) {transformation: [-0.9909f,0.1343f,-0.0009f,-0.0646f,0.1343f,0.9909f,0.001f,-0.4187f,0.001f,0.0009f,-1f,0.4073f,0f,0f,0f,1f],start_interpolation: 0,interpolation_duration: 1}
$data merge entity $(bone_trigger_gaurd) {transformation: [-0.9909f,0.1343f,-0.0009f,-0.0607f,0.1343f,0.9909f,0.001f,-0.3901f,0.001f,0.0009f,-1f,0.4398f,0f,0f,0f,1f],start_interpolation: 0,interpolation_duration: 1}
$data merge entity $(bone_right_arm) {transformation: [-0.9909f,-0.0009f,-0.1343f,-0.1024f,0.1343f,0.001f,-0.9909f,-0.4391f,0.001f,-1f,-0.0009f,0.0487f,0f,0f,0f,1f],start_interpolation: 0,interpolation_duration: 1}
$data merge entity $(bone_magazine1) {transformation: [0f,0f,0f,-0.1187f,0f,0f,0f,-0.3549f,0f,0f,0f,0.3991f,0f,0f,0f,1f],start_interpolation: 0,interpolation_duration: 1}
$data merge entity $(bone_left_arm) {transformation: [-0.852f,0.4036f,0.3334f,0.0752f,-0.3546f,0.0236f,-0.9347f,-0.4538f,-0.3851f,-0.9146f,0.123f,0.0612f,0f,0f,0f,1f],start_interpolation: 0,interpolation_duration: 1}
data modify entity @s data merge value {"cameras":{},"locators":{"barrel1":{"px":-0.07600488663094329,"py":-0.3423643993543291,"pz":0.7362685005969603,"ry":359.9490457396197,"rx":0.05730294291916111}}}