# This file was generated by Animated Java via MC-Build. It is not recommended to edit this file directly.
$data merge entity $(bone_muzzleflash) {transformation: [0f,0f,0f,-0.2267f,0f,0f,0f,-0.7506f,0f,0f,0f,0.3961f,0f,0f,0f,1f],start_interpolation: 0,interpolation_duration: 1}
$data merge entity $(bone_slide) {transformation: [-0.9909f,0.1345f,-0.0009f,-0.0472f,0.1345f,0.9909f,0.0018f,-0.2916f,0.0011f,0.0017f,-1f,0.5738f,0f,0f,0f,1f],start_interpolation: 0,interpolation_duration: 1}
$data merge entity $(bone_barrel) {transformation: [-0.9909f,0.1345f,-0.0009f,0.0503f,0.1345f,0.9909f,0.0018f,-0.3865f,0.0011f,0.0017f,-1f,0.5735f,0f,0f,0f,1f],start_interpolation: 0,interpolation_duration: 1}
$data merge entity $(bone_magazine) {transformation: [-0.9909f,0.1345f,-0.0009f,-0.0653f,0.1345f,0.9909f,0.0018f,-0.4235f,0.0011f,0.0017f,-1f,0.3766f,0f,0f,0f,1f],start_interpolation: 0,interpolation_duration: 1}
$data merge entity $(bone_grip) {transformation: [-0.9909f,0.1345f,-0.0009f,-0.0653f,0.1345f,0.9909f,0.0018f,-0.4235f,0.0011f,0.0017f,-1f,0.3766f,0f,0f,0f,1f],start_interpolation: 0,interpolation_duration: 1}
$data merge entity $(bone_trigger) {transformation: [-0.9909f,0.1345f,-0.0009f,-0.0647f,0.1345f,0.9909f,0.0018f,-0.4192f,0.0011f,0.0017f,-1f,0.4072f,0f,0f,0f,1f],start_interpolation: 0,interpolation_duration: 1}
$data merge entity $(bone_trigger_gaurd) {transformation: [-0.9909f,0.1345f,-0.0009f,-0.0608f,0.1345f,0.9909f,0.0018f,-0.3907f,0.0011f,0.0017f,-1f,0.4397f,0f,0f,0f,1f],start_interpolation: 0,interpolation_duration: 1}
$data merge entity $(bone_right_arm) {transformation: [-0.9909f,-0.0009f,-0.1345f,-0.1025f,0.1345f,0.0018f,-0.9909f,-0.4393f,0.0011f,-1f,-0.0017f,0.0485f,0f,0f,0f,1f],start_interpolation: 0,interpolation_duration: 1}
$data merge entity $(bone_magazine1) {transformation: [0f,0f,0f,-0.1188f,0f,0f,0f,-0.3554f,0f,0f,0f,0.399f,0f,0f,0f,1f],start_interpolation: 0,interpolation_duration: 1}
$data merge entity $(bone_left_arm) {transformation: [-0.8521f,0.4036f,0.3332f,0.0752f,-0.3541f,0.0243f,-0.9349f,-0.4541f,-0.3854f,-0.9146f,0.1223f,0.061f,0f,0f,0f,1f],start_interpolation: 0,interpolation_duration: 1}
data modify entity @s data merge value {"cameras":{},"locators":{"barrel1":{"px":-0.07604958482996241,"py":-0.3431252793982759,"pz":0.7361985084838698,"ry":359.95119727932934,"rx":0.10256303438901847}}}