# This file was generated by Animated Java via MC-Build. It is not recommended to edit this file directly.
$data merge entity $(bone_muzzleflash) {transformation: [0f,0f,0f,-0.2268f,0f,0f,0f,-0.7511f,0f,0f,0f,0.3957f,0f,0f,0f,1f],start_interpolation: 0,interpolation_duration: 1}
$data merge entity $(bone_slide) {transformation: [-0.9909f,0.1347f,-0.0008f,-0.0472f,0.1347f,0.9909f,0.0026f,-0.2923f,0.0012f,0.0025f,-1f,0.5737f,0f,0f,0f,1f],start_interpolation: 0,interpolation_duration: 1}
$data merge entity $(bone_barrel) {transformation: [-0.9909f,0.1347f,-0.0008f,0.0503f,0.1347f,0.9909f,0.0026f,-0.3872f,0.0012f,0.0025f,-1f,0.5734f,0f,0f,0f,1f],start_interpolation: 0,interpolation_duration: 1}
$data merge entity $(bone_magazine) {transformation: [-0.9909f,0.1347f,-0.0008f,-0.0653f,0.1347f,0.9909f,0.0026f,-0.424f,0.0012f,0.0025f,-1f,0.3764f,0f,0f,0f,1f],start_interpolation: 0,interpolation_duration: 1}
$data merge entity $(bone_grip) {transformation: [-0.9909f,0.1347f,-0.0008f,-0.0653f,0.1347f,0.9909f,0.0026f,-0.424f,0.0012f,0.0025f,-1f,0.3764f,0f,0f,0f,1f],start_interpolation: 0,interpolation_duration: 1}
$data merge entity $(bone_trigger) {transformation: [-0.9909f,0.1347f,-0.0008f,-0.0647f,0.1347f,0.9909f,0.0026f,-0.4197f,0.0012f,0.0025f,-1f,0.4071f,0f,0f,0f,1f],start_interpolation: 0,interpolation_duration: 1}
$data merge entity $(bone_trigger_gaurd) {transformation: [-0.9909f,0.1347f,-0.0008f,-0.0608f,0.1347f,0.9909f,0.0026f,-0.3912f,0.0012f,0.0025f,-1f,0.4396f,0f,0f,0f,1f],start_interpolation: 0,interpolation_duration: 1}
$data merge entity $(bone_right_arm) {transformation: [-0.9909f,-0.0008f,-0.1347f,-0.1025f,0.1347f,0.0026f,-0.9909f,-0.4395f,0.0012f,-1f,-0.0025f,0.0484f,0f,0f,0f,1f],start_interpolation: 0,interpolation_duration: 1}
$data merge entity $(bone_magazine1) {transformation: [0f,0f,0f,-0.1188f,0f,0f,0f,-0.3559f,0f,0f,0f,0.3989f,0f,0f,0f,1f],start_interpolation: 0,interpolation_duration: 1}
$data merge entity $(bone_left_arm) {transformation: [-0.8521f,0.4037f,0.333f,0.0751f,-0.3536f,0.0249f,-0.9351f,-0.4543f,-0.3858f,-0.9146f,0.1215f,0.0608f,0f,0f,0f,1f],start_interpolation: 0,interpolation_duration: 1}
data modify entity @s data merge value {"cameras":{},"locators":{"barrel1":{"px":-0.07609433029389023,"py":-0.3439162519714549,"pz":0.7361259281834729,"ry":359.9534312925414,"rx":0.14919430457267224}}}