# This file was generated by Animated Java via MC-Build. It is not recommended to edit this file directly.
$data merge entity $(bone_muzzleflash) {transformation: [0f,0f,0f,-0.2269f,0f,0f,0f,-0.7516f,0f,0f,0f,0.3953f,0f,0f,0f,1f],start_interpolation: 0,interpolation_duration: 1}
$data merge entity $(bone_slide) {transformation: [-0.9909f,0.1349f,-0.0008f,-0.0472f,0.1349f,0.9909f,0.0034f,-0.2929f,0.0012f,0.0033f,-1f,0.5737f,0f,0f,0f,1f],start_interpolation: 0,interpolation_duration: 1}
$data merge entity $(bone_barrel) {transformation: [-0.9909f,0.1349f,-0.0008f,0.0502f,0.1349f,0.9909f,0.0034f,-0.3879f,0.0012f,0.0033f,-1f,0.5733f,0f,0f,0f,1f],start_interpolation: 0,interpolation_duration: 1}
$data merge entity $(bone_magazine) {transformation: [-0.9909f,0.1349f,-0.0008f,-0.0654f,0.1349f,0.9909f,0.0034f,-0.4245f,0.0012f,0.0033f,-1f,0.3763f,0f,0f,0f,1f],start_interpolation: 0,interpolation_duration: 1}
$data merge entity $(bone_grip) {transformation: [-0.9909f,0.1349f,-0.0008f,-0.0654f,0.1349f,0.9909f,0.0034f,-0.4245f,0.0012f,0.0033f,-1f,0.3763f,0f,0f,0f,1f],start_interpolation: 0,interpolation_duration: 1}
$data merge entity $(bone_trigger) {transformation: [-0.9909f,0.1349f,-0.0008f,-0.0648f,0.1349f,0.9909f,0.0034f,-0.4203f,0.0012f,0.0033f,-1f,0.4069f,0f,0f,0f,1f],start_interpolation: 0,interpolation_duration: 1}
$data merge entity $(bone_trigger_gaurd) {transformation: [-0.9909f,0.1349f,-0.0008f,-0.0608f,0.1349f,0.9909f,0.0034f,-0.3918f,0.0012f,0.0033f,-1f,0.4395f,0f,0f,0f,1f],start_interpolation: 0,interpolation_duration: 1}
$data merge entity $(bone_right_arm) {transformation: [-0.9909f,-0.0008f,-0.1349f,-0.1025f,0.1349f,0.0034f,-0.9909f,-0.4398f,0.0012f,-1f,-0.0033f,0.0482f,0f,0f,0f,1f],start_interpolation: 0,interpolation_duration: 1}
$data merge entity $(bone_magazine1) {transformation: [0f,0f,0f,-0.1188f,0f,0f,0f,-0.3564f,0f,0f,0f,0.3989f,0f,0f,0f,1f],start_interpolation: 0,interpolation_duration: 1}
$data merge entity $(bone_left_arm) {transformation: [-0.8522f,0.4037f,0.3328f,0.0751f,-0.3531f,0.0256f,-0.9352f,-0.4546f,-0.3861f,-0.9145f,0.1207f,0.0607f,0f,0f,0f,1f],start_interpolation: 0,interpolation_duration: 1}
data modify entity @s data merge value {"cameras":{},"locators":{"barrel1":{"px":-0.07613905765932717,"py":-0.3447355521135501,"pz":0.7360508663281822,"ry":359.9557425145174,"rx":0.1971024847563001}}}