# This file was generated by Animated Java via MC-Build. It is not recommended to edit this file directly.
$data merge entity $(bone_muzzleflash) {transformation: [0f,0f,0f,-0.227f,0f,0f,0f,-0.7521f,0f,0f,0f,0.3948f,0f,0f,0f,1f],start_interpolation: 0,interpolation_duration: 1}
$data merge entity $(bone_slide) {transformation: [-0.9908f,0.1351f,-0.0007f,-0.0472f,0.1351f,0.9908f,0.0043f,-0.2937f,0.0013f,0.0042f,-1f,0.5737f,0f,0f,0f,1f],start_interpolation: 0,interpolation_duration: 1}
$data merge entity $(bone_barrel) {transformation: [-0.9908f,0.1351f,-0.0007f,0.0502f,0.1351f,0.9908f,0.0043f,-0.3886f,0.0013f,0.0042f,-1f,0.5732f,0f,0f,0f,1f],start_interpolation: 0,interpolation_duration: 1}
$data merge entity $(bone_magazine) {transformation: [-0.9908f,0.1351f,-0.0007f,-0.0654f,0.1351f,0.9908f,0.0043f,-0.4251f,0.0013f,0.0042f,-1f,0.3762f,0f,0f,0f,1f],start_interpolation: 0,interpolation_duration: 1}
$data merge entity $(bone_grip) {transformation: [-0.9908f,0.1351f,-0.0007f,-0.0654f,0.1351f,0.9908f,0.0043f,-0.4251f,0.0013f,0.0042f,-1f,0.3762f,0f,0f,0f,1f],start_interpolation: 0,interpolation_duration: 1}
$data merge entity $(bone_trigger) {transformation: [-0.9908f,0.1351f,-0.0007f,-0.0648f,0.1351f,0.9908f,0.0043f,-0.4209f,0.0013f,0.0042f,-1f,0.4068f,0f,0f,0f,1f],start_interpolation: 0,interpolation_duration: 1}
$data merge entity $(bone_trigger_gaurd) {transformation: [-0.9908f,0.1351f,-0.0007f,-0.0609f,0.1351f,0.9908f,0.0043f,-0.3924f,0.0013f,0.0042f,-1f,0.4394f,0f,0f,0f,1f],start_interpolation: 0,interpolation_duration: 1}
$data merge entity $(bone_right_arm) {transformation: [-0.9908f,-0.0007f,-0.1351f,-0.1026f,0.1351f,0.0043f,-0.9908f,-0.44f,0.0013f,-1f,-0.0042f,0.0481f,0f,0f,0f,1f],start_interpolation: 0,interpolation_duration: 1}
$data merge entity $(bone_magazine1) {transformation: [0f,0f,0f,-0.1189f,0f,0f,0f,-0.357f,0f,0f,0f,0.3988f,0f,0f,0f,1f],start_interpolation: 0,interpolation_duration: 1}
$data merge entity $(bone_left_arm) {transformation: [-0.8522f,0.4038f,0.3327f,0.075f,-0.3526f,0.0263f,-0.9354f,-0.4549f,-0.3864f,-0.9145f,0.12f,0.0605f,0f,0f,0f,1f],start_interpolation: 0,interpolation_duration: 1}
data modify entity @s data merge value {"cameras":{},"locators":{"barrel1":{"px":-0.07618369957722404,"py":-0.34558141522373126,"pz":0.7359734323630625,"ry":359.95812552142905,"rx":0.24619331468909786}}}