# This file was generated by Animated Java via MC-Build. It is not recommended to edit this file directly.
$data merge entity $(bone_muzzleflash) {transformation: [0f,0f,0f,-0.2052f,0f,0f,0f,-0.758f,0f,0f,0f,0.3982f,0f,0f,0f,1f],start_interpolation: 0,interpolation_duration: 1}
$data merge entity $(bone_slide) {transformation: [-0.9958f,0.0918f,-0.001f,-0.0456f,0.0918f,0.9957f,-0.0154f,-0.2887f,-0.0004f,-0.0155f,-0.9999f,0.5678f,0f,0f,0f,1f],start_interpolation: 0,interpolation_duration: 1}
$data merge entity $(bone_barrel) {transformation: [-0.9958f,0.0918f,-0.001f,0.0559f,0.0918f,0.9957f,-0.0154f,-0.3793f,-0.0004f,-0.0155f,-0.9999f,0.5691f,0f,0f,0f,1f],start_interpolation: 0,interpolation_duration: 1}
$data merge entity $(bone_magazine) {transformation: [-0.9958f,0.0918f,-0.001f,-0.058f,0.0918f,0.9957f,-0.0154f,-0.4246f,-0.0004f,-0.0155f,-0.9999f,0.373f,0f,0f,0f,1f],start_interpolation: 0,interpolation_duration: 1}
$data merge entity $(bone_grip) {transformation: [-0.9958f,0.0918f,-0.001f,-0.058f,0.0918f,0.9957f,-0.0154f,-0.4246f,-0.0004f,-0.0155f,-0.9999f,0.373f,0f,0f,0f,1f],start_interpolation: 0,interpolation_duration: 1}
$data merge entity $(bone_trigger) {transformation: [-0.9958f,0.0918f,-0.001f,-0.0576f,0.0918f,0.9957f,-0.0154f,-0.4198f,-0.0004f,-0.0155f,-0.9999f,0.4035f,0f,0f,0f,1f],start_interpolation: 0,interpolation_duration: 1}
$data merge entity $(bone_trigger_gaurd) {transformation: [-0.9958f,0.0918f,-0.001f,-0.0549f,0.0918f,0.9957f,-0.0154f,-0.3906f,-0.0004f,-0.0155f,-0.9999f,0.4355f,0f,0f,0f,1f],start_interpolation: 0,interpolation_duration: 1}
$data merge entity $(bone_right_arm) {transformation: [-0.9958f,-0.001f,-0.0918f,-0.0945f,0.0918f,-0.0154f,-0.9957f,-0.4477f,-0.0004f,-0.9999f,0.0155f,0.0453f,0f,0f,0f,1f],start_interpolation: 0,interpolation_duration: 1}
$data merge entity $(bone_magazine1) {transformation: [0f,0f,0f,-0.1144f,0f,0f,0f,-0.3585f,0f,0f,0f,0.3943f,0f,0f,0f,1f],start_interpolation: 0,interpolation_duration: 1}
$data merge entity $(bone_left_arm) {transformation: [-0.8361f,0.4022f,0.3731f,0.0836f,-0.397f,0.0259f,-0.9175f,-0.4545f,-0.3786f,-0.9152f,0.138f,0.0578f,0f,0f,0f,1f],start_interpolation: 0,interpolation_duration: 1}
data modify entity @s data merge value {"cameras":{},"locators":{"barrel1":{"px":-0.07221824453616743,"py":-0.3386329235654147,"pz":0.7311628996225682,"ry":359.94268575288675,"rx":-0.8844738418899228}}}