# This file was generated by Animated Java via MC-Build. It is not recommended to edit this file directly.
$data merge entity $(bone_muzzleflash) {transformation: [0f,0f,0f,-0.2271f,0f,0f,0f,-0.7526f,0f,0f,0f,0.3944f,0f,0f,0f,1f],start_interpolation: 0,interpolation_duration: 1}
$data merge entity $(bone_slide) {transformation: [-0.9908f,0.1353f,-0.0007f,-0.0473f,0.1352f,0.9908f,0.0052f,-0.2944f,0.0014f,0.005f,-1f,0.5736f,0f,0f,0f,1f],start_interpolation: 0,interpolation_duration: 1}
$data merge entity $(bone_barrel) {transformation: [-0.9908f,0.1353f,-0.0007f,0.0502f,0.1352f,0.9908f,0.0052f,-0.3894f,0.0014f,0.005f,-1f,0.5731f,0f,0f,0f,1f],start_interpolation: 0,interpolation_duration: 1}
$data merge entity $(bone_magazine) {transformation: [-0.9908f,0.1353f,-0.0007f,-0.0655f,0.1352f,0.9908f,0.0052f,-0.4256f,0.0014f,0.005f,-1f,0.376f,0f,0f,0f,1f],start_interpolation: 0,interpolation_duration: 1}
$data merge entity $(bone_grip) {transformation: [-0.9908f,0.1353f,-0.0007f,-0.0655f,0.1352f,0.9908f,0.0052f,-0.4256f,0.0014f,0.005f,-1f,0.376f,0f,0f,0f,1f],start_interpolation: 0,interpolation_duration: 1}
$data merge entity $(bone_trigger) {transformation: [-0.9908f,0.1353f,-0.0007f,-0.0648f,0.1352f,0.9908f,0.0052f,-0.4214f,0.0014f,0.005f,-1f,0.4067f,0f,0f,0f,1f],start_interpolation: 0,interpolation_duration: 1}
$data merge entity $(bone_trigger_gaurd) {transformation: [-0.9908f,0.1353f,-0.0007f,-0.0609f,0.1352f,0.9908f,0.0052f,-0.393f,0.0014f,0.005f,-1f,0.4392f,0f,0f,0f,1f],start_interpolation: 0,interpolation_duration: 1}
$data merge entity $(bone_right_arm) {transformation: [-0.9908f,-0.0007f,-0.1353f,-0.1026f,0.1352f,0.0052f,-0.9908f,-0.4403f,0.0014f,-1f,-0.005f,0.0479f,0f,0f,0f,1f],start_interpolation: 0,interpolation_duration: 1}
$data merge entity $(bone_magazine1) {transformation: [0f,0f,0f,-0.1189f,0f,0f,0f,-0.3575f,0f,0f,0f,0.3987f,0f,0f,0f,1f],start_interpolation: 0,interpolation_duration: 1}
$data merge entity $(bone_left_arm) {transformation: [-0.8523f,0.4038f,0.3325f,0.075f,-0.3522f,0.0271f,-0.9355f,-0.4552f,-0.3868f,-0.9144f,0.1192f,0.0603f,0f,0f,0f,1f],start_interpolation: 0,interpolation_duration: 1}
data modify entity @s data merge value {"cameras":{},"locators":{"barrel1":{"px":-0.07622818684830011,"py":-0.34645207709036807,"pz":0.7358937387974587,"ry":359.9605747410445,"rx":0.2963725420927602}}}