# This file was generated by Animated Java via MC-Build. It is not recommended to edit this file directly.
$data merge entity $(bone_muzzleflash) {transformation: [0f,0f,0f,-0.2272f,0f,0f,0f,-0.7532f,0f,0f,0f,0.3939f,0f,0f,0f,1f],start_interpolation: 0,interpolation_duration: 1}
$data merge entity $(bone_slide) {transformation: [-0.9908f,0.1354f,-0.0006f,-0.0473f,0.1354f,0.9908f,0.0061f,-0.2951f,0.0015f,0.0059f,-1f,0.5736f,0f,0f,0f,1f],start_interpolation: 0,interpolation_duration: 1}
$data merge entity $(bone_barrel) {transformation: [-0.9908f,0.1354f,-0.0006f,0.0501f,0.1354f,0.9908f,0.0061f,-0.3901f,0.0015f,0.0059f,-1f,0.573f,0f,0f,0f,1f],start_interpolation: 0,interpolation_duration: 1}
$data merge entity $(bone_magazine) {transformation: [-0.9908f,0.1354f,-0.0006f,-0.0655f,0.1354f,0.9908f,0.0061f,-0.4262f,0.0015f,0.0059f,-1f,0.3759f,0f,0f,0f,1f],start_interpolation: 0,interpolation_duration: 1}
$data merge entity $(bone_grip) {transformation: [-0.9908f,0.1354f,-0.0006f,-0.0655f,0.1354f,0.9908f,0.0061f,-0.4262f,0.0015f,0.0059f,-1f,0.3759f,0f,0f,0f,1f],start_interpolation: 0,interpolation_duration: 1}
$data merge entity $(bone_trigger) {transformation: [-0.9908f,0.1354f,-0.0006f,-0.0649f,0.1354f,0.9908f,0.0061f,-0.422f,0.0015f,0.0059f,-1f,0.4065f,0f,0f,0f,1f],start_interpolation: 0,interpolation_duration: 1}
$data merge entity $(bone_trigger_gaurd) {transformation: [-0.9908f,0.1354f,-0.0006f,-0.061f,0.1354f,0.9908f,0.0061f,-0.3936f,0.0015f,0.0059f,-1f,0.4391f,0f,0f,0f,1f],start_interpolation: 0,interpolation_duration: 1}
$data merge entity $(bone_right_arm) {transformation: [-0.9908f,-0.0006f,-0.1354f,-0.1026f,0.1354f,0.0061f,-0.9908f,-0.4406f,0.0015f,-1f,-0.0059f,0.0478f,0f,0f,0f,1f],start_interpolation: 0,interpolation_duration: 1}
$data merge entity $(bone_magazine1) {transformation: [0f,0f,0f,-0.1189f,0f,0f,0f,-0.3581f,0f,0f,0f,0.3986f,0f,0f,0f,1f],start_interpolation: 0,interpolation_duration: 1}
$data merge entity $(bone_left_arm) {transformation: [-0.8523f,0.4038f,0.3324f,0.075f,-0.3517f,0.0278f,-0.9357f,-0.4555f,-0.3871f,-0.9144f,0.1183f,0.0602f,0f,0f,0f,1f],start_interpolation: 0,interpolation_duration: 1}
data modify entity @s data merge value {"cameras":{},"locators":{"barrel1":{"px":-0.07627244855837212,"py":-0.3473457739192089,"pz":0.7358119014371688,"ry":359.9630844634015,"rx":0.34754592215284713}}}