# This file was generated by Animated Java via MC-Build. It is not recommended to edit this file directly.
$data merge entity $(bone_muzzleflash) {transformation: [0f,0f,0f,-0.2273f,0f,0f,0f,-0.7538f,0f,0f,0f,0.3935f,0f,0f,0f,1f],start_interpolation: 0,interpolation_duration: 1}
$data merge entity $(bone_slide) {transformation: [-0.9908f,0.1355f,-0.0006f,-0.0473f,0.1355f,0.9907f,0.007f,-0.2959f,0.0015f,0.0068f,-1f,0.5736f,0f,0f,0f,1f],start_interpolation: 0,interpolation_duration: 1}
$data merge entity $(bone_barrel) {transformation: [-0.9908f,0.1355f,-0.0006f,0.0501f,0.1355f,0.9907f,0.007f,-0.3909f,0.0015f,0.0068f,-1f,0.5729f,0f,0f,0f,1f],start_interpolation: 0,interpolation_duration: 1}
$data merge entity $(bone_magazine) {transformation: [-0.9908f,0.1355f,-0.0006f,-0.0655f,0.1355f,0.9907f,0.007f,-0.4268f,0.0015f,0.0068f,-1f,0.3757f,0f,0f,0f,1f],start_interpolation: 0,interpolation_duration: 1}
$data merge entity $(bone_grip) {transformation: [-0.9908f,0.1355f,-0.0006f,-0.0655f,0.1355f,0.9907f,0.007f,-0.4268f,0.0015f,0.0068f,-1f,0.3757f,0f,0f,0f,1f],start_interpolation: 0,interpolation_duration: 1}
$data merge entity $(bone_trigger) {transformation: [-0.9908f,0.1355f,-0.0006f,-0.0649f,0.1355f,0.9907f,0.007f,-0.4227f,0.0015f,0.0068f,-1f,0.4064f,0f,0f,0f,1f],start_interpolation: 0,interpolation_duration: 1}
$data merge entity $(bone_trigger_gaurd) {transformation: [-0.9908f,0.1355f,-0.0006f,-0.061f,0.1355f,0.9907f,0.007f,-0.3943f,0.0015f,0.0068f,-1f,0.439f,0f,0f,0f,1f],start_interpolation: 0,interpolation_duration: 1}
$data merge entity $(bone_right_arm) {transformation: [-0.9908f,-0.0006f,-0.1355f,-0.1027f,0.1355f,0.007f,-0.9907f,-0.4408f,0.0015f,-1f,-0.0068f,0.0476f,0f,0f,0f,1f],start_interpolation: 0,interpolation_duration: 1}
$data merge entity $(bone_magazine1) {transformation: [0f,0f,0f,-0.119f,0f,0f,0f,-0.3587f,0f,0f,0f,0.3985f,0f,0f,0f,1f],start_interpolation: 0,interpolation_duration: 1}
$data merge entity $(bone_left_arm) {transformation: [-0.8524f,0.4039f,0.3322f,0.0749f,-0.3512f,0.0286f,-0.9359f,-0.4558f,-0.3875f,-0.9144f,0.1175f,0.06f,0f,0f,0f,1f],start_interpolation: 0,interpolation_duration: 1}
data modify entity @s data merge value {"cameras":{},"locators":{"barrel1":{"px":-0.07631641221358229,"py":-0.3482607423599701,"pz":0.7357280395971717,"ry":359.96564885146813,"rx":0.39961921699328357}}}