# This file was generated by Animated Java via MC-Build. It is not recommended to edit this file directly.
$data merge entity $(bone_muzzleflash) {transformation: [0f,0f,0f,-0.2274f,0f,0f,0f,-0.7544f,0f,0f,0f,0.393f,0f,0f,0f,1f],start_interpolation: 0,interpolation_duration: 1}
$data merge entity $(bone_slide) {transformation: [-0.9908f,0.1357f,-0.0006f,-0.0474f,0.1357f,0.9907f,0.0079f,-0.2967f,0.0016f,0.0077f,-1f,0.5735f,0f,0f,0f,1f],start_interpolation: 0,interpolation_duration: 1}
$data merge entity $(bone_barrel) {transformation: [-0.9908f,0.1357f,-0.0006f,0.05f,0.1357f,0.9907f,0.0079f,-0.3917f,0.0016f,0.0077f,-1f,0.5727f,0f,0f,0f,1f],start_interpolation: 0,interpolation_duration: 1}
$data merge entity $(bone_magazine) {transformation: [-0.9908f,0.1357f,-0.0006f,-0.0656f,0.1357f,0.9907f,0.0079f,-0.4274f,0.0016f,0.0077f,-1f,0.3755f,0f,0f,0f,1f],start_interpolation: 0,interpolation_duration: 1}
$data merge entity $(bone_grip) {transformation: [-0.9908f,0.1357f,-0.0006f,-0.0656f,0.1357f,0.9907f,0.0079f,-0.4274f,0.0016f,0.0077f,-1f,0.3755f,0f,0f,0f,1f],start_interpolation: 0,interpolation_duration: 1}
$data merge entity $(bone_trigger) {transformation: [-0.9908f,0.1357f,-0.0006f,-0.065f,0.1357f,0.9907f,0.0079f,-0.4233f,0.0016f,0.0077f,-1f,0.4062f,0f,0f,0f,1f],start_interpolation: 0,interpolation_duration: 1}
$data merge entity $(bone_trigger_gaurd) {transformation: [-0.9908f,0.1357f,-0.0006f,-0.061f,0.1357f,0.9907f,0.0079f,-0.3949f,0.0016f,0.0077f,-1f,0.4389f,0f,0f,0f,1f],start_interpolation: 0,interpolation_duration: 1}
$data merge entity $(bone_right_arm) {transformation: [-0.9908f,-0.0006f,-0.1357f,-0.1027f,0.1357f,0.0079f,-0.9907f,-0.4411f,0.0016f,-1f,-0.0077f,0.0474f,0f,0f,0f,1f],start_interpolation: 0,interpolation_duration: 1}
$data merge entity $(bone_magazine1) {transformation: [0f,0f,0f,-0.119f,0f,0f,0f,-0.3593f,0f,0f,0f,0.3984f,0f,0f,0f,1f],start_interpolation: 0,interpolation_duration: 1}
$data merge entity $(bone_left_arm) {transformation: [-0.8524f,0.4039f,0.3321f,0.0749f,-0.3508f,0.0294f,-0.936f,-0.4562f,-0.3878f,-0.9143f,0.1166f,0.0598f,0f,0f,0f,1f],start_interpolation: 0,interpolation_duration: 1}
data modify entity @s data merge value {"cameras":{},"locators":{"barrel1":{"px":-0.07636000387551274,"py":-0.34919521953127663,"pz":0.7356422762949127,"ry":359.96826195179244,"rx":0.45249819513527156}}}