# This file was generated by Animated Java via MC-Build. It is not recommended to edit this file directly.
$data merge entity $(bone_muzzleflash) {transformation: [0f,0f,0f,-0.2274f,0f,0f,0f,-0.755f,0f,0f,0f,0.3925f,0f,0f,0f,1f],start_interpolation: 0,interpolation_duration: 1}
$data merge entity $(bone_slide) {transformation: [-0.9907f,0.1358f,-0.0005f,-0.0474f,0.1358f,0.9907f,0.0088f,-0.2975f,0.0017f,0.0087f,-1f,0.5735f,0f,0f,0f,1f],start_interpolation: 0,interpolation_duration: 1}
$data merge entity $(bone_barrel) {transformation: [-0.9907f,0.1358f,-0.0005f,0.05f,0.1358f,0.9907f,0.0088f,-0.3925f,0.0017f,0.0087f,-1f,0.5726f,0f,0f,0f,1f],start_interpolation: 0,interpolation_duration: 1}
$data merge entity $(bone_magazine) {transformation: [-0.9907f,0.1358f,-0.0005f,-0.0656f,0.1358f,0.9907f,0.0088f,-0.428f,0.0017f,0.0087f,-1f,0.3754f,0f,0f,0f,1f],start_interpolation: 0,interpolation_duration: 1}
$data merge entity $(bone_grip) {transformation: [-0.9907f,0.1358f,-0.0005f,-0.0656f,0.1358f,0.9907f,0.0088f,-0.428f,0.0017f,0.0087f,-1f,0.3754f,0f,0f,0f,1f],start_interpolation: 0,interpolation_duration: 1}
$data merge entity $(bone_trigger) {transformation: [-0.9907f,0.1358f,-0.0005f,-0.065f,0.1358f,0.9907f,0.0088f,-0.4239f,0.0017f,0.0087f,-1f,0.406f,0f,0f,0f,1f],start_interpolation: 0,interpolation_duration: 1}
$data merge entity $(bone_trigger_gaurd) {transformation: [-0.9907f,0.1358f,-0.0005f,-0.0611f,0.1358f,0.9907f,0.0088f,-0.3956f,0.0017f,0.0087f,-1f,0.4387f,0f,0f,0f,1f],start_interpolation: 0,interpolation_duration: 1}
$data merge entity $(bone_right_arm) {transformation: [-0.9907f,-0.0005f,-0.1358f,-0.1027f,0.1358f,0.0088f,-0.9907f,-0.4414f,0.0017f,-1f,-0.0087f,0.0472f,0f,0f,0f,1f],start_interpolation: 0,interpolation_duration: 1}
$data merge entity $(bone_magazine1) {transformation: [0f,0f,0f,-0.119f,0f,0f,0f,-0.36f,0f,0f,0f,0.3983f,0f,0f,0f,1f],start_interpolation: 0,interpolation_duration: 1}
$data merge entity $(bone_left_arm) {transformation: [-0.8524f,0.404f,0.332f,0.0749f,-0.3503f,0.0302f,-0.9362f,-0.4565f,-0.3882f,-0.9143f,0.1158f,0.0596f,0f,0f,0f,1f],start_interpolation: 0,interpolation_duration: 1}
data modify entity @s data merge value {"cameras":{},"locators":{"barrel1":{"px":-0.07640314829617413,"py":-0.35014744304388223,"pz":0.7355547384241568,"ry":359.9709177051409,"rx":0.50608863094188}}}