# This file was generated by Animated Java via MC-Build. It is not recommended to edit this file directly.
$data merge entity $(bone_muzzleflash) {transformation: [0f,0f,0f,-0.2275f,0f,0f,0f,-0.7556f,0f,0f,0f,0.3921f,0f,0f,0f,1f],start_interpolation: 0,interpolation_duration: 1}
$data merge entity $(bone_slide) {transformation: [-0.9907f,0.1359f,-0.0005f,-0.0474f,0.1359f,0.9907f,0.0098f,-0.2983f,0.0018f,0.0096f,-1f,0.5735f,0f,0f,0f,1f],start_interpolation: 0,interpolation_duration: 1}
$data merge entity $(bone_barrel) {transformation: [-0.9907f,0.1359f,-0.0005f,0.0499f,0.1359f,0.9907f,0.0098f,-0.3934f,0.0018f,0.0096f,-1f,0.5725f,0f,0f,0f,1f],start_interpolation: 0,interpolation_duration: 1}
$data merge entity $(bone_magazine) {transformation: [-0.9907f,0.1359f,-0.0005f,-0.0656f,0.1359f,0.9907f,0.0098f,-0.4286f,0.0018f,0.0096f,-1f,0.3752f,0f,0f,0f,1f],start_interpolation: 0,interpolation_duration: 1}
$data merge entity $(bone_grip) {transformation: [-0.9907f,0.1359f,-0.0005f,-0.0656f,0.1359f,0.9907f,0.0098f,-0.4286f,0.0018f,0.0096f,-1f,0.3752f,0f,0f,0f,1f],start_interpolation: 0,interpolation_duration: 1}
$data merge entity $(bone_trigger) {transformation: [-0.9907f,0.1359f,-0.0005f,-0.065f,0.1359f,0.9907f,0.0098f,-0.4246f,0.0018f,0.0096f,-1f,0.4059f,0f,0f,0f,1f],start_interpolation: 0,interpolation_duration: 1}
$data merge entity $(bone_trigger_gaurd) {transformation: [-0.9907f,0.1359f,-0.0005f,-0.0611f,0.1359f,0.9907f,0.0098f,-0.3963f,0.0018f,0.0096f,-1f,0.4386f,0f,0f,0f,1f],start_interpolation: 0,interpolation_duration: 1}
$data merge entity $(bone_right_arm) {transformation: [-0.9907f,-0.0005f,-0.1359f,-0.1027f,0.1359f,0.0098f,-0.9907f,-0.4418f,0.0018f,-1f,-0.0096f,0.0471f,0f,0f,0f,1f],start_interpolation: 0,interpolation_duration: 1}
$data merge entity $(bone_magazine1) {transformation: [0f,0f,0f,-0.119f,0f,0f,0f,-0.3606f,0f,0f,0f,0.3982f,0f,0f,0f,1f],start_interpolation: 0,interpolation_duration: 1}
$data merge entity $(bone_left_arm) {transformation: [-0.8524f,0.404f,0.3319f,0.0749f,-0.3498f,0.031f,-0.9363f,-0.4569f,-0.3886f,-0.9142f,0.1149f,0.0595f,0f,0f,0f,1f],start_interpolation: 0,interpolation_duration: 1}
data modify entity @s data merge value {"cameras":{},"locators":{"barrel1":{"px":-0.07644576905285462,"py":-0.35111565102209147,"pz":0.7354655569094182,"ry":359.9736099571274,"rx":0.5602963040495346}}}