# This file was generated by Animated Java via MC-Build. It is not recommended to edit this file directly.
$data merge entity $(bone_muzzleflash) {transformation: [0f,0f,0f,-0.2276f,0f,0f,0f,-0.7563f,0f,0f,0f,0.3916f,0f,0f,0f,1f],start_interpolation: 0,interpolation_duration: 1}
$data merge entity $(bone_slide) {transformation: [-0.9907f,0.136f,-0.0004f,-0.0474f,0.136f,0.9907f,0.0107f,-0.2992f,0.0019f,0.0106f,-0.9999f,0.5734f,0f,0f,0f,1f],start_interpolation: 0,interpolation_duration: 1}
$data merge entity $(bone_barrel) {transformation: [-0.9907f,0.136f,-0.0004f,0.0499f,0.136f,0.9907f,0.0107f,-0.3942f,0.0019f,0.0106f,-0.9999f,0.5724f,0f,0f,0f,1f],start_interpolation: 0,interpolation_duration: 1}
$data merge entity $(bone_magazine) {transformation: [-0.9907f,0.136f,-0.0004f,-0.0657f,0.136f,0.9907f,0.0107f,-0.4293f,0.0019f,0.0106f,-0.9999f,0.3751f,0f,0f,0f,1f],start_interpolation: 0,interpolation_duration: 1}
$data merge entity $(bone_grip) {transformation: [-0.9907f,0.136f,-0.0004f,-0.0657f,0.136f,0.9907f,0.0107f,-0.4293f,0.0019f,0.0106f,-0.9999f,0.3751f,0f,0f,0f,1f],start_interpolation: 0,interpolation_duration: 1}
$data merge entity $(bone_trigger) {transformation: [-0.9907f,0.136f,-0.0004f,-0.0651f,0.136f,0.9907f,0.0107f,-0.4253f,0.0019f,0.0106f,-0.9999f,0.4057f,0f,0f,0f,1f],start_interpolation: 0,interpolation_duration: 1}
$data merge entity $(bone_trigger_gaurd) {transformation: [-0.9907f,0.136f,-0.0004f,-0.0611f,0.136f,0.9907f,0.0107f,-0.397f,0.0019f,0.0106f,-0.9999f,0.4385f,0f,0f,0f,1f],start_interpolation: 0,interpolation_duration: 1}
$data merge entity $(bone_right_arm) {transformation: [-0.9907f,-0.0004f,-0.136f,-0.1028f,0.136f,0.0107f,-0.9907f,-0.4421f,0.0019f,-0.9999f,-0.0106f,0.0469f,0f,0f,0f,1f],start_interpolation: 0,interpolation_duration: 1}
$data merge entity $(bone_magazine1) {transformation: [0f,0f,0f,-0.1191f,0f,0f,0f,-0.3613f,0f,0f,0f,0.3981f,0f,0f,0f,1f],start_interpolation: 0,interpolation_duration: 1}
$data merge entity $(bone_left_arm) {transformation: [-0.8524f,0.4041f,0.3318f,0.0748f,-0.3494f,0.0318f,-0.9364f,-0.4572f,-0.3889f,-0.9142f,0.114f,0.0593f,0f,0f,0f,1f],start_interpolation: 0,interpolation_duration: 1}
data modify entity @s data merge value {"cameras":{},"locators":{"barrel1":{"px":-0.07648778868281866,"py":-0.35209808212329413,"pz":0.7353748668409796,"ry":359.97633246883356,"rx":0.6150269987876913}}}