# This file was generated by Animated Java via MC-Build. It is not recommended to edit this file directly.
$data merge entity $(bone_muzzleflash) {transformation: [0f,0f,0f,-0.2276f,0f,0f,0f,-0.7569f,0f,0f,0f,0.3911f,0f,0f,0f,1f],start_interpolation: 0,interpolation_duration: 1}
$data merge entity $(bone_slide) {transformation: [-0.9907f,0.1361f,-0.0004f,-0.0475f,0.1361f,0.9906f,0.0117f,-0.3f,0.002f,0.0115f,-0.9999f,0.5734f,0f,0f,0f,1f],start_interpolation: 0,interpolation_duration: 1}
$data merge entity $(bone_barrel) {transformation: [-0.9907f,0.1361f,-0.0004f,0.0499f,0.1361f,0.9906f,0.0117f,-0.3951f,0.002f,0.0115f,-0.9999f,0.5722f,0f,0f,0f,1f],start_interpolation: 0,interpolation_duration: 1}
$data merge entity $(bone_magazine) {transformation: [-0.9907f,0.1361f,-0.0004f,-0.0657f,0.1361f,0.9906f,0.0117f,-0.4299f,0.002f,0.0115f,-0.9999f,0.3749f,0f,0f,0f,1f],start_interpolation: 0,interpolation_duration: 1}
$data merge entity $(bone_grip) {transformation: [-0.9907f,0.1361f,-0.0004f,-0.0657f,0.1361f,0.9906f,0.0117f,-0.4299f,0.002f,0.0115f,-0.9999f,0.3749f,0f,0f,0f,1f],start_interpolation: 0,interpolation_duration: 1}
$data merge entity $(bone_trigger) {transformation: [-0.9907f,0.1361f,-0.0004f,-0.0651f,0.1361f,0.9906f,0.0117f,-0.4259f,0.002f,0.0115f,-0.9999f,0.4056f,0f,0f,0f,1f],start_interpolation: 0,interpolation_duration: 1}
$data merge entity $(bone_trigger_gaurd) {transformation: [-0.9907f,0.1361f,-0.0004f,-0.0612f,0.1361f,0.9906f,0.0117f,-0.3977f,0.002f,0.0115f,-0.9999f,0.4383f,0f,0f,0f,1f],start_interpolation: 0,interpolation_duration: 1}
$data merge entity $(bone_right_arm) {transformation: [-0.9907f,-0.0004f,-0.1361f,-0.1028f,0.1361f,0.0117f,-0.9906f,-0.4424f,0.002f,-0.9999f,-0.0115f,0.0467f,0f,0f,0f,1f],start_interpolation: 0,interpolation_duration: 1}
$data merge entity $(bone_magazine1) {transformation: [0f,0f,0f,-0.1191f,0f,0f,0f,-0.3619f,0f,0f,0f,0.398f,0f,0f,0f,1f],start_interpolation: 0,interpolation_duration: 1}
$data merge entity $(bone_left_arm) {transformation: [-0.8525f,0.4041f,0.3317f,0.0748f,-0.3489f,0.0327f,-0.9366f,-0.4576f,-0.3893f,-0.9141f,0.1131f,0.0591f,0f,0f,0f,1f],start_interpolation: 0,interpolation_duration: 1}
data modify entity @s data merge value {"cameras":{},"locators":{"barrel1":{"px":-0.07652912881784098,"py":-0.35309297555552216,"pz":0.7352828075905091,"ry":359.9790789274216,"rx":0.6701865035879166}}}