# This file was generated by Animated Java via MC-Build. It is not recommended to edit this file directly.
$data merge entity $(bone_muzzleflash) {transformation: [0f,0f,0f,-0.2277f,0f,0f,0f,-0.7576f,0f,0f,0f,0.3906f,0f,0f,0f,1f],start_interpolation: 0,interpolation_duration: 1}
$data merge entity $(bone_slide) {transformation: [-0.9907f,0.1361f,-0.0003f,-0.0475f,0.1361f,0.9906f,0.0127f,-0.3008f,0.002f,0.0125f,-0.9999f,0.5733f,0f,0f,0f,1f],start_interpolation: 0,interpolation_duration: 1}
$data merge entity $(bone_barrel) {transformation: [-0.9907f,0.1361f,-0.0003f,0.0498f,0.1361f,0.9906f,0.0127f,-0.3959f,0.002f,0.0125f,-0.9999f,0.5721f,0f,0f,0f,1f],start_interpolation: 0,interpolation_duration: 1}
$data merge entity $(bone_magazine) {transformation: [-0.9907f,0.1361f,-0.0003f,-0.0657f,0.1361f,0.9906f,0.0127f,-0.4306f,0.002f,0.0125f,-0.9999f,0.3747f,0f,0f,0f,1f],start_interpolation: 0,interpolation_duration: 1}
$data merge entity $(bone_grip) {transformation: [-0.9907f,0.1361f,-0.0003f,-0.0657f,0.1361f,0.9906f,0.0127f,-0.4306f,0.002f,0.0125f,-0.9999f,0.3747f,0f,0f,0f,1f],start_interpolation: 0,interpolation_duration: 1}
$data merge entity $(bone_trigger) {transformation: [-0.9907f,0.1361f,-0.0003f,-0.0651f,0.1361f,0.9906f,0.0127f,-0.4266f,0.002f,0.0125f,-0.9999f,0.4054f,0f,0f,0f,1f],start_interpolation: 0,interpolation_duration: 1}
$data merge entity $(bone_trigger_gaurd) {transformation: [-0.9907f,0.1361f,-0.0003f,-0.0612f,0.1361f,0.9906f,0.0127f,-0.3984f,0.002f,0.0125f,-0.9999f,0.4382f,0f,0f,0f,1f],start_interpolation: 0,interpolation_duration: 1}
$data merge entity $(bone_right_arm) {transformation: [-0.9907f,-0.0003f,-0.1361f,-0.1028f,0.1361f,0.0127f,-0.9906f,-0.4428f,0.002f,-0.9999f,-0.0125f,0.0465f,0f,0f,0f,1f],start_interpolation: 0,interpolation_duration: 1}
$data merge entity $(bone_magazine1) {transformation: [0f,0f,0f,-0.1191f,0f,0f,0f,-0.3626f,0f,0f,0f,0.3979f,0f,0f,0f,1f],start_interpolation: 0,interpolation_duration: 1}
$data merge entity $(bone_left_arm) {transformation: [-0.8525f,0.4042f,0.3316f,0.0748f,-0.3485f,0.0335f,-0.9367f,-0.4579f,-0.3897f,-0.9141f,0.1123f,0.0589f,0f,0f,0f,1f],start_interpolation: 0,interpolation_duration: 1}
data modify entity @s data merge value {"cameras":{},"locators":{"barrel1":{"px":-0.07656971031856526,"py":-0.3540985710929264,"pz":0.7351895229072913,"ry":359.9818429567413,"rx":0.7256806103836039}}}