# This file was generated by Animated Java via MC-Build. It is not recommended to edit this file directly.
$data merge entity $(bone_muzzleflash) {transformation: [0f,0f,0f,-0.2277f,0f,0f,0f,-0.7582f,0f,0f,0f,0.3901f,0f,0f,0f,1f],start_interpolation: 0,interpolation_duration: 1}
$data merge entity $(bone_slide) {transformation: [-0.9907f,0.1362f,-0.0003f,-0.0475f,0.1362f,0.9906f,0.0136f,-0.3017f,0.0021f,0.0135f,-0.9999f,0.5733f,0f,0f,0f,1f],start_interpolation: 0,interpolation_duration: 1}
$data merge entity $(bone_barrel) {transformation: [-0.9907f,0.1362f,-0.0003f,0.0498f,0.1362f,0.9906f,0.0136f,-0.3968f,0.0021f,0.0135f,-0.9999f,0.572f,0f,0f,0f,1f],start_interpolation: 0,interpolation_duration: 1}
$data merge entity $(bone_magazine) {transformation: [-0.9907f,0.1362f,-0.0003f,-0.0658f,0.1362f,0.9906f,0.0136f,-0.4312f,0.0021f,0.0135f,-0.9999f,0.3746f,0f,0f,0f,1f],start_interpolation: 0,interpolation_duration: 1}
$data merge entity $(bone_grip) {transformation: [-0.9907f,0.1362f,-0.0003f,-0.0658f,0.1362f,0.9906f,0.0136f,-0.4312f,0.0021f,0.0135f,-0.9999f,0.3746f,0f,0f,0f,1f],start_interpolation: 0,interpolation_duration: 1}
$data merge entity $(bone_trigger) {transformation: [-0.9907f,0.1362f,-0.0003f,-0.0652f,0.1362f,0.9906f,0.0136f,-0.4273f,0.0021f,0.0135f,-0.9999f,0.4052f,0f,0f,0f,1f],start_interpolation: 0,interpolation_duration: 1}
$data merge entity $(bone_trigger_gaurd) {transformation: [-0.9907f,0.1362f,-0.0003f,-0.0612f,0.1362f,0.9906f,0.0136f,-0.3992f,0.0021f,0.0135f,-0.9999f,0.4381f,0f,0f,0f,1f],start_interpolation: 0,interpolation_duration: 1}
$data merge entity $(bone_right_arm) {transformation: [-0.9907f,-0.0003f,-0.1362f,-0.1028f,0.1362f,0.0136f,-0.9906f,-0.4431f,0.0021f,-0.9999f,-0.0135f,0.0463f,0f,0f,0f,1f],start_interpolation: 0,interpolation_duration: 1}
$data merge entity $(bone_magazine1) {transformation: [0f,0f,0f,-0.1191f,0f,0f,0f,-0.3633f,0f,0f,0f,0.3978f,0f,0f,0f,1f],start_interpolation: 0,interpolation_duration: 1}
$data merge entity $(bone_left_arm) {transformation: [-0.8525f,0.4042f,0.3315f,0.0748f,-0.3481f,0.0344f,-0.9368f,-0.4583f,-0.3901f,-0.914f,0.1114f,0.0587f,0f,0f,0f,1f],start_interpolation: 0,interpolation_duration: 1}
data modify entity @s data merge value {"cameras":{},"locators":{"barrel1":{"px":-0.07660945340867491,"py":-0.3551131090890709,"pz":0.7350951609950859,"ry":359.9846181279321,"rx":0.7814151140015946}}}