# This file was generated by Animated Java via MC-Build. It is not recommended to edit this file directly.
$data merge entity $(bone_muzzleflash) {transformation: [0f,0f,0f,-0.2057f,0f,0f,0f,-0.7564f,0f,0f,0f,0.3981f,0f,0f,0f,1f],start_interpolation: 0,interpolation_duration: 1}
$data merge entity $(bone_slide) {transformation: [-0.9957f,0.0927f,-0.001f,-0.0456f,0.0927f,0.9956f,-0.0165f,-0.2871f,-0.0005f,-0.0165f,-0.9999f,0.5672f,0f,0f,0f,1f],start_interpolation: 0,interpolation_duration: 1}
$data merge entity $(bone_barrel) {transformation: [-0.9957f,0.0927f,-0.001f,0.0558f,0.0927f,0.9956f,-0.0165f,-0.3778f,-0.0005f,-0.0165f,-0.9999f,0.5686f,0f,0f,0f,1f],start_interpolation: 0,interpolation_duration: 1}
$data merge entity $(bone_magazine) {transformation: [-0.9957f,0.0927f,-0.001f,-0.0582f,0.0927f,0.9956f,-0.0165f,-0.4232f,-0.0005f,-0.0165f,-0.9999f,0.3725f,0f,0f,0f,1f],start_interpolation: 0,interpolation_duration: 1}
$data merge entity $(bone_grip) {transformation: [-0.9957f,0.0927f,-0.001f,-0.0582f,0.0927f,0.9956f,-0.0165f,-0.4232f,-0.0005f,-0.0165f,-0.9999f,0.3725f,0f,0f,0f,1f],start_interpolation: 0,interpolation_duration: 1}
$data merge entity $(bone_trigger) {transformation: [-0.9957f,0.0927f,-0.001f,-0.0577f,0.0927f,0.9956f,-0.0165f,-0.4183f,-0.0005f,-0.0165f,-0.9999f,0.403f,0f,0f,0f,1f],start_interpolation: 0,interpolation_duration: 1}
$data merge entity $(bone_trigger_gaurd) {transformation: [-0.9957f,0.0927f,-0.001f,-0.055f,0.0927f,0.9956f,-0.0165f,-0.3891f,-0.0005f,-0.0165f,-0.9999f,0.435f,0f,0f,0f,1f],start_interpolation: 0,interpolation_duration: 1}
$data merge entity $(bone_right_arm) {transformation: [-0.9957f,-0.001f,-0.0927f,-0.0947f,0.0927f,-0.0165f,-0.9956f,-0.4465f,-0.0005f,-0.9999f,0.0165f,0.0448f,0f,0f,0f,1f],start_interpolation: 0,interpolation_duration: 1}
$data merge entity $(bone_magazine1) {transformation: [0f,0f,0f,-0.1145f,0f,0f,0f,-0.357f,0f,0f,0f,0.3937f,0f,0f,0f,1f],start_interpolation: 0,interpolation_duration: 1}
$data merge entity $(bone_left_arm) {transformation: [-0.8364f,0.4022f,0.3723f,0.0834f,-0.3967f,0.0245f,-0.9176f,-0.4536f,-0.3782f,-0.9152f,0.139f,0.0574f,0f,0f,0f,1f],start_interpolation: 0,interpolation_duration: 1}
data modify entity @s data merge value {"cameras":{},"locators":{"barrel1":{"px":-0.07228298275059343,"py":-0.33680487811660076,"pz":0.7305692160847854,"ry":359.9415809321695,"rx":-0.9451705740118314}}}