# This file was generated by Animated Java via MC-Build. It is not recommended to edit this file directly.
$data merge entity $(bone_muzzleflash) {transformation: [0f,0f,0f,-0.2278f,0f,0f,0f,-0.7589f,0f,0f,0f,0.3896f,0f,0f,0f,1f],start_interpolation: 0,interpolation_duration: 1}
$data merge entity $(bone_slide) {transformation: [-0.9907f,0.1363f,-0.0002f,-0.0476f,0.1362f,0.9906f,0.0146f,-0.3026f,0.0022f,0.0144f,-0.9999f,0.5733f,0f,0f,0f,1f],start_interpolation: 0,interpolation_duration: 1}
$data merge entity $(bone_barrel) {transformation: [-0.9907f,0.1363f,-0.0002f,0.0498f,0.1362f,0.9906f,0.0146f,-0.3976f,0.0022f,0.0144f,-0.9999f,0.5718f,0f,0f,0f,1f],start_interpolation: 0,interpolation_duration: 1}
$data merge entity $(bone_magazine) {transformation: [-0.9907f,0.1363f,-0.0002f,-0.0658f,0.1362f,0.9906f,0.0146f,-0.4319f,0.0022f,0.0144f,-0.9999f,0.3744f,0f,0f,0f,1f],start_interpolation: 0,interpolation_duration: 1}
$data merge entity $(bone_grip) {transformation: [-0.9907f,0.1363f,-0.0002f,-0.0658f,0.1362f,0.9906f,0.0146f,-0.4319f,0.0022f,0.0144f,-0.9999f,0.3744f,0f,0f,0f,1f],start_interpolation: 0,interpolation_duration: 1}
$data merge entity $(bone_trigger) {transformation: [-0.9907f,0.1363f,-0.0002f,-0.0652f,0.1362f,0.9906f,0.0146f,-0.428f,0.0022f,0.0144f,-0.9999f,0.4051f,0f,0f,0f,1f],start_interpolation: 0,interpolation_duration: 1}
$data merge entity $(bone_trigger_gaurd) {transformation: [-0.9907f,0.1363f,-0.0002f,-0.0612f,0.1362f,0.9906f,0.0146f,-0.3999f,0.0022f,0.0144f,-0.9999f,0.4379f,0f,0f,0f,1f],start_interpolation: 0,interpolation_duration: 1}
$data merge entity $(bone_right_arm) {transformation: [-0.9907f,-0.0002f,-0.1363f,-0.1028f,0.1362f,0.0146f,-0.9906f,-0.4434f,0.0022f,-0.9999f,-0.0144f,0.0462f,0f,0f,0f,1f],start_interpolation: 0,interpolation_duration: 1}
$data merge entity $(bone_magazine1) {transformation: [0f,0f,0f,-0.1192f,0f,0f,0f,-0.364f,0f,0f,0f,0.3977f,0f,0f,0f,1f],start_interpolation: 0,interpolation_duration: 1}
$data merge entity $(bone_left_arm) {transformation: [-0.8525f,0.4043f,0.3315f,0.0748f,-0.3476f,0.0353f,-0.937f,-0.4587f,-0.3905f,-0.914f,0.1105f,0.0585f,0f,0f,0f,1f],start_interpolation: 0,interpolation_duration: 1}
data modify entity @s data merge value {"cameras":{},"locators":{"barrel1":{"px":-0.0766482778088644,"py":-0.3561348304879364,"pz":0.7349998745696275,"ry":359.98739797002224,"rx":0.8372958115469018}}}