# This file was generated by Animated Java via MC-Build. It is not recommended to edit this file directly.
$data merge entity $(bone_muzzleflash) {transformation: [0f,0f,0f,-0.2278f,0f,0f,0f,-0.7596f,0f,0f,0f,0.3891f,0f,0f,0f,1f],start_interpolation: 0,interpolation_duration: 1}
$data merge entity $(bone_slide) {transformation: [-0.9907f,0.1363f,-0.0002f,-0.0476f,0.1363f,0.9905f,0.0156f,-0.3034f,0.0023f,0.0154f,-0.9999f,0.5732f,0f,0f,0f,1f],start_interpolation: 0,interpolation_duration: 1}
$data merge entity $(bone_barrel) {transformation: [-0.9907f,0.1363f,-0.0002f,0.0497f,0.1363f,0.9905f,0.0156f,-0.3985f,0.0023f,0.0154f,-0.9999f,0.5717f,0f,0f,0f,1f],start_interpolation: 0,interpolation_duration: 1}
$data merge entity $(bone_magazine) {transformation: [-0.9907f,0.1363f,-0.0002f,-0.0658f,0.1363f,0.9905f,0.0156f,-0.4326f,0.0023f,0.0154f,-0.9999f,0.3742f,0f,0f,0f,1f],start_interpolation: 0,interpolation_duration: 1}
$data merge entity $(bone_grip) {transformation: [-0.9907f,0.1363f,-0.0002f,-0.0658f,0.1363f,0.9905f,0.0156f,-0.4326f,0.0023f,0.0154f,-0.9999f,0.3742f,0f,0f,0f,1f],start_interpolation: 0,interpolation_duration: 1}
$data merge entity $(bone_trigger) {transformation: [-0.9907f,0.1363f,-0.0002f,-0.0652f,0.1363f,0.9905f,0.0156f,-0.4287f,0.0023f,0.0154f,-0.9999f,0.4049f,0f,0f,0f,1f],start_interpolation: 0,interpolation_duration: 1}
$data merge entity $(bone_trigger_gaurd) {transformation: [-0.9907f,0.1363f,-0.0002f,-0.0613f,0.1363f,0.9905f,0.0156f,-0.4006f,0.0023f,0.0154f,-0.9999f,0.4378f,0f,0f,0f,1f],start_interpolation: 0,interpolation_duration: 1}
$data merge entity $(bone_right_arm) {transformation: [-0.9907f,-0.0002f,-0.1363f,-0.1028f,0.1363f,0.0156f,-0.9905f,-0.4438f,0.0023f,-0.9999f,-0.0154f,0.046f,0f,0f,0f,1f],start_interpolation: 0,interpolation_duration: 1}
$data merge entity $(bone_magazine1) {transformation: [0f,0f,0f,-0.1192f,0f,0f,0f,-0.3647f,0f,0f,0f,0.3976f,0f,0f,0f,1f],start_interpolation: 0,interpolation_duration: 1}
$data merge entity $(bone_left_arm) {transformation: [-0.8525f,0.4043f,0.3315f,0.0748f,-0.3472f,0.0361f,-0.9371f,-0.459f,-0.3908f,-0.9139f,0.1096f,0.0583f,0f,0f,0f,1f],start_interpolation: 0,interpolation_duration: 1}
data modify entity @s data merge value {"cameras":{},"locators":{"barrel1":{"px":-0.0766861028706006,"py":-0.3571619768325206,"pz":0.734903820896786,"ry":359.9901759805259,"rx":0.8932285017817828}}}