# This file was generated by Animated Java via MC-Build. It is not recommended to edit this file directly.
$data merge entity $(bone_muzzleflash) {transformation: [0f,0f,0f,-0.2279f,0f,0f,0f,-0.7603f,0f,0f,0f,0.3886f,0f,0f,0f,1f],start_interpolation: 0,interpolation_duration: 1}
$data merge entity $(bone_slide) {transformation: [-0.9907f,0.1363f,-0.0001f,-0.0476f,0.1363f,0.9905f,0.0166f,-0.3043f,0.0024f,0.0164f,-0.9999f,0.5732f,0f,0f,0f,1f],start_interpolation: 0,interpolation_duration: 1}
$data merge entity $(bone_barrel) {transformation: [-0.9907f,0.1363f,-0.0001f,0.0497f,0.1363f,0.9905f,0.0166f,-0.3994f,0.0024f,0.0164f,-0.9999f,0.5716f,0f,0f,0f,1f],start_interpolation: 0,interpolation_duration: 1}
$data merge entity $(bone_magazine) {transformation: [-0.9907f,0.1363f,-0.0001f,-0.0658f,0.1363f,0.9905f,0.0166f,-0.4333f,0.0024f,0.0164f,-0.9999f,0.3741f,0f,0f,0f,1f],start_interpolation: 0,interpolation_duration: 1}
$data merge entity $(bone_grip) {transformation: [-0.9907f,0.1363f,-0.0001f,-0.0658f,0.1363f,0.9905f,0.0166f,-0.4333f,0.0024f,0.0164f,-0.9999f,0.3741f,0f,0f,0f,1f],start_interpolation: 0,interpolation_duration: 1}
$data merge entity $(bone_trigger) {transformation: [-0.9907f,0.1363f,-0.0001f,-0.0652f,0.1363f,0.9905f,0.0166f,-0.4294f,0.0024f,0.0164f,-0.9999f,0.4047f,0f,0f,0f,1f],start_interpolation: 0,interpolation_duration: 1}
$data merge entity $(bone_trigger_gaurd) {transformation: [-0.9907f,0.1363f,-0.0001f,-0.0613f,0.1363f,0.9905f,0.0166f,-0.4014f,0.0024f,0.0164f,-0.9999f,0.4377f,0f,0f,0f,1f],start_interpolation: 0,interpolation_duration: 1}
$data merge entity $(bone_right_arm) {transformation: [-0.9907f,-0.0001f,-0.1363f,-0.1028f,0.1363f,0.0166f,-0.9905f,-0.4442f,0.0024f,-0.9999f,-0.0164f,0.0458f,0f,0f,0f,1f],start_interpolation: 0,interpolation_duration: 1}
$data merge entity $(bone_magazine1) {transformation: [0f,0f,0f,-0.1192f,0f,0f,0f,-0.3654f,0f,0f,0f,0.3975f,0f,0f,0f,1f],start_interpolation: 0,interpolation_duration: 1}
$data merge entity $(bone_left_arm) {transformation: [-0.8524f,0.4043f,0.3314f,0.0748f,-0.3468f,0.037f,-0.9372f,-0.4594f,-0.3912f,-0.9139f,0.1087f,0.0581f,0f,0f,0f,1f],start_interpolation: 0,interpolation_duration: 1}
data modify entity @s data merge value {"cameras":{},"locators":{"barrel1":{"px":-0.07672284770966283,"py":-0.3581927902709223,"pz":0.7348071618114005,"ry":359.9929456360401,"rx":0.9491189845003913}}}