# This file was generated by Animated Java via MC-Build. It is not recommended to edit this file directly.
$data merge entity $(bone_muzzleflash) {transformation: [0f,0f,0f,-0.2279f,0f,0f,0f,-0.761f,0f,0f,0f,0.3881f,0f,0f,0f,1f],start_interpolation: 0,interpolation_duration: 1}
$data merge entity $(bone_slide) {transformation: [-0.9907f,0.1363f,-0.0001f,-0.0476f,0.1363f,0.9905f,0.0175f,-0.3052f,0.0025f,0.0174f,-0.9998f,0.5731f,0f,0f,0f,1f],start_interpolation: 0,interpolation_duration: 1}
$data merge entity $(bone_barrel) {transformation: [-0.9907f,0.1363f,-0.0001f,0.0497f,0.1363f,0.9905f,0.0175f,-0.4003f,0.0025f,0.0174f,-0.9998f,0.5715f,0f,0f,0f,1f],start_interpolation: 0,interpolation_duration: 1}
$data merge entity $(bone_magazine) {transformation: [-0.9907f,0.1363f,-0.0001f,-0.0659f,0.1363f,0.9905f,0.0175f,-0.4339f,0.0025f,0.0174f,-0.9998f,0.3739f,0f,0f,0f,1f],start_interpolation: 0,interpolation_duration: 1}
$data merge entity $(bone_grip) {transformation: [-0.9907f,0.1363f,-0.0001f,-0.0659f,0.1363f,0.9905f,0.0175f,-0.4339f,0.0025f,0.0174f,-0.9998f,0.3739f,0f,0f,0f,1f],start_interpolation: 0,interpolation_duration: 1}
$data merge entity $(bone_trigger) {transformation: [-0.9907f,0.1363f,-0.0001f,-0.0653f,0.1363f,0.9905f,0.0175f,-0.4302f,0.0025f,0.0174f,-0.9998f,0.4046f,0f,0f,0f,1f],start_interpolation: 0,interpolation_duration: 1}
$data merge entity $(bone_trigger_gaurd) {transformation: [-0.9907f,0.1363f,-0.0001f,-0.0613f,0.1363f,0.9905f,0.0175f,-0.4021f,0.0025f,0.0174f,-0.9998f,0.4375f,0f,0f,0f,1f],start_interpolation: 0,interpolation_duration: 1}
$data merge entity $(bone_right_arm) {transformation: [-0.9907f,-0.0001f,-0.1363f,-0.1028f,0.1363f,0.0175f,-0.9905f,-0.4445f,0.0025f,-0.9998f,-0.0174f,0.0456f,0f,0f,0f,1f],start_interpolation: 0,interpolation_duration: 1}
$data merge entity $(bone_magazine1) {transformation: [0f,0f,0f,-0.1192f,0f,0f,0f,-0.3661f,0f,0f,0f,0.3974f,0f,0f,0f,1f],start_interpolation: 0,interpolation_duration: 1}
$data merge entity $(bone_left_arm) {transformation: [-0.8524f,0.4044f,0.3314f,0.0748f,-0.3464f,0.0379f,-0.9373f,-0.4598f,-0.3916f,-0.9138f,0.1078f,0.058f,0f,0f,0f,1f],start_interpolation: 0,interpolation_duration: 1}
data modify entity @s data merge value {"cameras":{},"locators":{"barrel1":{"px":-0.07675843133945348,"py":-0.35922551355979465,"pz":0.7347100637168078,"ry":359.9957004028431,"rx":1.0048730599002267}}}