# This file was generated by Animated Java via MC-Build. It is not recommended to edit this file directly.
$data merge entity $(bone_muzzleflash) {transformation: [0f,0f,0f,-0.2279f,0f,0f,0f,-0.7617f,0f,0f,0f,0.3876f,0f,0f,0f,1f],start_interpolation: 0,interpolation_duration: 1}
$data merge entity $(bone_slide) {transformation: [-0.9907f,0.1363f,0f,-0.0477f,0.1363f,0.9905f,0.0185f,-0.3061f,0.0026f,0.0183f,-0.9998f,0.5731f,0f,0f,0f,1f],start_interpolation: 0,interpolation_duration: 1}
$data merge entity $(bone_barrel) {transformation: [-0.9907f,0.1363f,0f,0.0496f,0.1363f,0.9905f,0.0185f,-0.4011f,0.0026f,0.0183f,-0.9998f,0.5713f,0f,0f,0f,1f],start_interpolation: 0,interpolation_duration: 1}
$data merge entity $(bone_magazine) {transformation: [-0.9907f,0.1363f,0f,-0.0659f,0.1363f,0.9905f,0.0185f,-0.4346f,0.0026f,0.0183f,-0.9998f,0.3737f,0f,0f,0f,1f],start_interpolation: 0,interpolation_duration: 1}
$data merge entity $(bone_grip) {transformation: [-0.9907f,0.1363f,0f,-0.0659f,0.1363f,0.9905f,0.0185f,-0.4346f,0.0026f,0.0183f,-0.9998f,0.3737f,0f,0f,0f,1f],start_interpolation: 0,interpolation_duration: 1}
$data merge entity $(bone_trigger) {transformation: [-0.9907f,0.1363f,0f,-0.0653f,0.1363f,0.9905f,0.0185f,-0.4309f,0.0026f,0.0183f,-0.9998f,0.4044f,0f,0f,0f,1f],start_interpolation: 0,interpolation_duration: 1}
$data merge entity $(bone_trigger_gaurd) {transformation: [-0.9907f,0.1363f,0f,-0.0613f,0.1363f,0.9905f,0.0185f,-0.4029f,0.0026f,0.0183f,-0.9998f,0.4374f,0f,0f,0f,1f],start_interpolation: 0,interpolation_duration: 1}
$data merge entity $(bone_right_arm) {transformation: [-0.9907f,0f,-0.1363f,-0.1028f,0.1363f,0.0185f,-0.9905f,-0.4449f,0.0026f,-0.9998f,-0.0183f,0.0454f,0f,0f,0f,1f],start_interpolation: 0,interpolation_duration: 1}
$data merge entity $(bone_magazine1) {transformation: [0f,0f,0f,-0.1193f,0f,0f,0f,-0.3668f,0f,0f,0f,0.3973f,0f,0f,0f,1f],start_interpolation: 0,interpolation_duration: 1}
$data merge entity $(bone_left_arm) {transformation: [-0.8524f,0.4044f,0.3314f,0.0748f,-0.346f,0.0388f,-0.9374f,-0.4602f,-0.392f,-0.9137f,0.1069f,0.0578f,0f,0f,0f,1f],start_interpolation: 0,interpolation_duration: 1}
data modify entity @s data merge value {"cameras":{},"locators":{"barrel1":{"px":-0.07679277280406815,"py":-0.3602583900650515,"pz":0.734612697565082,"ry":359.99843374749594,"rx":1.06039652795162}}}