# This file was generated by Animated Java via MC-Build. It is not recommended to edit this file directly.
$data merge entity $(bone_muzzleflash) {transformation: [0f,0f,0f,-0.2279f,0f,0f,0f,-0.7624f,0f,0f,0f,0.3871f,0f,0f,0f,1f],start_interpolation: 0,interpolation_duration: 1}
$data merge entity $(bone_slide) {transformation: [-0.9907f,0.1363f,0f,-0.0477f,0.1363f,0.9905f,0.0195f,-0.3069f,0.0026f,0.0193f,-0.9998f,0.573f,0f,0f,0f,1f],start_interpolation: 0,interpolation_duration: 1}
$data merge entity $(bone_barrel) {transformation: [-0.9907f,0.1363f,0f,0.0496f,0.1363f,0.9905f,0.0195f,-0.402f,0.0026f,0.0193f,-0.9998f,0.5712f,0f,0f,0f,1f],start_interpolation: 0,interpolation_duration: 1}
$data merge entity $(bone_magazine) {transformation: [-0.9907f,0.1363f,0f,-0.0659f,0.1363f,0.9905f,0.0195f,-0.4353f,0.0026f,0.0193f,-0.9998f,0.3735f,0f,0f,0f,1f],start_interpolation: 0,interpolation_duration: 1}
$data merge entity $(bone_grip) {transformation: [-0.9907f,0.1363f,0f,-0.0659f,0.1363f,0.9905f,0.0195f,-0.4353f,0.0026f,0.0193f,-0.9998f,0.3735f,0f,0f,0f,1f],start_interpolation: 0,interpolation_duration: 1}
$data merge entity $(bone_trigger) {transformation: [-0.9907f,0.1363f,0f,-0.0653f,0.1363f,0.9905f,0.0195f,-0.4316f,0.0026f,0.0193f,-0.9998f,0.4042f,0f,0f,0f,1f],start_interpolation: 0,interpolation_duration: 1}
$data merge entity $(bone_trigger_gaurd) {transformation: [-0.9907f,0.1363f,0f,-0.0614f,0.1363f,0.9905f,0.0195f,-0.4036f,0.0026f,0.0193f,-0.9998f,0.4372f,0f,0f,0f,1f],start_interpolation: 0,interpolation_duration: 1}
$data merge entity $(bone_right_arm) {transformation: [-0.9907f,0f,-0.1363f,-0.1028f,0.1363f,0.0195f,-0.9905f,-0.4452f,0.0026f,-0.9998f,-0.0193f,0.0452f,0f,0f,0f,1f],start_interpolation: 0,interpolation_duration: 1}
$data merge entity $(bone_magazine1) {transformation: [0f,0f,0f,-0.1193f,0f,0f,0f,-0.3675f,0f,0f,0f,0.3971f,0f,0f,0f,1f],start_interpolation: 0,interpolation_duration: 1}
$data merge entity $(bone_left_arm) {transformation: [-0.8524f,0.4045f,0.3314f,0.0748f,-0.3457f,0.0397f,-0.9375f,-0.4605f,-0.3923f,-0.9137f,0.106f,0.0576f,0f,0f,0f,1f],start_interpolation: 0,interpolation_duration: 1}
data modify entity @s data merge value {"cameras":{},"locators":{"barrel1":{"px":-0.07682579131111875,"py":-0.3612896637597112,"pz":0.7345152388180038,"ry":0.0011391474475033192,"rx":1.1155951877664703}}}