# This file was generated by Animated Java via MC-Build. It is not recommended to edit this file directly.
$data merge entity $(bone_muzzleflash) {transformation: [0f,0f,0f,-0.2279f,0f,0f,0f,-0.7631f,0f,0f,0f,0.3866f,0f,0f,0f,1f],start_interpolation: 0,interpolation_duration: 1}
$data merge entity $(bone_slide) {transformation: [-0.9907f,0.1363f,0.0001f,-0.0477f,0.1363f,0.9905f,0.0204f,-0.3078f,0.0027f,0.0202f,-0.9998f,0.573f,0f,0f,0f,1f],start_interpolation: 0,interpolation_duration: 1}
$data merge entity $(bone_barrel) {transformation: [-0.9907f,0.1363f,0.0001f,0.0496f,0.1363f,0.9905f,0.0204f,-0.4029f,0.0027f,0.0202f,-0.9998f,0.5711f,0f,0f,0f,1f],start_interpolation: 0,interpolation_duration: 1}
$data merge entity $(bone_magazine) {transformation: [-0.9907f,0.1363f,0.0001f,-0.0659f,0.1363f,0.9905f,0.0204f,-0.436f,0.0027f,0.0202f,-0.9998f,0.3734f,0f,0f,0f,1f],start_interpolation: 0,interpolation_duration: 1}
$data merge entity $(bone_grip) {transformation: [-0.9907f,0.1363f,0.0001f,-0.0659f,0.1363f,0.9905f,0.0204f,-0.436f,0.0027f,0.0202f,-0.9998f,0.3734f,0f,0f,0f,1f],start_interpolation: 0,interpolation_duration: 1}
$data merge entity $(bone_trigger) {transformation: [-0.9907f,0.1363f,0.0001f,-0.0653f,0.1363f,0.9905f,0.0204f,-0.4323f,0.0027f,0.0202f,-0.9998f,0.4041f,0f,0f,0f,1f],start_interpolation: 0,interpolation_duration: 1}
$data merge entity $(bone_trigger_gaurd) {transformation: [-0.9907f,0.1363f,0.0001f,-0.0614f,0.1363f,0.9905f,0.0204f,-0.4044f,0.0027f,0.0202f,-0.9998f,0.4371f,0f,0f,0f,1f],start_interpolation: 0,interpolation_duration: 1}
$data merge entity $(bone_right_arm) {transformation: [-0.9907f,0.0001f,-0.1363f,-0.1028f,0.1363f,0.0204f,-0.9905f,-0.4456f,0.0027f,-0.9998f,-0.0202f,0.0451f,0f,0f,0f,1f],start_interpolation: 0,interpolation_duration: 1}
$data merge entity $(bone_magazine1) {transformation: [0f,0f,0f,-0.1193f,0f,0f,0f,-0.3682f,0f,0f,0f,0.397f,0f,0f,0f,1f],start_interpolation: 0,interpolation_duration: 1}
$data merge entity $(bone_left_arm) {transformation: [-0.8524f,0.4045f,0.3314f,0.0748f,-0.3453f,0.0406f,-0.9376f,-0.4609f,-0.3927f,-0.9136f,0.1051f,0.0574f,0f,0f,0f,1f],start_interpolation: 0,interpolation_duration: 1}
data modify entity @s data merge value {"cameras":{},"locators":{"barrel1":{"px":-0.07685740636430181,"py":-0.3623175792187659,"pz":0.7344178673887791,"ry":0.0038101016463940596,"rx":1.1703748369674731}}}