# This file was generated by Animated Java via MC-Build. It is not recommended to edit this file directly.
$data merge entity $(bone_muzzleflash) {transformation: [0f,0f,0f,-0.2279f,0f,0f,0f,-0.7638f,0f,0f,0f,0.3862f,0f,0f,0f,1f],start_interpolation: 0,interpolation_duration: 1}
$data merge entity $(bone_slide) {transformation: [-0.9907f,0.1363f,0.0001f,-0.0477f,0.1363f,0.9904f,0.0214f,-0.3087f,0.0028f,0.0212f,-0.9998f,0.573f,0f,0f,0f,1f],start_interpolation: 0,interpolation_duration: 1}
$data merge entity $(bone_barrel) {transformation: [-0.9907f,0.1363f,0.0001f,0.0496f,0.1363f,0.9904f,0.0214f,-0.4038f,0.0028f,0.0212f,-0.9998f,0.5709f,0f,0f,0f,1f],start_interpolation: 0,interpolation_duration: 1}
$data merge entity $(bone_magazine) {transformation: [-0.9907f,0.1363f,0.0001f,-0.0659f,0.1363f,0.9904f,0.0214f,-0.4367f,0.0028f,0.0212f,-0.9998f,0.3732f,0f,0f,0f,1f],start_interpolation: 0,interpolation_duration: 1}
$data merge entity $(bone_grip) {transformation: [-0.9907f,0.1363f,0.0001f,-0.0659f,0.1363f,0.9904f,0.0214f,-0.4367f,0.0028f,0.0212f,-0.9998f,0.3732f,0f,0f,0f,1f],start_interpolation: 0,interpolation_duration: 1}
$data merge entity $(bone_trigger) {transformation: [-0.9907f,0.1363f,0.0001f,-0.0653f,0.1363f,0.9904f,0.0214f,-0.433f,0.0028f,0.0212f,-0.9998f,0.4039f,0f,0f,0f,1f],start_interpolation: 0,interpolation_duration: 1}
$data merge entity $(bone_trigger_gaurd) {transformation: [-0.9907f,0.1363f,0.0001f,-0.0614f,0.1363f,0.9904f,0.0214f,-0.4051f,0.0028f,0.0212f,-0.9998f,0.437f,0f,0f,0f,1f],start_interpolation: 0,interpolation_duration: 1}
$data merge entity $(bone_right_arm) {transformation: [-0.9907f,0.0001f,-0.1363f,-0.1028f,0.1363f,0.0214f,-0.9904f,-0.446f,0.0028f,-0.9998f,-0.0212f,0.0449f,0f,0f,0f,1f],start_interpolation: 0,interpolation_duration: 1}
$data merge entity $(bone_magazine1) {transformation: [0f,0f,0f,-0.1193f,0f,0f,0f,-0.3689f,0f,0f,0f,0.3969f,0f,0f,0f,1f],start_interpolation: 0,interpolation_duration: 1}
$data merge entity $(bone_left_arm) {transformation: [-0.8523f,0.4046f,0.3314f,0.0748f,-0.3449f,0.0414f,-0.9377f,-0.4613f,-0.3931f,-0.9136f,0.1042f,0.0572f,0f,0f,0f,1f],start_interpolation: 0,interpolation_duration: 1}
data modify entity @s data merge value {"cameras":{},"locators":{"barrel1":{"px":-0.07688753789570581,"py":-0.3633403816109629,"pz":0.7343207675645257,"ry":0.006440141159856694,"rx":1.2246412710590613}}}