# This file was generated by Animated Java via MC-Build. It is not recommended to edit this file directly.
$data merge entity $(bone_muzzleflash) {transformation: [0f,0f,0f,-0.2279f,0f,0f,0f,-0.7645f,0f,0f,0f,0.3857f,0f,0f,0f,1f],start_interpolation: 0,interpolation_duration: 1}
$data merge entity $(bone_slide) {transformation: [-0.9907f,0.1363f,0.0002f,-0.0478f,0.1362f,0.9904f,0.0223f,-0.3095f,0.0029f,0.0221f,-0.9998f,0.5729f,0f,0f,0f,1f],start_interpolation: 0,interpolation_duration: 1}
$data merge entity $(bone_barrel) {transformation: [-0.9907f,0.1363f,0.0002f,0.0496f,0.1362f,0.9904f,0.0223f,-0.4046f,0.0029f,0.0221f,-0.9998f,0.5708f,0f,0f,0f,1f],start_interpolation: 0,interpolation_duration: 1}
$data merge entity $(bone_magazine) {transformation: [-0.9907f,0.1363f,0.0002f,-0.0659f,0.1362f,0.9904f,0.0223f,-0.4374f,0.0029f,0.0221f,-0.9998f,0.373f,0f,0f,0f,1f],start_interpolation: 0,interpolation_duration: 1}
$data merge entity $(bone_grip) {transformation: [-0.9907f,0.1363f,0.0002f,-0.0659f,0.1362f,0.9904f,0.0223f,-0.4374f,0.0029f,0.0221f,-0.9998f,0.373f,0f,0f,0f,1f],start_interpolation: 0,interpolation_duration: 1}
$data merge entity $(bone_trigger) {transformation: [-0.9907f,0.1363f,0.0002f,-0.0653f,0.1362f,0.9904f,0.0223f,-0.4337f,0.0029f,0.0221f,-0.9998f,0.4038f,0f,0f,0f,1f],start_interpolation: 0,interpolation_duration: 1}
$data merge entity $(bone_trigger_gaurd) {transformation: [-0.9907f,0.1363f,0.0002f,-0.0614f,0.1362f,0.9904f,0.0223f,-0.4058f,0.0029f,0.0221f,-0.9998f,0.4368f,0f,0f,0f,1f],start_interpolation: 0,interpolation_duration: 1}
$data merge entity $(bone_right_arm) {transformation: [-0.9907f,0.0002f,-0.1363f,-0.1028f,0.1362f,0.0223f,-0.9904f,-0.4464f,0.0029f,-0.9998f,-0.0221f,0.0447f,0f,0f,0f,1f],start_interpolation: 0,interpolation_duration: 1}
$data merge entity $(bone_magazine1) {transformation: [0f,0f,0f,-0.1193f,0f,0f,0f,-0.3696f,0f,0f,0f,0.3968f,0f,0f,0f,1f],start_interpolation: 0,interpolation_duration: 1}
$data merge entity $(bone_left_arm) {transformation: [-0.8523f,0.4046f,0.3315f,0.0748f,-0.3446f,0.0423f,-0.9378f,-0.4617f,-0.3934f,-0.9135f,0.1034f,0.057f,0f,0f,0f,1f],start_interpolation: 0,interpolation_duration: 1}
data modify entity @s data merge value {"cameras":{},"locators":{"barrel1":{"px":-0.07691610639785235,"py":-0.36435631668738977,"pz":0.7342241279095472,"ry":0.009022839801161808,"rx":1.2783002828012975}}}