# This file was generated by Animated Java via MC-Build. It is not recommended to edit this file directly.
$data merge entity $(bone_muzzleflash) {transformation: [0f,0f,0f,-0.2279f,0f,0f,0f,-0.7652f,0f,0f,0f,0.3852f,0f,0f,0f,1f],start_interpolation: 0,interpolation_duration: 1}
$data merge entity $(bone_slide) {transformation: [-0.9907f,0.1362f,0.0002f,-0.0478f,0.1362f,0.9904f,0.0232f,-0.3104f,0.003f,0.023f,-0.9997f,0.5729f,0f,0f,0f,1f],start_interpolation: 0,interpolation_duration: 1}
$data merge entity $(bone_barrel) {transformation: [-0.9907f,0.1362f,0.0002f,0.0495f,0.1362f,0.9904f,0.0232f,-0.4055f,0.003f,0.023f,-0.9997f,0.5707f,0f,0f,0f,1f],start_interpolation: 0,interpolation_duration: 1}
$data merge entity $(bone_magazine) {transformation: [-0.9907f,0.1362f,0.0002f,-0.0659f,0.1362f,0.9904f,0.0232f,-0.438f,0.003f,0.023f,-0.9997f,0.3729f,0f,0f,0f,1f],start_interpolation: 0,interpolation_duration: 1}
$data merge entity $(bone_grip) {transformation: [-0.9907f,0.1362f,0.0002f,-0.0659f,0.1362f,0.9904f,0.0232f,-0.438f,0.003f,0.023f,-0.9997f,0.3729f,0f,0f,0f,1f],start_interpolation: 0,interpolation_duration: 1}
$data merge entity $(bone_trigger) {transformation: [-0.9907f,0.1362f,0.0002f,-0.0653f,0.1362f,0.9904f,0.0232f,-0.4344f,0.003f,0.023f,-0.9997f,0.4036f,0f,0f,0f,1f],start_interpolation: 0,interpolation_duration: 1}
$data merge entity $(bone_trigger_gaurd) {transformation: [-0.9907f,0.1362f,0.0002f,-0.0614f,0.1362f,0.9904f,0.0232f,-0.4066f,0.003f,0.023f,-0.9997f,0.4367f,0f,0f,0f,1f],start_interpolation: 0,interpolation_duration: 1}
$data merge entity $(bone_right_arm) {transformation: [-0.9907f,0.0002f,-0.1362f,-0.1028f,0.1362f,0.0232f,-0.9904f,-0.4467f,0.003f,-0.9997f,-0.023f,0.0445f,0f,0f,0f,1f],start_interpolation: 0,interpolation_duration: 1}
$data merge entity $(bone_magazine1) {transformation: [0f,0f,0f,-0.1193f,0f,0f,0f,-0.3703f,0f,0f,0f,0.3967f,0f,0f,0f,1f],start_interpolation: 0,interpolation_duration: 1}
$data merge entity $(bone_left_arm) {transformation: [-0.8523f,0.4046f,0.3315f,0.0748f,-0.3443f,0.0432f,-0.9379f,-0.4621f,-0.3938f,-0.9135f,0.1025f,0.0569f,0f,0f,0f,1f],start_interpolation: 0,interpolation_duration: 1}
data modify entity @s data merge value {"cameras":{},"locators":{"barrel1":{"px":-0.07694303305546832,"py":-0.36536363076676015,"pz":0.7341281411494147,"ry":0.011551824767451535,"rx":1.3312576615879514}}}