# This file was generated by Animated Java via MC-Build. It is not recommended to edit this file directly.
$data merge entity $(bone_muzzleflash) {transformation: [0f,0f,0f,-0.2061f,0f,0f,0f,-0.7549f,0f,0f,0f,0.398f,0f,0f,0f,1f],start_interpolation: 0,interpolation_duration: 1}
$data merge entity $(bone_slide) {transformation: [-0.9956f,0.0936f,-0.001f,-0.0456f,0.0936f,0.9955f,-0.0174f,-0.2856f,-0.0006f,-0.0174f,-0.9998f,0.5667f,0f,0f,0f,1f],start_interpolation: 0,interpolation_duration: 1}
$data merge entity $(bone_barrel) {transformation: [-0.9956f,0.0936f,-0.001f,0.0557f,0.0936f,0.9955f,-0.0174f,-0.3764f,-0.0006f,-0.0174f,-0.9998f,0.5681f,0f,0f,0f,1f],start_interpolation: 0,interpolation_duration: 1}
$data merge entity $(bone_magazine) {transformation: [-0.9956f,0.0936f,-0.001f,-0.0583f,0.0936f,0.9955f,-0.0174f,-0.4219f,-0.0006f,-0.0174f,-0.9998f,0.372f,0f,0f,0f,1f],start_interpolation: 0,interpolation_duration: 1}
$data merge entity $(bone_grip) {transformation: [-0.9956f,0.0936f,-0.001f,-0.0583f,0.0936f,0.9955f,-0.0174f,-0.4219f,-0.0006f,-0.0174f,-0.9998f,0.372f,0f,0f,0f,1f],start_interpolation: 0,interpolation_duration: 1}
$data merge entity $(bone_trigger) {transformation: [-0.9956f,0.0936f,-0.001f,-0.0579f,0.0936f,0.9955f,-0.0174f,-0.417f,-0.0006f,-0.0174f,-0.9998f,0.4026f,0f,0f,0f,1f],start_interpolation: 0,interpolation_duration: 1}
$data merge entity $(bone_trigger_gaurd) {transformation: [-0.9956f,0.0936f,-0.001f,-0.0551f,0.0936f,0.9955f,-0.0174f,-0.3877f,-0.0006f,-0.0174f,-0.9998f,0.4345f,0f,0f,0f,1f],start_interpolation: 0,interpolation_duration: 1}
$data merge entity $(bone_right_arm) {transformation: [-0.9956f,-0.001f,-0.0936f,-0.0949f,0.0936f,-0.0174f,-0.9955f,-0.4455f,-0.0006f,-0.9998f,0.0174f,0.0444f,0f,0f,0f,1f],start_interpolation: 0,interpolation_duration: 1}
$data merge entity $(bone_magazine1) {transformation: [0f,0f,0f,-0.1146f,0f,0f,0f,-0.3556f,0f,0f,0f,0.3932f,0f,0f,0f,1f],start_interpolation: 0,interpolation_duration: 1}
$data merge entity $(bone_left_arm) {transformation: [-0.8368f,0.4022f,0.3714f,0.0832f,-0.3962f,0.0233f,-0.9179f,-0.4527f,-0.3778f,-0.9153f,0.1398f,0.057f,0f,0f,0f,1f],start_interpolation: 0,interpolation_duration: 1}
data modify entity @s data merge value {"cameras":{},"locators":{"barrel1":{"px":-0.07235046858390005,"py":-0.33514874817303775,"pz":0.7300671137498776,"ry":359.9403643056683,"rx":-0.9983796604711387}}}