# This file was generated by Animated Java via MC-Build. It is not recommended to edit this file directly.
$data merge entity $(bone_muzzleflash) {transformation: [0f,0f,0f,-0.2279f,0f,0f,0f,-0.7659f,0f,0f,0f,0.3847f,0f,0f,0f,1f],start_interpolation: 0,interpolation_duration: 1}
$data merge entity $(bone_slide) {transformation: [-0.9907f,0.1361f,0.0002f,-0.0478f,0.1361f,0.9904f,0.0241f,-0.3113f,0.003f,0.024f,-0.9997f,0.5728f,0f,0f,0f,1f],start_interpolation: 0,interpolation_duration: 1}
$data merge entity $(bone_barrel) {transformation: [-0.9907f,0.1361f,0.0002f,0.0495f,0.1361f,0.9904f,0.0241f,-0.4063f,0.003f,0.024f,-0.9997f,0.5706f,0f,0f,0f,1f],start_interpolation: 0,interpolation_duration: 1}
$data merge entity $(bone_magazine) {transformation: [-0.9907f,0.1361f,0.0002f,-0.0659f,0.1361f,0.9904f,0.0241f,-0.4387f,0.003f,0.024f,-0.9997f,0.3727f,0f,0f,0f,1f],start_interpolation: 0,interpolation_duration: 1}
$data merge entity $(bone_grip) {transformation: [-0.9907f,0.1361f,0.0002f,-0.0659f,0.1361f,0.9904f,0.0241f,-0.4387f,0.003f,0.024f,-0.9997f,0.3727f,0f,0f,0f,1f],start_interpolation: 0,interpolation_duration: 1}
$data merge entity $(bone_trigger) {transformation: [-0.9907f,0.1361f,0.0002f,-0.0653f,0.1361f,0.9904f,0.0241f,-0.4351f,0.003f,0.024f,-0.9997f,0.4034f,0f,0f,0f,1f],start_interpolation: 0,interpolation_duration: 1}
$data merge entity $(bone_trigger_gaurd) {transformation: [-0.9907f,0.1361f,0.0002f,-0.0614f,0.1361f,0.9904f,0.0241f,-0.4073f,0.003f,0.024f,-0.9997f,0.4366f,0f,0f,0f,1f],start_interpolation: 0,interpolation_duration: 1}
$data merge entity $(bone_right_arm) {transformation: [-0.9907f,0.0002f,-0.1361f,-0.1028f,0.1361f,0.0241f,-0.9904f,-0.4471f,0.003f,-0.9997f,-0.024f,0.0444f,0f,0f,0f,1f],start_interpolation: 0,interpolation_duration: 1}
$data merge entity $(bone_magazine1) {transformation: [0f,0f,0f,-0.1193f,0f,0f,0f,-0.371f,0f,0f,0f,0.3966f,0f,0f,0f,1f],start_interpolation: 0,interpolation_duration: 1}
$data merge entity $(bone_left_arm) {transformation: [-0.8522f,0.4047f,0.3316f,0.0748f,-0.344f,0.044f,-0.9379f,-0.4624f,-0.3942f,-0.9134f,0.1017f,0.0567f,0f,0f,0f,1f],start_interpolation: 0,interpolation_duration: 1}
data modify entity @s data merge value {"cameras":{},"locators":{"barrel1":{"px":-0.07696823987698519,"py":-0.36636057071729883,"pz":0.7340330040358718,"ry":0.014020787288700376,"rx":1.3834191928300066}}}