# This file was generated by Animated Java via MC-Build. It is not recommended to edit this file directly.
$data merge entity $(bone_muzzleflash) {transformation: [0f,0f,0f,-0.2279f,0f,0f,0f,-0.7665f,0f,0f,0f,0.3843f,0f,0f,0f,1f],start_interpolation: 0,interpolation_duration: 1}
$data merge entity $(bone_slide) {transformation: [-0.9907f,0.1361f,0.0003f,-0.0478f,0.136f,0.9904f,0.025f,-0.3121f,0.0031f,0.0248f,-0.9997f,0.5728f,0f,0f,0f,1f],start_interpolation: 0,interpolation_duration: 1}
$data merge entity $(bone_barrel) {transformation: [-0.9907f,0.1361f,0.0003f,0.0495f,0.136f,0.9904f,0.025f,-0.4071f,0.0031f,0.0248f,-0.9997f,0.5704f,0f,0f,0f,1f],start_interpolation: 0,interpolation_duration: 1}
$data merge entity $(bone_magazine) {transformation: [-0.9907f,0.1361f,0.0003f,-0.0659f,0.136f,0.9904f,0.025f,-0.4394f,0.0031f,0.0248f,-0.9997f,0.3726f,0f,0f,0f,1f],start_interpolation: 0,interpolation_duration: 1}
$data merge entity $(bone_grip) {transformation: [-0.9907f,0.1361f,0.0003f,-0.0659f,0.136f,0.9904f,0.025f,-0.4394f,0.0031f,0.0248f,-0.9997f,0.3726f,0f,0f,0f,1f],start_interpolation: 0,interpolation_duration: 1}
$data merge entity $(bone_trigger) {transformation: [-0.9907f,0.1361f,0.0003f,-0.0654f,0.136f,0.9904f,0.025f,-0.4358f,0.0031f,0.0248f,-0.9997f,0.4033f,0f,0f,0f,1f],start_interpolation: 0,interpolation_duration: 1}
$data merge entity $(bone_trigger_gaurd) {transformation: [-0.9907f,0.1361f,0.0003f,-0.0614f,0.136f,0.9904f,0.025f,-0.408f,0.0031f,0.0248f,-0.9997f,0.4364f,0f,0f,0f,1f],start_interpolation: 0,interpolation_duration: 1}
$data merge entity $(bone_right_arm) {transformation: [-0.9907f,0.0003f,-0.1361f,-0.1028f,0.136f,0.025f,-0.9904f,-0.4475f,0.0031f,-0.9997f,-0.0248f,0.0442f,0f,0f,0f,1f],start_interpolation: 0,interpolation_duration: 1}
$data merge entity $(bone_magazine1) {transformation: [0f,0f,0f,-0.1193f,0f,0f,0f,-0.3717f,0f,0f,0f,0.3965f,0f,0f,0f,1f],start_interpolation: 0,interpolation_duration: 1}
$data merge entity $(bone_left_arm) {transformation: [-0.8522f,0.4047f,0.3316f,0.0748f,-0.3437f,0.0449f,-0.938f,-0.4628f,-0.3945f,-0.9133f,0.1009f,0.0565f,0f,0f,0f,1f],start_interpolation: 0,interpolation_duration: 1}
data modify entity @s data merge value {"cameras":{},"locators":{"barrel1":{"px":-0.07699164982576583,"py":-0.36734538393513183,"pz":0.7339389171925843,"ry":0.016423493289067892,"rx":1.4346906573458231}}}