# This file was generated by Animated Java via MC-Build. It is not recommended to edit this file directly.
$data merge entity $(bone_muzzleflash) {transformation: [0f,0f,0f,-0.2278f,0f,0f,0f,-0.7672f,0f,0f,0f,0.3838f,0f,0f,0f,1f],start_interpolation: 0,interpolation_duration: 1}
$data merge entity $(bone_slide) {transformation: [-0.9907f,0.136f,0.0003f,-0.0479f,0.1359f,0.9904f,0.0259f,-0.3129f,0.0032f,0.0257f,-0.9997f,0.5727f,0f,0f,0f,1f],start_interpolation: 0,interpolation_duration: 1}
$data merge entity $(bone_barrel) {transformation: [-0.9907f,0.136f,0.0003f,0.0495f,0.1359f,0.9904f,0.0259f,-0.4079f,0.0032f,0.0257f,-0.9997f,0.5703f,0f,0f,0f,1f],start_interpolation: 0,interpolation_duration: 1}
$data merge entity $(bone_magazine) {transformation: [-0.9907f,0.136f,0.0003f,-0.0659f,0.1359f,0.9904f,0.0259f,-0.44f,0.0032f,0.0257f,-0.9997f,0.3724f,0f,0f,0f,1f],start_interpolation: 0,interpolation_duration: 1}
$data merge entity $(bone_grip) {transformation: [-0.9907f,0.136f,0.0003f,-0.0659f,0.1359f,0.9904f,0.0259f,-0.44f,0.0032f,0.0257f,-0.9997f,0.3724f,0f,0f,0f,1f],start_interpolation: 0,interpolation_duration: 1}
$data merge entity $(bone_trigger) {transformation: [-0.9907f,0.136f,0.0003f,-0.0654f,0.1359f,0.9904f,0.0259f,-0.4365f,0.0032f,0.0257f,-0.9997f,0.4031f,0f,0f,0f,1f],start_interpolation: 0,interpolation_duration: 1}
$data merge entity $(bone_trigger_gaurd) {transformation: [-0.9907f,0.136f,0.0003f,-0.0614f,0.1359f,0.9904f,0.0259f,-0.4087f,0.0032f,0.0257f,-0.9997f,0.4363f,0f,0f,0f,1f],start_interpolation: 0,interpolation_duration: 1}
$data merge entity $(bone_right_arm) {transformation: [-0.9907f,0.0003f,-0.136f,-0.1028f,0.1359f,0.0259f,-0.9904f,-0.4478f,0.0032f,-0.9997f,-0.0257f,0.044f,0f,0f,0f,1f],start_interpolation: 0,interpolation_duration: 1}
$data merge entity $(bone_magazine1) {transformation: [0f,0f,0f,-0.1193f,0f,0f,0f,-0.3724f,0f,0f,0f,0.3964f,0f,0f,0f,1f],start_interpolation: 0,interpolation_duration: 1}
$data merge entity $(bone_left_arm) {transformation: [-0.8522f,0.4047f,0.3317f,0.0748f,-0.3434f,0.0457f,-0.9381f,-0.4632f,-0.3948f,-0.9133f,0.1f,0.0563f,0f,0f,0f,1f],start_interpolation: 0,interpolation_duration: 1}
data modify entity @s data merge value {"cameras":{},"locators":{"barrel1":{"px":-0.07701318695105783,"py":-0.368316318319096,"pz":0.7338460849417521,"ry":0.018753794061751705,"rx":1.4849778307592376}}}