# This file was generated by Animated Java via MC-Build. It is not recommended to edit this file directly.
$data merge entity $(bone_muzzleflash) {transformation: [0f,0f,0f,-0.2278f,0f,0f,0f,-0.7679f,0f,0f,0f,0.3834f,0f,0f,0f,1f],start_interpolation: 0,interpolation_duration: 1}
$data merge entity $(bone_slide) {transformation: [-0.9907f,0.1359f,0.0004f,-0.0479f,0.1358f,0.9904f,0.0268f,-0.3137f,0.0033f,0.0266f,-0.9996f,0.5727f,0f,0f,0f,1f],start_interpolation: 0,interpolation_duration: 1}
$data merge entity $(bone_barrel) {transformation: [-0.9907f,0.1359f,0.0004f,0.0495f,0.1358f,0.9904f,0.0268f,-0.4087f,0.0033f,0.0266f,-0.9996f,0.5702f,0f,0f,0f,1f],start_interpolation: 0,interpolation_duration: 1}
$data merge entity $(bone_magazine) {transformation: [-0.9907f,0.1359f,0.0004f,-0.0659f,0.1358f,0.9904f,0.0268f,-0.4407f,0.0033f,0.0266f,-0.9996f,0.3723f,0f,0f,0f,1f],start_interpolation: 0,interpolation_duration: 1}
$data merge entity $(bone_grip) {transformation: [-0.9907f,0.1359f,0.0004f,-0.0659f,0.1358f,0.9904f,0.0268f,-0.4407f,0.0033f,0.0266f,-0.9996f,0.3723f,0f,0f,0f,1f],start_interpolation: 0,interpolation_duration: 1}
$data merge entity $(bone_trigger) {transformation: [-0.9907f,0.1359f,0.0004f,-0.0654f,0.1358f,0.9904f,0.0268f,-0.4371f,0.0033f,0.0266f,-0.9996f,0.403f,0f,0f,0f,1f],start_interpolation: 0,interpolation_duration: 1}
$data merge entity $(bone_trigger_gaurd) {transformation: [-0.9907f,0.1359f,0.0004f,-0.0614f,0.1358f,0.9904f,0.0268f,-0.4094f,0.0033f,0.0266f,-0.9996f,0.4362f,0f,0f,0f,1f],start_interpolation: 0,interpolation_duration: 1}
$data merge entity $(bone_right_arm) {transformation: [-0.9907f,0.0004f,-0.1359f,-0.1028f,0.1358f,0.0268f,-0.9904f,-0.4482f,0.0033f,-0.9996f,-0.0266f,0.0439f,0f,0f,0f,1f],start_interpolation: 0,interpolation_duration: 1}
$data merge entity $(bone_magazine1) {transformation: [0f,0f,0f,-0.1194f,0f,0f,0f,-0.373f,0f,0f,0f,0.3963f,0f,0f,0f,1f],start_interpolation: 0,interpolation_duration: 1}
$data merge entity $(bone_left_arm) {transformation: [-0.8521f,0.4048f,0.3318f,0.0748f,-0.3432f,0.0465f,-0.9381f,-0.4635f,-0.3952f,-0.9132f,0.0993f,0.0562f,0f,0f,0f,1f],start_interpolation: 0,interpolation_duration: 1}
data modify entity @s data merge value {"cameras":{},"locators":{"barrel1":{"px":-0.07703277651867736,"py":-0.3692716222418857,"pz":0.7337547151115977,"ry":0.021005636957880824,"rx":1.5341864829068197}}}