# This file was generated by Animated Java via MC-Build. It is not recommended to edit this file directly.
$data merge entity $(bone_muzzleflash) {transformation: [0f,0f,0f,-0.2278f,0f,0f,0f,-0.7685f,0f,0f,0f,0.383f,0f,0f,0f,1f],start_interpolation: 0,interpolation_duration: 1}
$data merge entity $(bone_slide) {transformation: [-0.9907f,0.1358f,0.0004f,-0.0479f,0.1357f,0.9904f,0.0276f,-0.3145f,0.0033f,0.0274f,-0.9996f,0.5727f,0f,0f,0f,1f],start_interpolation: 0,interpolation_duration: 1}
$data merge entity $(bone_barrel) {transformation: [-0.9907f,0.1358f,0.0004f,0.0495f,0.1357f,0.9904f,0.0276f,-0.4095f,0.0033f,0.0274f,-0.9996f,0.5701f,0f,0f,0f,1f],start_interpolation: 0,interpolation_duration: 1}
$data merge entity $(bone_magazine) {transformation: [-0.9907f,0.1358f,0.0004f,-0.0659f,0.1357f,0.9904f,0.0276f,-0.4413f,0.0033f,0.0274f,-0.9996f,0.3721f,0f,0f,0f,1f],start_interpolation: 0,interpolation_duration: 1}
$data merge entity $(bone_grip) {transformation: [-0.9907f,0.1358f,0.0004f,-0.0659f,0.1357f,0.9904f,0.0276f,-0.4413f,0.0033f,0.0274f,-0.9996f,0.3721f,0f,0f,0f,1f],start_interpolation: 0,interpolation_duration: 1}
$data merge entity $(bone_trigger) {transformation: [-0.9907f,0.1358f,0.0004f,-0.0653f,0.1357f,0.9904f,0.0276f,-0.4378f,0.0033f,0.0274f,-0.9996f,0.4028f,0f,0f,0f,1f],start_interpolation: 0,interpolation_duration: 1}
$data merge entity $(bone_trigger_gaurd) {transformation: [-0.9907f,0.1358f,0.0004f,-0.0614f,0.1357f,0.9904f,0.0276f,-0.4101f,0.0033f,0.0274f,-0.9996f,0.4361f,0f,0f,0f,1f],start_interpolation: 0,interpolation_duration: 1}
$data merge entity $(bone_right_arm) {transformation: [-0.9907f,0.0004f,-0.1358f,-0.1027f,0.1357f,0.0276f,-0.9904f,-0.4486f,0.0033f,-0.9996f,-0.0274f,0.0437f,0f,0f,0f,1f],start_interpolation: 0,interpolation_duration: 1}
$data merge entity $(bone_magazine1) {transformation: [0f,0f,0f,-0.1194f,0f,0f,0f,-0.3737f,0f,0f,0f,0.3962f,0f,0f,0f,1f],start_interpolation: 0,interpolation_duration: 1}
$data merge entity $(bone_left_arm) {transformation: [-0.852f,0.4048f,0.3319f,0.0749f,-0.3429f,0.0473f,-0.9382f,-0.4639f,-0.3955f,-0.9132f,0.0985f,0.056f,0f,0f,0f,1f],start_interpolation: 0,interpolation_duration: 1}
data modify entity @s data merge value {"cameras":{},"locators":{"barrel1":{"px":-0.07705034514142502,"py":-0.37020954451746685,"pz":0.7336650188247504,"ry":0.023173076090813538,"rx":1.5822223772555644}}}