# This file was generated by Animated Java via MC-Build. It is not recommended to edit this file directly.
$data merge entity $(bone_muzzleflash) {transformation: [0f,0f,0f,-0.2277f,0f,0f,0f,-0.7692f,0f,0f,0f,0.3825f,0f,0f,0f,1f],start_interpolation: 0,interpolation_duration: 1}
$data merge entity $(bone_slide) {transformation: [-0.9908f,0.1357f,0.0004f,-0.0479f,0.1356f,0.9904f,0.0284f,-0.3153f,0.0034f,0.0282f,-0.9996f,0.5726f,0f,0f,0f,1f],start_interpolation: 0,interpolation_duration: 1}
$data merge entity $(bone_barrel) {transformation: [-0.9908f,0.1357f,0.0004f,0.0495f,0.1356f,0.9904f,0.0284f,-0.4103f,0.0034f,0.0282f,-0.9996f,0.57f,0f,0f,0f,1f],start_interpolation: 0,interpolation_duration: 1}
$data merge entity $(bone_magazine) {transformation: [-0.9908f,0.1357f,0.0004f,-0.0659f,0.1356f,0.9904f,0.0284f,-0.4419f,0.0034f,0.0282f,-0.9996f,0.372f,0f,0f,0f,1f],start_interpolation: 0,interpolation_duration: 1}
$data merge entity $(bone_grip) {transformation: [-0.9908f,0.1357f,0.0004f,-0.0659f,0.1356f,0.9904f,0.0284f,-0.4419f,0.0034f,0.0282f,-0.9996f,0.372f,0f,0f,0f,1f],start_interpolation: 0,interpolation_duration: 1}
$data merge entity $(bone_trigger) {transformation: [-0.9908f,0.1357f,0.0004f,-0.0653f,0.1356f,0.9904f,0.0284f,-0.4384f,0.0034f,0.0282f,-0.9996f,0.4027f,0f,0f,0f,1f],start_interpolation: 0,interpolation_duration: 1}
$data merge entity $(bone_trigger_gaurd) {transformation: [-0.9908f,0.1357f,0.0004f,-0.0614f,0.1356f,0.9904f,0.0284f,-0.4108f,0.0034f,0.0282f,-0.9996f,0.4359f,0f,0f,0f,1f],start_interpolation: 0,interpolation_duration: 1}
$data merge entity $(bone_right_arm) {transformation: [-0.9908f,0.0004f,-0.1357f,-0.1027f,0.1356f,0.0284f,-0.9904f,-0.4489f,0.0034f,-0.9996f,-0.0282f,0.0436f,0f,0f,0f,1f],start_interpolation: 0,interpolation_duration: 1}
$data merge entity $(bone_magazine1) {transformation: [0f,0f,0f,-0.1194f,0f,0f,0f,-0.3743f,0f,0f,0f,0.3961f,0f,0f,0f,1f],start_interpolation: 0,interpolation_duration: 1}
$data merge entity $(bone_left_arm) {transformation: [-0.852f,0.4048f,0.332f,0.0749f,-0.3427f,0.0481f,-0.9382f,-0.4642f,-0.3958f,-0.9131f,0.0977f,0.0559f,0f,0f,0f,1f],start_interpolation: 0,interpolation_duration: 1}
data modify entity @s data merge value {"cameras":{},"locators":{"barrel1":{"px":-0.07706582090924004,"py":-0.3711283343646944,"pz":0.7335772102675375,"ry":0.02525028305547039,"rx":1.628991270332284}}}