# This file was generated by Animated Java via MC-Build. It is not recommended to edit this file directly.
$data merge entity $(bone_muzzleflash) {transformation: [0f,0f,0f,-0.2277f,0f,0f,0f,-0.7698f,0f,0f,0f,0.3821f,0f,0f,0f,1f],start_interpolation: 0,interpolation_duration: 1}
$data merge entity $(bone_slide) {transformation: [-0.9908f,0.1355f,0.0005f,-0.0479f,0.1355f,0.9903f,0.0292f,-0.3161f,0.0035f,0.029f,-0.9996f,0.5726f,0f,0f,0f,1f],start_interpolation: 0,interpolation_duration: 1}
$data merge entity $(bone_barrel) {transformation: [-0.9908f,0.1355f,0.0005f,0.0495f,0.1355f,0.9903f,0.0292f,-0.4111f,0.0035f,0.029f,-0.9996f,0.5698f,0f,0f,0f,1f],start_interpolation: 0,interpolation_duration: 1}
$data merge entity $(bone_magazine) {transformation: [-0.9908f,0.1355f,0.0005f,-0.0659f,0.1355f,0.9903f,0.0292f,-0.4425f,0.0035f,0.029f,-0.9996f,0.3718f,0f,0f,0f,1f],start_interpolation: 0,interpolation_duration: 1}
$data merge entity $(bone_grip) {transformation: [-0.9908f,0.1355f,0.0005f,-0.0659f,0.1355f,0.9903f,0.0292f,-0.4425f,0.0035f,0.029f,-0.9996f,0.3718f,0f,0f,0f,1f],start_interpolation: 0,interpolation_duration: 1}
$data merge entity $(bone_trigger) {transformation: [-0.9908f,0.1355f,0.0005f,-0.0653f,0.1355f,0.9903f,0.0292f,-0.4391f,0.0035f,0.029f,-0.9996f,0.4026f,0f,0f,0f,1f],start_interpolation: 0,interpolation_duration: 1}
$data merge entity $(bone_trigger_gaurd) {transformation: [-0.9908f,0.1355f,0.0005f,-0.0614f,0.1355f,0.9903f,0.0292f,-0.4114f,0.0035f,0.029f,-0.9996f,0.4358f,0f,0f,0f,1f],start_interpolation: 0,interpolation_duration: 1}
$data merge entity $(bone_right_arm) {transformation: [-0.9908f,0.0005f,-0.1355f,-0.1027f,0.1355f,0.0292f,-0.9903f,-0.4493f,0.0035f,-0.9996f,-0.029f,0.0434f,0f,0f,0f,1f],start_interpolation: 0,interpolation_duration: 1}
$data merge entity $(bone_magazine1) {transformation: [0f,0f,0f,-0.1194f,0f,0f,0f,-0.375f,0f,0f,0f,0.3961f,0f,0f,0f,1f],start_interpolation: 0,interpolation_duration: 1}
$data merge entity $(bone_left_arm) {transformation: [-0.8519f,0.4049f,0.3321f,0.0749f,-0.3425f,0.0489f,-0.9382f,-0.4646f,-0.3961f,-0.9131f,0.097f,0.0557f,0f,0f,0f,1f],start_interpolation: 0,interpolation_duration: 1}
data modify entity @s data merge value {"cameras":{},"locators":{"barrel1":{"px":-0.07707913351910133,"py":-0.3720262413670824,"pz":0.7334915064402,"ry":0.027231557664009642,"rx":1.6743989111659754}}}