# This file was generated by Animated Java via MC-Build. It is not recommended to edit this file directly.
$data merge entity $(bone_muzzleflash) {transformation: [0f,0f,0f,-0.2276f,0f,0f,0f,-0.7705f,0f,0f,0f,0.3817f,0f,0f,0f,1f],start_interpolation: 0,interpolation_duration: 1}
$data merge entity $(bone_slide) {transformation: [-0.9908f,0.1354f,0.0005f,-0.0479f,0.1353f,0.9903f,0.03f,-0.3168f,0.0036f,0.0298f,-0.9996f,0.5725f,0f,0f,0f,1f],start_interpolation: 0,interpolation_duration: 1}
$data merge entity $(bone_barrel) {transformation: [-0.9908f,0.1354f,0.0005f,0.0495f,0.1353f,0.9903f,0.03f,-0.4118f,0.0036f,0.0298f,-0.9996f,0.5697f,0f,0f,0f,1f],start_interpolation: 0,interpolation_duration: 1}
$data merge entity $(bone_magazine) {transformation: [-0.9908f,0.1354f,0.0005f,-0.0659f,0.1353f,0.9903f,0.03f,-0.4431f,0.0036f,0.0298f,-0.9996f,0.3717f,0f,0f,0f,1f],start_interpolation: 0,interpolation_duration: 1}
$data merge entity $(bone_grip) {transformation: [-0.9908f,0.1354f,0.0005f,-0.0659f,0.1353f,0.9903f,0.03f,-0.4431f,0.0036f,0.0298f,-0.9996f,0.3717f,0f,0f,0f,1f],start_interpolation: 0,interpolation_duration: 1}
$data merge entity $(bone_trigger) {transformation: [-0.9908f,0.1354f,0.0005f,-0.0653f,0.1353f,0.9903f,0.03f,-0.4397f,0.0036f,0.0298f,-0.9996f,0.4024f,0f,0f,0f,1f],start_interpolation: 0,interpolation_duration: 1}
$data merge entity $(bone_trigger_gaurd) {transformation: [-0.9908f,0.1354f,0.0005f,-0.0614f,0.1353f,0.9903f,0.03f,-0.4121f,0.0036f,0.0298f,-0.9996f,0.4357f,0f,0f,0f,1f],start_interpolation: 0,interpolation_duration: 1}
$data merge entity $(bone_right_arm) {transformation: [-0.9908f,0.0005f,-0.1354f,-0.1027f,0.1353f,0.03f,-0.9903f,-0.4496f,0.0036f,-0.9996f,-0.0298f,0.0433f,0f,0f,0f,1f],start_interpolation: 0,interpolation_duration: 1}
$data merge entity $(bone_magazine1) {transformation: [0f,0f,0f,-0.1194f,0f,0f,0f,-0.3756f,0f,0f,0f,0.396f,0f,0f,0f,1f],start_interpolation: 0,interpolation_duration: 1}
$data merge entity $(bone_left_arm) {transformation: [-0.8519f,0.4049f,0.3322f,0.0749f,-0.3423f,0.0497f,-0.9383f,-0.4649f,-0.3964f,-0.913f,0.0963f,0.0556f,0f,0f,0f,1f],start_interpolation: 0,interpolation_duration: 1}
data modify entity @s data merge value {"cameras":{},"locators":{"barrel1":{"px":-0.07709021440468161,"py":-0.3729015154286829,"pz":0.7334081268880404,"ry":0.029111338697560996,"rx":1.718351040744424}}}