# This file was generated by Animated Java via MC-Build. It is not recommended to edit this file directly.
$data merge entity $(bone_muzzleflash) {transformation: [0f,0f,0f,-0.2276f,0f,0f,0f,-0.7711f,0f,0f,0f,0.3814f,0f,0f,0f,1f],start_interpolation: 0,interpolation_duration: 1}
$data merge entity $(bone_slide) {transformation: [-0.9908f,0.1352f,0.0005f,-0.0479f,0.1352f,0.9903f,0.0307f,-0.3176f,0.0036f,0.0305f,-0.9995f,0.5725f,0f,0f,0f,1f],start_interpolation: 0,interpolation_duration: 1}
$data merge entity $(bone_barrel) {transformation: [-0.9908f,0.1352f,0.0005f,0.0495f,0.1352f,0.9903f,0.0307f,-0.4125f,0.0036f,0.0305f,-0.9995f,0.5696f,0f,0f,0f,1f],start_interpolation: 0,interpolation_duration: 1}
$data merge entity $(bone_magazine) {transformation: [-0.9908f,0.1352f,0.0005f,-0.0659f,0.1352f,0.9903f,0.0307f,-0.4437f,0.0036f,0.0305f,-0.9995f,0.3716f,0f,0f,0f,1f],start_interpolation: 0,interpolation_duration: 1}
$data merge entity $(bone_grip) {transformation: [-0.9908f,0.1352f,0.0005f,-0.0659f,0.1352f,0.9903f,0.0307f,-0.4437f,0.0036f,0.0305f,-0.9995f,0.3716f,0f,0f,0f,1f],start_interpolation: 0,interpolation_duration: 1}
$data merge entity $(bone_trigger) {transformation: [-0.9908f,0.1352f,0.0005f,-0.0653f,0.1352f,0.9903f,0.0307f,-0.4403f,0.0036f,0.0305f,-0.9995f,0.4023f,0f,0f,0f,1f],start_interpolation: 0,interpolation_duration: 1}
$data merge entity $(bone_trigger_gaurd) {transformation: [-0.9908f,0.1352f,0.0005f,-0.0614f,0.1352f,0.9903f,0.0307f,-0.4127f,0.0036f,0.0305f,-0.9995f,0.4356f,0f,0f,0f,1f],start_interpolation: 0,interpolation_duration: 1}
$data merge entity $(bone_right_arm) {transformation: [-0.9908f,0.0005f,-0.1352f,-0.1026f,0.1352f,0.0307f,-0.9903f,-0.45f,0.0036f,-0.9995f,-0.0305f,0.0431f,0f,0f,0f,1f],start_interpolation: 0,interpolation_duration: 1}
$data merge entity $(bone_magazine1) {transformation: [0f,0f,0f,-0.1194f,0f,0f,0f,-0.3762f,0f,0f,0f,0.3959f,0f,0f,0f,1f],start_interpolation: 0,interpolation_duration: 1}
$data merge entity $(bone_left_arm) {transformation: [-0.8518f,0.4049f,0.3324f,0.075f,-0.3422f,0.0504f,-0.9383f,-0.4652f,-0.3967f,-0.913f,0.0956f,0.0554f,0f,0f,0f,1f],start_interpolation: 0,interpolation_duration: 1}
data modify entity @s data merge value {"cameras":{},"locators":{"barrel1":{"px":-0.0770989968657682,"py":-0.37375240672604765,"pz":0.7333272934135135,"ry":0.030884214673847055,"rx":1.7607533914863562}}}