# This file was generated by Animated Java via MC-Build. It is not recommended to edit this file directly.
$data merge entity $(bone_muzzleflash) {transformation: [0f,0f,0f,-0.2275f,0f,0f,0f,-0.7717f,0f,0f,0f,0.381f,0f,0f,0f,1f],start_interpolation: 0,interpolation_duration: 1}
$data merge entity $(bone_slide) {transformation: [-0.9908f,0.1351f,0.0006f,-0.048f,0.135f,0.9903f,0.0314f,-0.3183f,0.0037f,0.0312f,-0.9995f,0.5725f,0f,0f,0f,1f],start_interpolation: 0,interpolation_duration: 1}
$data merge entity $(bone_barrel) {transformation: [-0.9908f,0.1351f,0.0006f,0.0495f,0.135f,0.9903f,0.0314f,-0.4132f,0.0037f,0.0312f,-0.9995f,0.5695f,0f,0f,0f,1f],start_interpolation: 0,interpolation_duration: 1}
$data merge entity $(bone_magazine) {transformation: [-0.9908f,0.1351f,0.0006f,-0.0659f,0.135f,0.9903f,0.0314f,-0.4443f,0.0037f,0.0312f,-0.9995f,0.3714f,0f,0f,0f,1f],start_interpolation: 0,interpolation_duration: 1}
$data merge entity $(bone_grip) {transformation: [-0.9908f,0.1351f,0.0006f,-0.0659f,0.135f,0.9903f,0.0314f,-0.4443f,0.0037f,0.0312f,-0.9995f,0.3714f,0f,0f,0f,1f],start_interpolation: 0,interpolation_duration: 1}
$data merge entity $(bone_trigger) {transformation: [-0.9908f,0.1351f,0.0006f,-0.0653f,0.135f,0.9903f,0.0314f,-0.4409f,0.0037f,0.0312f,-0.9995f,0.4022f,0f,0f,0f,1f],start_interpolation: 0,interpolation_duration: 1}
$data merge entity $(bone_trigger_gaurd) {transformation: [-0.9908f,0.1351f,0.0006f,-0.0614f,0.135f,0.9903f,0.0314f,-0.4133f,0.0037f,0.0312f,-0.9995f,0.4355f,0f,0f,0f,1f],start_interpolation: 0,interpolation_duration: 1}
$data merge entity $(bone_right_arm) {transformation: [-0.9908f,0.0006f,-0.1351f,-0.1026f,0.135f,0.0314f,-0.9903f,-0.4503f,0.0037f,-0.9995f,-0.0312f,0.043f,0f,0f,0f,1f],start_interpolation: 0,interpolation_duration: 1}
$data merge entity $(bone_magazine1) {transformation: [0f,0f,0f,-0.1193f,0f,0f,0f,-0.3768f,0f,0f,0f,0.3958f,0f,0f,0f,1f],start_interpolation: 0,interpolation_duration: 1}
$data merge entity $(bone_left_arm) {transformation: [-0.8517f,0.4049f,0.3325f,0.075f,-0.342f,0.0511f,-0.9383f,-0.4655f,-0.397f,-0.9129f,0.095f,0.0553f,0f,0f,0f,1f],start_interpolation: 0,interpolation_duration: 1}
data modify entity @s data merge value {"cameras":{},"locators":{"barrel1":{"px":-0.07710541619746125,"py":-0.37457716565625204,"pz":0.7332492297692714,"ry":0.0325449346313178,"rx":1.8015116867304024}}}