# This file was generated by Animated Java via MC-Build. It is not recommended to edit this file directly.
$data merge entity $(bone_muzzleflash) {transformation: [0f,0f,0f,-0.2066f,0f,0f,0f,-0.7535f,0f,0f,0f,0.3979f,0f,0f,0f,1f],start_interpolation: 0,interpolation_duration: 1}
$data merge entity $(bone_slide) {transformation: [-0.9955f,0.0946f,-0.0011f,-0.0456f,0.0946f,0.9953f,-0.0182f,-0.2843f,-0.0007f,-0.0182f,-0.9998f,0.5662f,0f,0f,0f,1f],start_interpolation: 0,interpolation_duration: 1}
$data merge entity $(bone_barrel) {transformation: [-0.9955f,0.0946f,-0.0011f,0.0556f,0.0946f,0.9953f,-0.0182f,-0.3752f,-0.0007f,-0.0182f,-0.9998f,0.5677f,0f,0f,0f,1f],start_interpolation: 0,interpolation_duration: 1}
$data merge entity $(bone_magazine) {transformation: [-0.9955f,0.0946f,-0.0011f,-0.0585f,0.0946f,0.9953f,-0.0182f,-0.4207f,-0.0007f,-0.0182f,-0.9998f,0.3717f,0f,0f,0f,1f],start_interpolation: 0,interpolation_duration: 1}
$data merge entity $(bone_grip) {transformation: [-0.9955f,0.0946f,-0.0011f,-0.0585f,0.0946f,0.9953f,-0.0182f,-0.4207f,-0.0007f,-0.0182f,-0.9998f,0.3717f,0f,0f,0f,1f],start_interpolation: 0,interpolation_duration: 1}
$data merge entity $(bone_trigger) {transformation: [-0.9955f,0.0946f,-0.0011f,-0.058f,0.0946f,0.9953f,-0.0182f,-0.4158f,-0.0007f,-0.0182f,-0.9998f,0.4022f,0f,0f,0f,1f],start_interpolation: 0,interpolation_duration: 1}
$data merge entity $(bone_trigger_gaurd) {transformation: [-0.9955f,0.0946f,-0.0011f,-0.0553f,0.0946f,0.9953f,-0.0182f,-0.3865f,-0.0007f,-0.0182f,-0.9998f,0.4342f,0f,0f,0f,1f],start_interpolation: 0,interpolation_duration: 1}
$data merge entity $(bone_right_arm) {transformation: [-0.9955f,-0.0011f,-0.0946f,-0.0951f,0.0946f,-0.0182f,-0.9953f,-0.4445f,-0.0007f,-0.9998f,0.0182f,0.0441f,0f,0f,0f,1f],start_interpolation: 0,interpolation_duration: 1}
$data merge entity $(bone_magazine1) {transformation: [0f,0f,0f,-0.1147f,0f,0f,0f,-0.3544f,0f,0f,0f,0.3928f,0f,0f,0f,1f],start_interpolation: 0,interpolation_duration: 1}
$data merge entity $(bone_left_arm) {transformation: [-0.8372f,0.4022f,0.3705f,0.083f,-0.3957f,0.0222f,-0.9181f,-0.4519f,-0.3775f,-0.9153f,0.1406f,0.0567f,0f,0f,0f,1f],start_interpolation: 0,interpolation_duration: 1}
data modify entity @s data merge value {"cameras":{},"locators":{"barrel1":{"px":-0.07242059651015052,"py":-0.3336582091965306,"pz":0.7296525039937845,"ry":359.9390509468571,"rx":-1.0443840910390938}}}