# This file was generated by Animated Java via MC-Build. It is not recommended to edit this file directly.
$data merge entity $(bone_muzzleflash) {transformation: [0f,0f,0f,-0.2274f,0f,0f,0f,-0.7723f,0f,0f,0f,0.3806f,0f,0f,0f,1f],start_interpolation: 0,interpolation_duration: 1}
$data merge entity $(bone_slide) {transformation: [-0.9909f,0.1349f,0.0006f,-0.048f,0.1348f,0.9903f,0.0321f,-0.3189f,0.0037f,0.0319f,-0.9995f,0.5724f,0f,0f,0f,1f],start_interpolation: 0,interpolation_duration: 1}
$data merge entity $(bone_barrel) {transformation: [-0.9909f,0.1349f,0.0006f,0.0495f,0.1348f,0.9903f,0.0321f,-0.4138f,0.0037f,0.0319f,-0.9995f,0.5694f,0f,0f,0f,1f],start_interpolation: 0,interpolation_duration: 1}
$data merge entity $(bone_magazine) {transformation: [-0.9909f,0.1349f,0.0006f,-0.0658f,0.1348f,0.9903f,0.0321f,-0.4448f,0.0037f,0.0319f,-0.9995f,0.3713f,0f,0f,0f,1f],start_interpolation: 0,interpolation_duration: 1}
$data merge entity $(bone_grip) {transformation: [-0.9909f,0.1349f,0.0006f,-0.0658f,0.1348f,0.9903f,0.0321f,-0.4448f,0.0037f,0.0319f,-0.9995f,0.3713f,0f,0f,0f,1f],start_interpolation: 0,interpolation_duration: 1}
$data merge entity $(bone_trigger) {transformation: [-0.9909f,0.1349f,0.0006f,-0.0653f,0.1348f,0.9903f,0.0321f,-0.4415f,0.0037f,0.0319f,-0.9995f,0.4021f,0f,0f,0f,1f],start_interpolation: 0,interpolation_duration: 1}
$data merge entity $(bone_trigger_gaurd) {transformation: [-0.9909f,0.1349f,0.0006f,-0.0614f,0.1348f,0.9903f,0.0321f,-0.4139f,0.0037f,0.0319f,-0.9995f,0.4354f,0f,0f,0f,1f],start_interpolation: 0,interpolation_duration: 1}
$data merge entity $(bone_right_arm) {transformation: [-0.9909f,0.0006f,-0.1349f,-0.1026f,0.1348f,0.0321f,-0.9903f,-0.4506f,0.0037f,-0.9995f,-0.0319f,0.0429f,0f,0f,0f,1f],start_interpolation: 0,interpolation_duration: 1}
$data merge entity $(bone_magazine1) {transformation: [0f,0f,0f,-0.1193f,0f,0f,0f,-0.3774f,0f,0f,0f,0.3957f,0f,0f,0f,1f],start_interpolation: 0,interpolation_duration: 1}
$data merge entity $(bone_left_arm) {transformation: [-0.8517f,0.405f,0.3327f,0.075f,-0.3419f,0.0518f,-0.9383f,-0.4658f,-0.3972f,-0.9129f,0.0943f,0.0551f,0f,0f,0f,1f],start_interpolation: 0,interpolation_duration: 1}
data modify entity @s data merge value {"cameras":{},"locators":{"barrel1":{"px":-0.07710940981916625,"py":-0.3753740427809813,"pz":0.7331741613321623,"ry":0.034088418928348574,"rx":1.8405316402422216}}}