# This file was generated by Animated Java via MC-Build. It is not recommended to edit this file directly.
$data merge entity $(bone_muzzleflash) {transformation: [0f,0f,0f,-0.2273f,0f,0f,0f,-0.7728f,0f,0f,0f,0.3803f,0f,0f,0f,1f],start_interpolation: 0,interpolation_duration: 1}
$data merge entity $(bone_slide) {transformation: [-0.9909f,0.1347f,0.0006f,-0.048f,0.1347f,0.9904f,0.0328f,-0.3196f,0.0038f,0.0326f,-0.9995f,0.5724f,0f,0f,0f,1f],start_interpolation: 0,interpolation_duration: 1}
$data merge entity $(bone_barrel) {transformation: [-0.9909f,0.1347f,0.0006f,0.0495f,0.1347f,0.9904f,0.0328f,-0.4145f,0.0038f,0.0326f,-0.9995f,0.5693f,0f,0f,0f,1f],start_interpolation: 0,interpolation_duration: 1}
$data merge entity $(bone_magazine) {transformation: [-0.9909f,0.1347f,0.0006f,-0.0658f,0.1347f,0.9904f,0.0328f,-0.4453f,0.0038f,0.0326f,-0.9995f,0.3712f,0f,0f,0f,1f],start_interpolation: 0,interpolation_duration: 1}
$data merge entity $(bone_grip) {transformation: [-0.9909f,0.1347f,0.0006f,-0.0658f,0.1347f,0.9904f,0.0328f,-0.4453f,0.0038f,0.0326f,-0.9995f,0.3712f,0f,0f,0f,1f],start_interpolation: 0,interpolation_duration: 1}
$data merge entity $(bone_trigger) {transformation: [-0.9909f,0.1347f,0.0006f,-0.0653f,0.1347f,0.9904f,0.0328f,-0.442f,0.0038f,0.0326f,-0.9995f,0.4019f,0f,0f,0f,1f],start_interpolation: 0,interpolation_duration: 1}
$data merge entity $(bone_trigger_gaurd) {transformation: [-0.9909f,0.1347f,0.0006f,-0.0614f,0.1347f,0.9904f,0.0328f,-0.4145f,0.0038f,0.0326f,-0.9995f,0.4353f,0f,0f,0f,1f],start_interpolation: 0,interpolation_duration: 1}
$data merge entity $(bone_right_arm) {transformation: [-0.9909f,0.0006f,-0.1347f,-0.1025f,0.1347f,0.0328f,-0.9904f,-0.451f,0.0038f,-0.9995f,-0.0326f,0.0428f,0f,0f,0f,1f],start_interpolation: 0,interpolation_duration: 1}
$data merge entity $(bone_magazine1) {transformation: [0f,0f,0f,-0.1193f,0f,0f,0f,-0.3779f,0f,0f,0f,0.3957f,0f,0f,0f,1f],start_interpolation: 0,interpolation_duration: 1}
$data merge entity $(bone_left_arm) {transformation: [-0.8516f,0.405f,0.3329f,0.0751f,-0.3418f,0.0525f,-0.9383f,-0.4661f,-0.3975f,-0.9128f,0.0937f,0.055f,0f,0f,0f,1f],start_interpolation: 0,interpolation_duration: 1}
data modify entity @s data merge value {"cameras":{},"locators":{"barrel1":{"px":-0.07711091740339568,"py":-0.37614128876668784,"pz":0.7331023147581903,"ry":0.03550977005792788,"rx":1.8777189557410212}}}