# This file was generated by Animated Java via MC-Build. It is not recommended to edit this file directly.
$data merge entity $(bone_muzzleflash) {transformation: [0f,0f,0f,-0.2272f,0f,0f,0f,-0.7734f,0f,0f,0f,0.38f,0f,0f,0f,1f],start_interpolation: 0,interpolation_duration: 1}
$data merge entity $(bone_slide) {transformation: [-0.9909f,0.1345f,0.0006f,-0.048f,0.1345f,0.9904f,0.0334f,-0.3202f,0.0039f,0.0332f,-0.9994f,0.5724f,0f,0f,0f,1f],start_interpolation: 0,interpolation_duration: 1}
$data merge entity $(bone_barrel) {transformation: [-0.9909f,0.1345f,0.0006f,0.0495f,0.1345f,0.9904f,0.0334f,-0.4151f,0.0039f,0.0332f,-0.9994f,0.5692f,0f,0f,0f,1f],start_interpolation: 0,interpolation_duration: 1}
$data merge entity $(bone_magazine) {transformation: [-0.9909f,0.1345f,0.0006f,-0.0658f,0.1345f,0.9904f,0.0334f,-0.4459f,0.0039f,0.0332f,-0.9994f,0.3711f,0f,0f,0f,1f],start_interpolation: 0,interpolation_duration: 1}
$data merge entity $(bone_grip) {transformation: [-0.9909f,0.1345f,0.0006f,-0.0658f,0.1345f,0.9904f,0.0334f,-0.4459f,0.0039f,0.0332f,-0.9994f,0.3711f,0f,0f,0f,1f],start_interpolation: 0,interpolation_duration: 1}
$data merge entity $(bone_trigger) {transformation: [-0.9909f,0.1345f,0.0006f,-0.0652f,0.1345f,0.9904f,0.0334f,-0.4425f,0.0039f,0.0332f,-0.9994f,0.4018f,0f,0f,0f,1f],start_interpolation: 0,interpolation_duration: 1}
$data merge entity $(bone_trigger_gaurd) {transformation: [-0.9909f,0.1345f,0.0006f,-0.0614f,0.1345f,0.9904f,0.0334f,-0.415f,0.0039f,0.0332f,-0.9994f,0.4352f,0f,0f,0f,1f],start_interpolation: 0,interpolation_duration: 1}
$data merge entity $(bone_right_arm) {transformation: [-0.9909f,0.0006f,-0.1345f,-0.1025f,0.1345f,0.0334f,-0.9904f,-0.4513f,0.0039f,-0.9994f,-0.0332f,0.0426f,0f,0f,0f,1f],start_interpolation: 0,interpolation_duration: 1}
$data merge entity $(bone_magazine1) {transformation: [0f,0f,0f,-0.1193f,0f,0f,0f,-0.3785f,0f,0f,0f,0.3956f,0f,0f,0f,1f],start_interpolation: 0,interpolation_duration: 1}
$data merge entity $(bone_left_arm) {transformation: [-0.8515f,0.405f,0.333f,0.0751f,-0.3417f,0.0531f,-0.9383f,-0.4664f,-0.3977f,-0.9128f,0.0932f,0.0549f,0f,0f,0f,1f],start_interpolation: 0,interpolation_duration: 1}
data modify entity @s data merge value {"cameras":{},"locators":{"barrel1":{"px":-0.07710988100440015,"py":-0.37687715432084823,"pz":0.7330339176184386,"ry":0.03680428347618658,"rx":1.912979326446857}}}