# This file was generated by Animated Java via MC-Build. It is not recommended to edit this file directly.
$data merge entity $(bone_muzzleflash) {transformation: [0f,0f,0f,-0.2271f,0f,0f,0f,-0.7739f,0f,0f,0f,0.3797f,0f,0f,0f,1f],start_interpolation: 0,interpolation_duration: 1}
$data merge entity $(bone_slide) {transformation: [-0.9909f,0.1343f,0.0007f,-0.048f,0.1342f,0.9904f,0.034f,-0.3208f,0.0039f,0.0337f,-0.9994f,0.5723f,0f,0f,0f,1f],start_interpolation: 0,interpolation_duration: 1}
$data merge entity $(bone_barrel) {transformation: [-0.9909f,0.1343f,0.0007f,0.0495f,0.1342f,0.9904f,0.034f,-0.4157f,0.0039f,0.0337f,-0.9994f,0.5692f,0f,0f,0f,1f],start_interpolation: 0,interpolation_duration: 1}
$data merge entity $(bone_magazine) {transformation: [-0.9909f,0.1343f,0.0007f,-0.0658f,0.1342f,0.9904f,0.034f,-0.4463f,0.0039f,0.0337f,-0.9994f,0.371f,0f,0f,0f,1f],start_interpolation: 0,interpolation_duration: 1}
$data merge entity $(bone_grip) {transformation: [-0.9909f,0.1343f,0.0007f,-0.0658f,0.1342f,0.9904f,0.034f,-0.4463f,0.0039f,0.0337f,-0.9994f,0.371f,0f,0f,0f,1f],start_interpolation: 0,interpolation_duration: 1}
$data merge entity $(bone_trigger) {transformation: [-0.9909f,0.1343f,0.0007f,-0.0652f,0.1342f,0.9904f,0.034f,-0.443f,0.0039f,0.0337f,-0.9994f,0.4017f,0f,0f,0f,1f],start_interpolation: 0,interpolation_duration: 1}
$data merge entity $(bone_trigger_gaurd) {transformation: [-0.9909f,0.1343f,0.0007f,-0.0613f,0.1342f,0.9904f,0.034f,-0.4156f,0.0039f,0.0337f,-0.9994f,0.4351f,0f,0f,0f,1f],start_interpolation: 0,interpolation_duration: 1}
$data merge entity $(bone_right_arm) {transformation: [-0.9909f,0.0007f,-0.1343f,-0.1025f,0.1342f,0.034f,-0.9904f,-0.4516f,0.0039f,-0.9994f,-0.0337f,0.0425f,0f,0f,0f,1f],start_interpolation: 0,interpolation_duration: 1}
$data merge entity $(bone_magazine1) {transformation: [0f,0f,0f,-0.1193f,0f,0f,0f,-0.379f,0f,0f,0f,0.3955f,0f,0f,0f,1f],start_interpolation: 0,interpolation_duration: 1}
$data merge entity $(bone_left_arm) {transformation: [-0.8514f,0.405f,0.3332f,0.0751f,-0.3417f,0.0537f,-0.9383f,-0.4667f,-0.3979f,-0.9127f,0.0926f,0.0548f,0f,0f,0f,1f],start_interpolation: 0,interpolation_duration: 1}
data modify entity @s data merge value {"cameras":{},"locators":{"barrel1":{"px":-0.07710624518664867,"py":-0.37757989012436205,"pz":0.732969198015947,"ry":0.03796745844451266,"rx":1.9462184346499882}}}