# This file was generated by Animated Java via MC-Build. It is not recommended to edit this file directly.
$data merge entity $(bone_muzzleflash) {transformation: [0f,0f,0f,-0.227f,0f,0f,0f,-0.7744f,0f,0f,0f,0.3794f,0f,0f,0f,1f],start_interpolation: 0,interpolation_duration: 1}
$data merge entity $(bone_slide) {transformation: [-0.991f,0.1341f,0.0007f,-0.048f,0.134f,0.9904f,0.0345f,-0.3214f,0.004f,0.0343f,-0.9994f,0.5723f,0f,0f,0f,1f],start_interpolation: 0,interpolation_duration: 1}
$data merge entity $(bone_barrel) {transformation: [-0.991f,0.1341f,0.0007f,0.0496f,0.134f,0.9904f,0.0345f,-0.4162f,0.004f,0.0343f,-0.9994f,0.5691f,0f,0f,0f,1f],start_interpolation: 0,interpolation_duration: 1}
$data merge entity $(bone_magazine) {transformation: [-0.991f,0.1341f,0.0007f,-0.0657f,0.134f,0.9904f,0.0345f,-0.4468f,0.004f,0.0343f,-0.9994f,0.3709f,0f,0f,0f,1f],start_interpolation: 0,interpolation_duration: 1}
$data merge entity $(bone_grip) {transformation: [-0.991f,0.1341f,0.0007f,-0.0657f,0.134f,0.9904f,0.0345f,-0.4468f,0.004f,0.0343f,-0.9994f,0.3709f,0f,0f,0f,1f],start_interpolation: 0,interpolation_duration: 1}
$data merge entity $(bone_trigger) {transformation: [-0.991f,0.1341f,0.0007f,-0.0652f,0.134f,0.9904f,0.0345f,-0.4435f,0.004f,0.0343f,-0.9994f,0.4016f,0f,0f,0f,1f],start_interpolation: 0,interpolation_duration: 1}
$data merge entity $(bone_trigger_gaurd) {transformation: [-0.991f,0.1341f,0.0007f,-0.0613f,0.134f,0.9904f,0.0345f,-0.4161f,0.004f,0.0343f,-0.9994f,0.435f,0f,0f,0f,1f],start_interpolation: 0,interpolation_duration: 1}
$data merge entity $(bone_right_arm) {transformation: [-0.991f,0.0007f,-0.1341f,-0.1024f,0.134f,0.0345f,-0.9904f,-0.4519f,0.004f,-0.9994f,-0.0343f,0.0424f,0f,0f,0f,1f],start_interpolation: 0,interpolation_duration: 1}
$data merge entity $(bone_magazine1) {transformation: [0f,0f,0f,-0.1193f,0f,0f,0f,-0.3795f,0f,0f,0f,0.3955f,0f,0f,0f,1f],start_interpolation: 0,interpolation_duration: 1}
$data merge entity $(bone_left_arm) {transformation: [-0.8513f,0.405f,0.3334f,0.0752f,-0.3416f,0.0543f,-0.9383f,-0.467f,-0.3981f,-0.9127f,0.0921f,0.0547f,0f,0f,0f,1f],start_interpolation: 0,interpolation_duration: 1}
data modify entity @s data merge value {"cameras":{},"locators":{"barrel1":{"px":-0.0770999571531827,"py":-0.3782477467601515,"pz":0.7329083841835438,"ry":0.038995008883063065,"rx":1.977341951303619}}}