# This file was generated by Animated Java via MC-Build. It is not recommended to edit this file directly.
$data merge entity $(bone_muzzleflash) {transformation: [0f,0f,0f,-0.2269f,0f,0f,0f,-0.7749f,0f,0f,0f,0.3792f,0f,0f,0f,1f],start_interpolation: 0,interpolation_duration: 1}
$data merge entity $(bone_slide) {transformation: [-0.991f,0.1338f,0.0007f,-0.048f,0.1338f,0.9904f,0.035f,-0.322f,0.004f,0.0348f,-0.9994f,0.5723f,0f,0f,0f,1f],start_interpolation: 0,interpolation_duration: 1}
$data merge entity $(bone_barrel) {transformation: [-0.991f,0.1338f,0.0007f,0.0496f,0.1338f,0.9904f,0.035f,-0.4167f,0.004f,0.0348f,-0.9994f,0.569f,0f,0f,0f,1f],start_interpolation: 0,interpolation_duration: 1}
$data merge entity $(bone_magazine) {transformation: [-0.991f,0.1338f,0.0007f,-0.0657f,0.1338f,0.9904f,0.035f,-0.4473f,0.004f,0.0348f,-0.9994f,0.3708f,0f,0f,0f,1f],start_interpolation: 0,interpolation_duration: 1}
$data merge entity $(bone_grip) {transformation: [-0.991f,0.1338f,0.0007f,-0.0657f,0.1338f,0.9904f,0.035f,-0.4473f,0.004f,0.0348f,-0.9994f,0.3708f,0f,0f,0f,1f],start_interpolation: 0,interpolation_duration: 1}
$data merge entity $(bone_trigger) {transformation: [-0.991f,0.1338f,0.0007f,-0.0651f,0.1338f,0.9904f,0.035f,-0.444f,0.004f,0.0348f,-0.9994f,0.4015f,0f,0f,0f,1f],start_interpolation: 0,interpolation_duration: 1}
$data merge entity $(bone_trigger_gaurd) {transformation: [-0.991f,0.1338f,0.0007f,-0.0613f,0.1338f,0.9904f,0.035f,-0.4165f,0.004f,0.0348f,-0.9994f,0.435f,0f,0f,0f,1f],start_interpolation: 0,interpolation_duration: 1}
$data merge entity $(bone_right_arm) {transformation: [-0.991f,0.0007f,-0.1338f,-0.1024f,0.1338f,0.035f,-0.9904f,-0.4522f,0.004f,-0.9994f,-0.0348f,0.0423f,0f,0f,0f,1f],start_interpolation: 0,interpolation_duration: 1}
$data merge entity $(bone_magazine1) {transformation: [0f,0f,0f,-0.1193f,0f,0f,0f,-0.38f,0f,0f,0f,0.3954f,0f,0f,0f,1f],start_interpolation: 0,interpolation_duration: 1}
$data merge entity $(bone_left_arm) {transformation: [-0.8512f,0.405f,0.3337f,0.0752f,-0.3416f,0.0549f,-0.9382f,-0.4672f,-0.3983f,-0.9127f,0.0917f,0.0546f,0f,0f,0f,1f],start_interpolation: 0,interpolation_duration: 1}
data modify entity @s data merge value {"cameras":{},"locators":{"barrel1":{"px":-0.0770909668738671,"py":-0.37887897463804304,"pz":0.7328517040626237,"ry":0.039882874235502186,"rx":2.0062555356413956}}}