# This file was generated by Animated Java via MC-Build. It is not recommended to edit this file directly.
$data merge entity $(bone_muzzleflash) {transformation: [0f,0f,0f,-0.2268f,0f,0f,0f,-0.7754f,0f,0f,0f,0.3789f,0f,0f,0f,1f],start_interpolation: 0,interpolation_duration: 1}
$data merge entity $(bone_slide) {transformation: [-0.991f,0.1336f,0.0007f,-0.048f,0.1335f,0.9904f,0.0355f,-0.3225f,0.004f,0.0352f,-0.9994f,0.5722f,0f,0f,0f,1f],start_interpolation: 0,interpolation_duration: 1}
$data merge entity $(bone_barrel) {transformation: [-0.991f,0.1336f,0.0007f,0.0496f,0.1335f,0.9904f,0.0355f,-0.4172f,0.004f,0.0352f,-0.9994f,0.5689f,0f,0f,0f,1f],start_interpolation: 0,interpolation_duration: 1}
$data merge entity $(bone_magazine) {transformation: [-0.991f,0.1336f,0.0007f,-0.0657f,0.1335f,0.9904f,0.0355f,-0.4477f,0.004f,0.0352f,-0.9994f,0.3707f,0f,0f,0f,1f],start_interpolation: 0,interpolation_duration: 1}
$data merge entity $(bone_grip) {transformation: [-0.991f,0.1336f,0.0007f,-0.0657f,0.1335f,0.9904f,0.0355f,-0.4477f,0.004f,0.0352f,-0.9994f,0.3707f,0f,0f,0f,1f],start_interpolation: 0,interpolation_duration: 1}
$data merge entity $(bone_trigger) {transformation: [-0.991f,0.1336f,0.0007f,-0.0651f,0.1335f,0.9904f,0.0355f,-0.4444f,0.004f,0.0352f,-0.9994f,0.4015f,0f,0f,0f,1f],start_interpolation: 0,interpolation_duration: 1}
$data merge entity $(bone_trigger_gaurd) {transformation: [-0.991f,0.1336f,0.0007f,-0.0613f,0.1335f,0.9904f,0.0355f,-0.417f,0.004f,0.0352f,-0.9994f,0.4349f,0f,0f,0f,1f],start_interpolation: 0,interpolation_duration: 1}
$data merge entity $(bone_right_arm) {transformation: [-0.991f,0.0007f,-0.1336f,-0.1023f,0.1335f,0.0355f,-0.9904f,-0.4525f,0.004f,-0.9994f,-0.0352f,0.0423f,0f,0f,0f,1f],start_interpolation: 0,interpolation_duration: 1}
$data merge entity $(bone_magazine1) {transformation: [0f,0f,0f,-0.1193f,0f,0f,0f,-0.3804f,0f,0f,0f,0.3953f,0f,0f,0f,1f],start_interpolation: 0,interpolation_duration: 1}
$data merge entity $(bone_left_arm) {transformation: [-0.8512f,0.405f,0.3339f,0.0753f,-0.3417f,0.0554f,-0.9382f,-0.4675f,-0.3985f,-0.9126f,0.0912f,0.0545f,0f,0f,0f,1f],start_interpolation: 0,interpolation_duration: 1}
data modify entity @s data merge value {"cameras":{},"locators":{"barrel1":{"px":-0.07707922721356622,"py":-0.37947182391602446,"pz":0.7327993848628559,"ry":0.04062723034201099,"rx":2.0328648348209373}}}