# This file was generated by Animated Java via MC-Build. It is not recommended to edit this file directly.
$data merge entity $(bone_muzzleflash) {transformation: [0f,0f,0f,-0.2267f,0f,0f,0f,-0.7758f,0f,0f,0f,0.3787f,0f,0f,0f,1f],start_interpolation: 0,interpolation_duration: 1}
$data merge entity $(bone_slide) {transformation: [-0.9911f,0.1333f,0.0007f,-0.048f,0.1333f,0.9904f,0.0359f,-0.3229f,0.0041f,0.0357f,-0.9994f,0.5722f,0f,0f,0f,1f],start_interpolation: 0,interpolation_duration: 1}
$data merge entity $(bone_barrel) {transformation: [-0.9911f,0.1333f,0.0007f,0.0496f,0.1333f,0.9904f,0.0359f,-0.4177f,0.0041f,0.0357f,-0.9994f,0.5689f,0f,0f,0f,1f],start_interpolation: 0,interpolation_duration: 1}
$data merge entity $(bone_magazine) {transformation: [-0.9911f,0.1333f,0.0007f,-0.0656f,0.1333f,0.9904f,0.0359f,-0.4481f,0.0041f,0.0357f,-0.9994f,0.3706f,0f,0f,0f,1f],start_interpolation: 0,interpolation_duration: 1}
$data merge entity $(bone_grip) {transformation: [-0.9911f,0.1333f,0.0007f,-0.0656f,0.1333f,0.9904f,0.0359f,-0.4481f,0.0041f,0.0357f,-0.9994f,0.3706f,0f,0f,0f,1f],start_interpolation: 0,interpolation_duration: 1}
$data merge entity $(bone_trigger) {transformation: [-0.9911f,0.1333f,0.0007f,-0.0651f,0.1333f,0.9904f,0.0359f,-0.4448f,0.0041f,0.0357f,-0.9994f,0.4014f,0f,0f,0f,1f],start_interpolation: 0,interpolation_duration: 1}
$data merge entity $(bone_trigger_gaurd) {transformation: [-0.9911f,0.1333f,0.0007f,-0.0612f,0.1333f,0.9904f,0.0359f,-0.4174f,0.0041f,0.0357f,-0.9994f,0.4348f,0f,0f,0f,1f],start_interpolation: 0,interpolation_duration: 1}
$data merge entity $(bone_right_arm) {transformation: [-0.9911f,0.0007f,-0.1333f,-0.1023f,0.1333f,0.0359f,-0.9904f,-0.4527f,0.0041f,-0.9994f,-0.0357f,0.0422f,0f,0f,0f,1f],start_interpolation: 0,interpolation_duration: 1}
$data merge entity $(bone_magazine1) {transformation: [0f,0f,0f,-0.1192f,0f,0f,0f,-0.3808f,0f,0f,0f,0.3953f,0f,0f,0f,1f],start_interpolation: 0,interpolation_duration: 1}
$data merge entity $(bone_left_arm) {transformation: [-0.8511f,0.405f,0.3341f,0.0753f,-0.3417f,0.0559f,-0.9381f,-0.4677f,-0.3987f,-0.9126f,0.0908f,0.0544f,0f,0f,0f,1f],start_interpolation: 0,interpolation_duration: 1}
data modify entity @s data merge value {"cameras":{},"locators":{"barrel1":{"px":-0.0770646940602732,"py":-0.38002454441799605,"pz":0.7327516526028088,"ry":0.04122450031937319,"rx":2.057075483594781}}}