# This file was generated by Animated Java via MC-Build. It is not recommended to edit this file directly.
$data merge entity $(bone_muzzleflash) {transformation: [0f,0f,0f,-0.2266f,0f,0f,0f,-0.7762f,0f,0f,0f,0.3785f,0f,0f,0f,1f],start_interpolation: 0,interpolation_duration: 1}
$data merge entity $(bone_slide) {transformation: [-0.9911f,0.1331f,0.0007f,-0.048f,0.133f,0.9904f,0.0363f,-0.3234f,0.0041f,0.036f,-0.9993f,0.5722f,0f,0f,0f,1f],start_interpolation: 0,interpolation_duration: 1}
$data merge entity $(bone_barrel) {transformation: [-0.9911f,0.1331f,0.0007f,0.0497f,0.133f,0.9904f,0.0363f,-0.4181f,0.0041f,0.036f,-0.9993f,0.5688f,0f,0f,0f,1f],start_interpolation: 0,interpolation_duration: 1}
$data merge entity $(bone_magazine) {transformation: [-0.9911f,0.1331f,0.0007f,-0.0656f,0.133f,0.9904f,0.0363f,-0.4484f,0.0041f,0.036f,-0.9993f,0.3706f,0f,0f,0f,1f],start_interpolation: 0,interpolation_duration: 1}
$data merge entity $(bone_grip) {transformation: [-0.9911f,0.1331f,0.0007f,-0.0656f,0.133f,0.9904f,0.0363f,-0.4484f,0.0041f,0.036f,-0.9993f,0.3706f,0f,0f,0f,1f],start_interpolation: 0,interpolation_duration: 1}
$data merge entity $(bone_trigger) {transformation: [-0.9911f,0.1331f,0.0007f,-0.065f,0.133f,0.9904f,0.0363f,-0.4452f,0.0041f,0.036f,-0.9993f,0.4013f,0f,0f,0f,1f],start_interpolation: 0,interpolation_duration: 1}
$data merge entity $(bone_trigger_gaurd) {transformation: [-0.9911f,0.1331f,0.0007f,-0.0612f,0.133f,0.9904f,0.0363f,-0.4178f,0.0041f,0.036f,-0.9993f,0.4348f,0f,0f,0f,1f],start_interpolation: 0,interpolation_duration: 1}
$data merge entity $(bone_right_arm) {transformation: [-0.9911f,0.0007f,-0.1331f,-0.1022f,0.133f,0.0363f,-0.9904f,-0.453f,0.0041f,-0.9993f,-0.036f,0.0421f,0f,0f,0f,1f],start_interpolation: 0,interpolation_duration: 1}
$data merge entity $(bone_magazine1) {transformation: [0f,0f,0f,-0.1192f,0f,0f,0f,-0.3812f,0f,0f,0f,0.3953f,0f,0f,0f,1f],start_interpolation: 0,interpolation_duration: 1}
$data merge entity $(bone_left_arm) {transformation: [-0.851f,0.405f,0.3344f,0.0754f,-0.3418f,0.0563f,-0.9381f,-0.4679f,-0.3988f,-0.9126f,0.0905f,0.0543f,0f,0f,0f,1f],start_interpolation: 0,interpolation_duration: 1}
data modify entity @s data merge value {"cameras":{},"locators":{"barrel1":{"px":-0.07704732645322483,"py":-0.38053538554815464,"pz":0.7327087316314744,"ry":0.041671365446035225,"rx":2.0787931040100913}}}