# This file was generated by Animated Java via MC-Build. It is not recommended to edit this file directly.
$data merge entity $(bone_muzzleflash) {transformation: [0f,0f,0f,-0.2264f,0f,0f,0f,-0.7766f,0f,0f,0f,0.3783f,0f,0f,0f,1f],start_interpolation: 0,interpolation_duration: 1}
$data merge entity $(bone_slide) {transformation: [-0.9911f,0.1328f,0.0007f,-0.048f,0.1327f,0.9905f,0.0366f,-0.3238f,0.0041f,0.0364f,-0.9993f,0.5722f,0f,0f,0f,1f],start_interpolation: 0,interpolation_duration: 1}
$data merge entity $(bone_barrel) {transformation: [-0.9911f,0.1328f,0.0007f,0.0497f,0.1327f,0.9905f,0.0366f,-0.4185f,0.0041f,0.0364f,-0.9993f,0.5688f,0f,0f,0f,1f],start_interpolation: 0,interpolation_duration: 1}
$data merge entity $(bone_magazine) {transformation: [-0.9911f,0.1328f,0.0007f,-0.0655f,0.1327f,0.9905f,0.0366f,-0.4488f,0.0041f,0.0364f,-0.9993f,0.3705f,0f,0f,0f,1f],start_interpolation: 0,interpolation_duration: 1}
$data merge entity $(bone_grip) {transformation: [-0.9911f,0.1328f,0.0007f,-0.0655f,0.1327f,0.9905f,0.0366f,-0.4488f,0.0041f,0.0364f,-0.9993f,0.3705f,0f,0f,0f,1f],start_interpolation: 0,interpolation_duration: 1}
$data merge entity $(bone_trigger) {transformation: [-0.9911f,0.1328f,0.0007f,-0.065f,0.1327f,0.9905f,0.0366f,-0.4456f,0.0041f,0.0364f,-0.9993f,0.4013f,0f,0f,0f,1f],start_interpolation: 0,interpolation_duration: 1}
$data merge entity $(bone_trigger_gaurd) {transformation: [-0.9911f,0.1328f,0.0007f,-0.0612f,0.1327f,0.9905f,0.0366f,-0.4182f,0.0041f,0.0364f,-0.9993f,0.4347f,0f,0f,0f,1f],start_interpolation: 0,interpolation_duration: 1}
$data merge entity $(bone_right_arm) {transformation: [-0.9911f,0.0007f,-0.1328f,-0.1022f,0.1327f,0.0366f,-0.9905f,-0.4532f,0.0041f,-0.9993f,-0.0364f,0.042f,0f,0f,0f,1f],start_interpolation: 0,interpolation_duration: 1}
$data merge entity $(bone_magazine1) {transformation: [0f,0f,0f,-0.1192f,0f,0f,0f,-0.3816f,0f,0f,0f,0.3952f,0f,0f,0f,1f],start_interpolation: 0,interpolation_duration: 1}
$data merge entity $(bone_left_arm) {transformation: [-0.8509f,0.405f,0.3346f,0.0754f,-0.3419f,0.0568f,-0.938f,-0.4681f,-0.3989f,-0.9125f,0.0902f,0.0543f,0f,0f,0f,1f],start_interpolation: 0,interpolation_duration: 1}
data modify entity @s data merge value {"cameras":{},"locators":{"barrel1":{"px":-0.07702708671103278,"py":-0.38100259620216537,"pz":0.7326708441306635,"ry":0.04196477604972415,"rx":2.097923305138446}}}