# This file was generated by Animated Java via MC-Build. It is not recommended to edit this file directly.
$data merge entity $(bone_muzzleflash) {transformation: [-0.6087f,0.7934f,0f,-0.0969f,0.7922f,0.608f,0f,-0.3516f,-0.0429f,-0.03f,0f,0.5313f,0f,0f,0f,1f],start_interpolation: -1,interpolation_duration: 0}
$data merge entity $(bone_slide) {transformation: [-0.9967f,0.0808f,-0.0103f,-0.07f,0.081f,0.9965f,-0.0222f,-0.2844f,0.0085f,-0.023f,-0.9997f,0.5083f,0f,0f,0f,1f],start_interpolation: 0,interpolation_duration: 1}
$data merge entity $(bone_barrel) {transformation: [-0.9967f,0.0808f,-0.0103f,0.0326f,0.081f,0.9965f,-0.0222f,-0.3735f,0.0085f,-0.023f,-0.9997f,0.528f,0f,0f,0f,1f],start_interpolation: 0,interpolation_duration: 1}
$data merge entity $(bone_magazine) {transformation: [-0.9967f,0.0808f,-0.0103f,-0.0826f,0.081f,0.9965f,-0.0222f,-0.4214f,0.0085f,-0.023f,-0.9997f,0.3332f,0f,0f,0f,1f],start_interpolation: 0,interpolation_duration: 1}
$data merge entity $(bone_grip) {transformation: [-0.9967f,0.0808f,-0.0103f,-0.0826f,0.081f,0.9965f,-0.0222f,-0.4214f,0.0085f,-0.023f,-0.9997f,0.3332f,0f,0f,0f,1f],start_interpolation: 0,interpolation_duration: 1}
$data merge entity $(bone_trigger) {transformation: [-0.9967f,0.0808f,-0.0103f,-0.082f,0.081f,0.9965f,-0.0222f,-0.4163f,0.0085f,-0.023f,-0.9997f,0.3638f,0f,0f,0f,1f],start_interpolation: 0,interpolation_duration: 1}
$data merge entity $(bone_trigger_gaurd) {transformation: [-0.9967f,0.0808f,-0.0103f,-0.0793f,0.081f,0.9965f,-0.0222f,-0.3868f,0.0085f,-0.023f,-0.9997f,0.3955f,0f,0f,0f,1f],start_interpolation: 0,interpolation_duration: 1}
$data merge entity $(bone_right_arm) {transformation: [-0.9967f,-0.0015f,-0.0815f,-0.119f,0.081f,0.0864f,-0.993f,-0.4086f,0.0085f,-0.9963f,-0.086f,-0.0036f,0f,0f,0f,1f],start_interpolation: 0,interpolation_duration: 1}
$data merge entity $(bone_magazine1) {transformation: [0f,0f,0f,-0.1395f,0f,0f,0f,-0.3557f,0f,0f,0f,0.3526f,0f,0f,0f,1f],start_interpolation: 0,interpolation_duration: 1}
$data merge entity $(bone_left_arm) {transformation: [-0.8322f,0.4013f,0.3827f,0.0592f,-0.365f,0.123f,-0.9228f,-0.4149f,-0.4174f,-0.9077f,0.0441f,0.0083f,0f,0f,0f,1f],start_interpolation: 0,interpolation_duration: 1}
$execute on vehicle unless entity @s[tag=aj.transforms_only] as $(locator_barrel1) positioned ^-0.0943650719 ^-0.3330965512 ^0.6909719915 rotated ~359.4081278078 ~-1.2737447326 run function animated_java:glock/animations/shoot/zzz/frames/2_locator_barrel1
data modify entity @s data merge value {"cameras":{},"locators":{"barrel1":{"px":-0.09436507189436148,"py":-0.3330965511788528,"pz":0.6909719914810108,"ry":359.40812780777736,"rx":-1.273744732555564}}}