# This file was generated by Animated Java via MC-Build. It is not recommended to edit this file directly.
$data merge entity $(bone_muzzleflash) {transformation: [-0.6087f,0.7934f,0f,-0.0938f,0.7922f,0.608f,0f,-0.3516f,-0.0429f,-0.03f,0f,0.5344f,0f,0f,0f,1f],start_interpolation: 0,interpolation_duration: 1}
$data merge entity $(bone_slide) {transformation: [-0.9962f,0.0874f,-0.0057f,-0.0665f,0.0876f,0.9943f,-0.0604f,-0.2776f,0.0004f,-0.0606f,-0.9982f,0.5176f,0f,0f,0f,1f],start_interpolation: 0,interpolation_duration: 1}
$data merge entity $(bone_barrel) {transformation: [-0.9962f,0.0874f,-0.0057f,0.0354f,0.0876f,0.9943f,-0.0604f,-0.3677f,0.0004f,-0.0606f,-0.9982f,0.5225f,0f,0f,0f,1f],start_interpolation: 0,interpolation_duration: 1}
$data merge entity $(bone_magazine) {transformation: [-0.9962f,0.0874f,-0.0057f,-0.0793f,0.0876f,0.9943f,-0.0604f,-0.4222f,0.0004f,-0.0606f,-0.9982f,0.3291f,0f,0f,0f,1f],start_interpolation: 0,interpolation_duration: 1}
$data merge entity $(bone_grip) {transformation: [-0.9962f,0.0874f,-0.0057f,-0.0793f,0.0876f,0.9943f,-0.0604f,-0.4222f,0.0004f,-0.0606f,-0.9982f,0.3291f,0f,0f,0f,1f],start_interpolation: 0,interpolation_duration: 1}
$data merge entity $(bone_trigger) {transformation: [-0.9962f,0.0874f,-0.0057f,-0.0788f,0.0876f,0.9943f,-0.0604f,-0.416f,0.0004f,-0.0606f,-0.9982f,0.3594f,0f,0f,0f,1f],start_interpolation: 0,interpolation_duration: 1}
$data merge entity $(bone_trigger_gaurd) {transformation: [-0.9962f,0.0874f,-0.0057f,-0.076f,0.0876f,0.9943f,-0.0604f,-0.3854f,0.0004f,-0.0606f,-0.9982f,0.39f,0f,0f,0f,1f],start_interpolation: 0,interpolation_duration: 1}
$data merge entity $(bone_right_arm) {transformation: [-0.9962f,-0.0009f,-0.0876f,-0.1156f,0.0876f,-0.0061f,-0.9961f,-0.4413f,0.0004f,-1f,0.0061f,-0.0031f,0f,0f,0f,1f],start_interpolation: 0,interpolation_duration: 1}
$data merge entity $(bone_magazine1) {transformation: [0f,0f,0f,-0.1359f,0f,0f,0f,-0.3555f,0f,0f,0f,0.3467f,0f,0f,0f,1f],start_interpolation: 0,interpolation_duration: 1}
$data merge entity $(bone_left_arm) {transformation: [-0.8344f,0.402f,0.377f,0.0625f,-0.3969f,0.0361f,-0.9171f,-0.4475f,-0.3824f,-0.9149f,0.1294f,0.0094f,0f,0f,0f,1f],start_interpolation: 0,interpolation_duration: 1}
data modify entity @s data merge value {"cameras":{},"locators":{"barrel1":{"px":-0.09216110208473173,"py":-0.32028385680984117,"pz":0.6831307801090227,"ry":359.6723367138693,"rx":-3.4601819415567716}}}
execute on vehicle unless entity @s[tag=aj.transforms_only] at @s run function animated_java:glock/animations/shoot/zzz/frames/3_root_function