# This file was generated by Animated Java via MC-Build. It is not recommended to edit this file directly.
$data merge entity $(bone_muzzleflash) {transformation: [-0.6087f,0.7934f,0f,-0.0906f,0.7922f,0.608f,0f,-0.3516f,-0.0429f,-0.03f,0f,0.5375f,0f,0f,0f,1f],start_interpolation: 0,interpolation_duration: 1}
$data merge entity $(bone_slide) {transformation: [-0.9962f,0.0876f,-0.0009f,-0.0642f,0.0876f,0.9961f,-0.0061f,-0.2985f,0.0004f,-0.0061f,-1f,0.524f,0f,0f,0f,1f],start_interpolation: 0,interpolation_duration: 1}
$data merge entity $(bone_barrel) {transformation: [-0.9962f,0.0876f,-0.0009f,0.0376f,0.0876f,0.9961f,-0.0061f,-0.3887f,0.0004f,-0.0061f,-1f,0.5245f,0f,0f,0f,1f],start_interpolation: 0,interpolation_duration: 1}
$data merge entity $(bone_magazine) {transformation: [-0.9962f,0.0876f,-0.0009f,-0.0761f,0.0876f,0.9961f,-0.0061f,-0.4326f,0.0004f,-0.0061f,-1f,0.3279f,0f,0f,0f,1f],start_interpolation: 0,interpolation_duration: 1}
$data merge entity $(bone_grip) {transformation: [-0.9962f,0.0876f,-0.0009f,-0.0761f,0.0876f,0.9961f,-0.0061f,-0.4326f,0.0004f,-0.0061f,-1f,0.3279f,0f,0f,0f,1f],start_interpolation: 0,interpolation_duration: 1}
$data merge entity $(bone_trigger) {transformation: [-0.9962f,0.0876f,-0.0009f,-0.0757f,0.0876f,0.9961f,-0.0061f,-0.4281f,0.0004f,-0.0061f,-1f,0.3585f,0f,0f,0f,1f],start_interpolation: 0,interpolation_duration: 1}
$data merge entity $(bone_trigger_gaurd) {transformation: [-0.9962f,0.0876f,-0.0009f,-0.0731f,0.0876f,0.9961f,-0.0061f,-0.3991f,0.0004f,-0.0061f,-1f,0.3908f,0f,0f,0f,1f],start_interpolation: 0,interpolation_duration: 1}
$data merge entity $(bone_right_arm) {transformation: [-0.9962f,-0.0009f,-0.0876f,-0.1125f,0.0876f,-0.0061f,-0.9961f,-0.4527f,0.0004f,-1f,0.0061f,0f,0f,0f,0f,1f],start_interpolation: 0,interpolation_duration: 1}
$data merge entity $(bone_magazine1) {transformation: [0f,0f,0f,-0.1327f,0f,0f,0f,-0.3669f,0f,0f,0f,0.3498f,0f,0f,0f,1f],start_interpolation: 0,interpolation_duration: 1}
$data merge entity $(bone_left_arm) {transformation: [-0.8344f,0.402f,0.377f,0.0656f,-0.3969f,0.0361f,-0.9171f,-0.459f,-0.3824f,-0.9149f,0.1294f,0.0125f,0f,0f,0f,1f],start_interpolation: 0,interpolation_duration: 1}
data modify entity @s data merge value {"cameras":{},"locators":{"barrel1":{"px":-0.09064698424185155,"py":-0.3500360979153328,"pz":0.6868702124957757,"ry":359.946406688955,"rx":-0.34720714881170406}}}