# This file was generated by Animated Java via MC-Build. It is not recommended to edit this file directly.
$data merge entity $(bone_muzzleflash) {transformation: [-0.6087f,0.7934f,0f,-0.0781f,0.7922f,0.608f,0f,-0.3516f,-0.0429f,-0.03f,0f,0.55f,0f,0f,0f,1f],start_interpolation: 0,interpolation_duration: 1}
$data merge entity $(bone_slide) {transformation: [-0.9962f,0.0876f,-0.0009f,-0.0517f,0.0876f,0.9961f,-0.0061f,-0.3001f,0.0004f,-0.0061f,-1f,0.5365f,0f,0f,0f,1f],start_interpolation: 0,interpolation_duration: 1}
$data merge entity $(bone_barrel) {transformation: [-0.9962f,0.0876f,-0.0009f,0.0501f,0.0876f,0.9961f,-0.0061f,-0.3903f,0.0004f,-0.0061f,-1f,0.537f,0f,0f,0f,1f],start_interpolation: 0,interpolation_duration: 1}
$data merge entity $(bone_magazine) {transformation: [-0.9962f,0.0876f,-0.0009f,-0.0636f,0.0876f,0.9961f,-0.0061f,-0.4343f,0.0004f,-0.0061f,-1f,0.3404f,0f,0f,0f,1f],start_interpolation: 0,interpolation_duration: 1}
$data merge entity $(bone_grip) {transformation: [-0.9962f,0.0876f,-0.0009f,-0.0636f,0.0876f,0.9961f,-0.0061f,-0.4343f,0.0004f,-0.0061f,-1f,0.3404f,0f,0f,0f,1f],start_interpolation: 0,interpolation_duration: 1}
$data merge entity $(bone_trigger) {transformation: [-0.9962f,0.0876f,-0.0009f,-0.0632f,0.0876f,0.9961f,-0.0061f,-0.4297f,0.0004f,-0.0061f,-1f,0.371f,0f,0f,0f,1f],start_interpolation: 0,interpolation_duration: 1}
$data merge entity $(bone_trigger_gaurd) {transformation: [-0.9962f,0.0876f,-0.0009f,-0.0606f,0.0876f,0.9961f,-0.0061f,-0.4007f,0.0004f,-0.0061f,-1f,0.4033f,0f,0f,0f,1f],start_interpolation: 0,interpolation_duration: 1}
$data merge entity $(bone_right_arm) {transformation: [-0.9962f,-0.0009f,-0.0876f,-0.1f,0.0876f,-0.0061f,-0.9961f,-0.4544f,0.0004f,-1f,0.0061f,0.0125f,0f,0f,0f,1f],start_interpolation: 0,interpolation_duration: 1}
$data merge entity $(bone_magazine1) {transformation: [0f,0f,0f,-0.1202f,0f,0f,0f,-0.3686f,0f,0f,0f,0.3623f,0f,0f,0f,1f],start_interpolation: 0,interpolation_duration: 1}
$data merge entity $(bone_left_arm) {transformation: [-0.8344f,0.402f,0.377f,0.0781f,-0.3969f,0.0361f,-0.9171f,-0.4606f,-0.3824f,-0.9149f,0.1294f,0.025f,0f,0f,0f,1f],start_interpolation: 0,interpolation_duration: 1}
data modify entity @s data merge value {"cameras":{},"locators":{"barrel1":{"px":-0.07814698424185156,"py":-0.3516695079153328,"pz":0.6993702124957757,"ry":359.946406688955,"rx":-0.34720714881170406}}}