# This file was generated by Animated Java via MC-Build. It is not recommended to edit this file directly.
$data merge entity $(bone_muzzleflash) {transformation: [-0.6087f,0.7934f,0f,-0.075f,0.7922f,0.608f,0f,-0.3516f,-0.0429f,-0.03f,0f,0.5531f,0f,0f,0f,1f],start_interpolation: 0,interpolation_duration: 1}
$data merge entity $(bone_slide) {transformation: [-0.9962f,0.0876f,-0.0009f,-0.0486f,0.0876f,0.9961f,-0.0061f,-0.2971f,0.0004f,-0.0061f,-1f,0.5397f,0f,0f,0f,1f],start_interpolation: 0,interpolation_duration: 1}
$data merge entity $(bone_barrel) {transformation: [-0.9962f,0.0876f,-0.0009f,0.0533f,0.0876f,0.9961f,-0.0061f,-0.3873f,0.0004f,-0.0061f,-1f,0.5401f,0f,0f,0f,1f],start_interpolation: 0,interpolation_duration: 1}
$data merge entity $(bone_magazine) {transformation: [-0.9962f,0.0876f,-0.0009f,-0.0605f,0.0876f,0.9961f,-0.0061f,-0.4312f,0.0004f,-0.0061f,-1f,0.3435f,0f,0f,0f,1f],start_interpolation: 0,interpolation_duration: 1}
$data merge entity $(bone_grip) {transformation: [-0.9962f,0.0876f,-0.0009f,-0.0605f,0.0876f,0.9961f,-0.0061f,-0.4312f,0.0004f,-0.0061f,-1f,0.3435f,0f,0f,0f,1f],start_interpolation: 0,interpolation_duration: 1}
$data merge entity $(bone_trigger) {transformation: [-0.9962f,0.0876f,-0.0009f,-0.0601f,0.0876f,0.9961f,-0.0061f,-0.4267f,0.0004f,-0.0061f,-1f,0.3741f,0f,0f,0f,1f],start_interpolation: 0,interpolation_duration: 1}
$data merge entity $(bone_trigger_gaurd) {transformation: [-0.9962f,0.0876f,-0.0009f,-0.0575f,0.0876f,0.9961f,-0.0061f,-0.3977f,0.0004f,-0.0061f,-1f,0.4064f,0f,0f,0f,1f],start_interpolation: 0,interpolation_duration: 1}
$data merge entity $(bone_right_arm) {transformation: [-0.9962f,-0.0009f,-0.0876f,-0.0969f,0.0876f,-0.0061f,-0.9961f,-0.4513f,0.0004f,-1f,0.0061f,0.0156f,0f,0f,0f,1f],start_interpolation: 0,interpolation_duration: 1}
$data merge entity $(bone_magazine1) {transformation: [0f,0f,0f,-0.1171f,0f,0f,0f,-0.3655f,0f,0f,0f,0.3654f,0f,0f,0f,1f],start_interpolation: 0,interpolation_duration: 1}
$data merge entity $(bone_left_arm) {transformation: [-0.8344f,0.402f,0.377f,0.0813f,-0.3969f,0.0361f,-0.9171f,-0.4576f,-0.3824f,-0.9149f,0.1294f,0.0281f,0f,0f,0f,1f],start_interpolation: 0,interpolation_duration: 1}
data modify entity @s data merge value {"cameras":{},"locators":{"barrel1":{"px":-0.07502198424185155,"py":-0.3486567260403328,"pz":0.7024952124957757,"ry":359.946406688955,"rx":-0.34720714881170406}}}